4.0074752,10.459532,18.379591,10.516950,18.798576,-4.01428523833834,17.5954693544484
4.0449424,10.507816,18.359976,10.576041,18.779136,-4.05304101345916,17.2714931969599
4.0789296,10.459532,18.399206,10.566192,18.749976,-3.94306170069052,17.4311158482622
4.1186848,10.459532,18.467859,10.516950,18.749976,-3.50388806407795,17.6515289663193
4.1486784,10.527129,18.409014,10.585889,18.740256,-3.68994847836945,17.2130932616148
4.1799968,10.546443,18.389399,10.566192,18.701377,-3.47464802250232,17.1310148033657
4.2287232,10.527129,18.389399,10.546495,18.681937,-3.40207784523792,17.2008455529804
4.2616192,10.536786,18.203055,10.497253,18.584738,-3.52181563732309,16.8951463194634
4.2924224,10.594727,18.222670,10.546495,18.604178,-3.48544183572967,16.68280974313
4.3349904,10.652668,18.242285,10.566192,18.643057,-3.41180701209118,16.572978828209
4.3636784,10.807177,18.222670,10.664677,18.594458,-3.09235162467064,15.8473285330854
4.3952704,10.845804,18.114787,10.684374,18.526418,-3.17190922493575,15.448940294832
4.4249456,10.778206,18.134402,10.664677,18.545858,-3.35045186720009,15.7213343472693
4.46368,10.758893,18.134402,10.635132,18.429219,-2.87969696897128,15.673353698644
4.4953136,10.758893,18.154017,10.674526,18.506979,-3.24168683740097,15.7168844452689
4.5287568,10.797520,18.173632,10.595738,18.565298,-2.94789596286814,15.9290580384552
4.5637232,10.739579,18.203055,10.644980,18.526418,-3.09296522746929,15.9369717142602
4.5974352,10.691295,18.183440,10.605586,18.497259,-3.0925271845832,16.0843112930202
4.6312864,10.749236,18.203055,10.556344,18.575018,-2.90818376682929,16.2031136978215
4.6699728,10.749236,18.173632,10.615435,18.594458,-3.30966379906516,16.0420047107623
4.7237568,10.768550,18.144209,10.654829,18.536138,-3.27734728085104,15.7697634384667
4.7512928,10.826491,18.114787,10.654829,18.594458,-3.38667709273955,15.6681927468801
4.7813168,10.807177,18.104979,10.694222,18.594458,-3.64134274376119,15.6043846643956
4.8324864,10.826491,18.134402,10.723768,18.594458,-3.56816949059979,15.5263788886602
4.8627024,10.826491,18.036326,10.733616,18.594458,-3.97171577490903,15.3599642579747
4.8936656,10.797520,17.899020,10.684374,18.506979,-4.09131130962313,15.2258536139786
4.933728,10.797520,17.859790,10.723768,18.545858,-4.52923077516725,15.1278269634099
4.9663152,10.807177,17.948058,10.812404,18.652777,-4.88074540727288,15.1698943504243
4.9962864,10.816834,18.046133,10.782859,18.681937,-4.47457495998242,15.4034570770598
5.0400336,10.778206,17.997096,10.773010,18.633337,-4.58890483914101,15.3813855192186
5.07748,10.768550,17.889212,10.713919,18.623617,-4.7783596768859,15.3802885414204
5.1149504,10.729922,17.889212,10.812404,18.604178,-5.21556424046584,15.2039481409359
5.1524976,10.807177,17.869597,10.861647,18.604178,-5.17882893355583,14.8634795480459
5.1887024,10.826491,17.810752,10.832101,18.545858,-5.00491249565105,14.7170990534069
5.2400272,10.952029,17.742099,10.910889,18.584738,-5.22276537200224,14.1718354622648
5.28376,10.913402,17.751906,10.891192,18.565298,-5.18782140337291,14.3004709185972
5.3350064,10.961686,17.663638,10.960132,18.477819,-5.27075138057424,13.7539501701016
5.3712832,11.174136,17.604793,11.019222,18.409779,-4.65861848951055,12.9042535372068
5.4325152,11.193449,17.389026,11.107859,18.390340,-5.65414473450687,12.2900189736474
5.4650384,11.261047,17.271335,11.275283,18.176502,-5.67356465592236,11.2201797931291
5.4975184,11.290017,17.173259,11.442707,18.118182,-6.33613656705853,10.5095548820091
5.5349824,11.396242,17.075183,11.560889,18.040423,-6.45302922405148,9.7032209614231
5.573752,11.367272,17.055568,11.580586,17.982104,-6.49656358945964,9.60412887488669
5.6075264,11.444526,17.026146,11.659374,18.011263,-6.70901333807972,9.23397073924069
5.6487184,11.512124,17.055568,11.639677,18.030703,-6.33995996028724,9.19697662820382
5.6794384,11.492810,17.006530,11.639677,18.001544,-6.49277486325459,9.120700038616
5.719984,11.608692,16.928070,11.728313,17.952944,-6.49684491563318,8.44043742366981
5.7637088,11.599035,16.937877,11.708616,17.894625,-6.21146925351381,8.43314694198214
5.7912672,11.734231,16.986915,11.787404,17.865465,-5.69633250080889,7.96354244583636
5.8212928,11.656976,17.045761,11.787404,17.894625,-5.87208861870199,8.28214795150198
5.8537328,11.685947,16.996723,11.856344,17.914064,-6.26951226040912,8.00723904196447
5.9050256,11.647319,17.035953,11.826798,17.982104,-6.40706651193247,8.33435248665852
5.9350192,11.628006,17.173259,11.718465,17.962664,-5.49794674809976,8.81669526016584
5.9887728,11.473497,17.192874,11.757859,18.020983,-6.36167113242812,9.20786684019035
6.0263008,11.618349,17.408641,11.895738,18.351460,-6.69754806369166,9.38779849944302
6.0574512,11.714917,17.428256,11.954828,18.273701,-6.19848919185715,8.93859029981456
6.0900016,11.628006,17.065376,12.013919,17.904344,-6.76519471418503,7.8680903319347
6.1287008,11.811485,16.712303,12.082859,17.612747,-6.59834815525302,6.25993577191299
6.1599312,11.937024,16.535767,12.230586,17.408629,-6.58630934848181,5.01486529451686
6.191272,12.052905,16.329808,12.407859,17.039273,-6.22562705739605,3.39642952799928
6.2299568,12.458491,16.329808,12.752556,16.844875,-5.24105737254942,1.38471339899827
6.261304,12.622657,17.140293,13.008616,16.485238,-1.25755400683141,1.215051986363
6.2924864,12.912361,16.643887,13.215434,15.647268,0.329552747147225,-2.13722697788445
6.3249792,13.182752,16.445324,13.363162,15.442346,0.806947080928884,-3.74313048134919
6.3637344,13.288977,16.276546,13.530586,15.247182,0.682477669761732,-4.9728249461624
6.3957504,13.366231,15.958846,13.560131,14.905645,0.978450940398852,-6.39606685175096
6.4265136,13.491770,15.670930,13.698010,14.554350,1.19197871074206,-8.13742637105525
6.4674352,13.781474,15.253949,13.826040,14.124990,1.8790509561136,-10.6208493901763
6.4974576,13.878042,15.075242,13.983616,13.900551,1.83166526984067,-11.9298963767978
6.5275824,14.283628,15.194380,14.269222,14.037166,2.14897454608603,-12.8255743762927
6.5613232,14.621617,15.551792,14.525283,14.310395,2.66731816708461,-12.7826689825793
6.6040048,14.631273,15.085170,14.623768,14.173781,1.15916779943105,-14.1569212113563
6.6399168,14.689214,14.896536,14.761646,13.968859,0.934393580205905,-15.3090421800015
6.6700096,14.920978,14.588764,14.929071,13.783453,0.723745213608049,-17.058153514743
6.7224544,15.490730,14.072501,15.726798,13.178445,0.195714465721863,-21.8984551814535
6.7515392,16.050824,13.476814,16.110889,12.631986,0.675016773771365,-26.0064149744538
6.7828096,16.427440,13.039976,16.329761,12.261174,1.02768659943465,-28.8048060556888
6.8224784,16.444870,12.801701,16.622579,12.163592,-0.523126239248442,-30.080482531321
6.8537776,16.665795,12.563426,16.954440,11.939154,-0.990551694279162,-32.0475817809304
6.8837696,16.819482,12.086876,17.139892,11.636650,-1.75348414997292,-34.3938752161493
6.9362592,17.222909,11.650038,17.725530,11.451244,-3.37385634862588,-37.4303857522566
6.9765104,17.318963,11.242985,18.086673,11.187772,-4.90782054564312,-39.7390277112059
7.0063488,17.808840,10.974925,18.887044,10.865752,-5.82471972378252,-43.0950651637606
7.0424496,17.943316,10.826003,19.013932,10.787686,-6.05648046899489,-44.0285918977049
7.0793536,17.876078,10.260100,19.199384,10.690104,-8.78250741300088,-45.844990176517
7.108768,17.731996,10.150891,19.082256,10.592522,-8.98081980274703,-45.9948029851312
7.1399344,17.722391,10.240244,19.033453,10.758412,-9.09781680392594,-45.2672147526131
7.1912704,17.683969,10.210459,19.092017,10.738895,-9.50353645018381,-45.420066129595
7.2212912,17.655153,10.488447,19.082256,10.982850,-9.38752070405936,-44.0627595996816
7.2637392,17.789629,10.379238,19.150580,10.885268,-9.1852014717963,-44.8670375609753
7.3226112,17.837656,9.932472,19.296990,10.397359,-9.49030553868244,-47.5025086196851
7.3649552,18.221873,9.495634,19.599569,9.870416,-8.87523730453353,-50.9543086858119
7.405,18.558062,9.098509,20.214488,9.519121,-10.0761817298917,-54.2003246793386
7.4462624,19.307285,8.641815,21.083184,8.845805,-9.64673208954249,-59.2753009793044
7.4792592,19.537815,8.304259,21.580975,8.318863,-9.956187804209,-62.5263991422501
7.5113584,19.672291,7.996487,21.629779,7.889502,-9.24626938266562,-64.8295428284296
7.5487072,19.931637,7.897206,21.922597,7.704096,-9.0152558917685,-66.2541114634357
7.5887168,20.190984,7.857493,22.176373,7.645547,-8.87538201741078,-67.0850695465645
7.6224992,20.373486,7.907134,22.186134,7.577240,-7.77128474574329,-67.3410687813784
7.6699648,20.565595,8.036199,22.147092,7.733371,-6.97431953045456,-66.685002849063
7.7012512,20.536779,7.907134,22.108049,7.655305,-7.14833961502321,-67.2058942778128
7.732504,20.536779,8.046127,21.912837,7.723613,-6.15852392120532,-66.4067140938397
7.7824944,20.690465,8.294331,21.903076,8.006600,-5.64064039834177,-65.0582382790799
7.8137552,20.815336,8.244690,22.234937,7.899260,-6.16944903067098,-65.9824464917764
7.8437232,20.882574,8.056056,22.469192,7.674822,-6.65767983367513,-67.4590620727879
7.8874864,21.045866,7.787996,22.713208,7.460141,-7.15535445156859,-69.2467339138091
7.9349792,20.940206,7.361087,22.830335,7.050297,-8.11757782521643,-71.6900327040295
7.9663344,20.623227,7.371015,22.527756,7.362559,-9.33241699605966,-70.1308412237605
8.017504,20.469541,8.115624,21.942118,8.318863,-8.40618915331606,-64.4889495362459
8.0474848,20.094929,8.453181,21.493130,8.806773,-8.68550750882819,-61.2927930346574
8.07876,19.653080,8.820521,20.907493,9.284924,-8.58380206314997,-57.7994157918054
8.1212272,19.374523,9.168006,20.468265,9.587428,-7.83133107552646,-55.1889626790081
8.151296,18.865436,9.455922,19.960712,9.967998,-8.21482005146145,-52.1362380178545
8.1812784,18.538852,9.763694,19.589808,10.260744,-8.00384256327414,-49.6550195501962
8.2132608,18.606090,10.021825,19.550766,10.533973,-7.61268755787589,-48.3398043043138
8.2524912,18.510035,10.011897,19.375075,10.621797,-7.69750176036714,-47.7718806923216
8.2824896,18.173846,10.210459,19.052974,10.533973,-6.73211839383516,-46.5770202572457
8.3137376,18.010554,10.647297,18.682071,10.953576,-5.87221724166294,-43.6782882308171
8.3549328,17.866472,11.242985,18.184279,11.431727,-4.10818588371873,-40.1305911778233
8.3849872,17.559099,11.640110,17.461993,11.763506,-2.33813940537109,-36.8328977461683
8.416296,17.117250,12.255654,16.564016,12.368514,-0.605520613762551,-31.873164244064
8.4474928,17.001985,12.881126,16.366949,12.788117,0.429107863489777,-29.0322881246786
8.488744,16.944352,13.069760,15.963161,12.671018,2.85329956100396,-28.0951707940807
8.5437936,16.915536,13.317964,15.569222,12.631986,5.28890261552178,-26.913267189507
8.5899472,16.569741,13.804442,15.066949,13.002797,6.29584779706368,-23.5848064562196
8.619992,16.550530,14.022861,14.889677,13.188203,6.97098660388951,-22.3846903857259
8.6512944,16.521714,14.201567,14.791192,13.051588,8.4075726214011,-22.0669239774352
8.6824912,16.483292,14.410058,14.525283,13.100379,9.84859149493194,-20.979208824404
8.7337504,16.707488,15.124883,14.111646,13.461432,13.2820438587616,-18.4493534456866
8.763216,16.514351,15.531936,13.658616,13.559014,15.3990918230488,-16.245905535667
8.7937056,16.350186,15.561721,13.560131,13.461432,15.7246103917073,-15.880655357484
8.8449872,16.466067,15.720571,13.382859,13.402883,17.587106677916,-15.5669551625051
8.8749936,16.514351,15.958846,13.235131,13.363850,19.2883271881496,-14.9881698864046
8.906288,16.562635,16.226905,13.018465,13.324818,21.360639696282,-14.2211744401595
8.94624,16.620576,16.435396,12.919980,13.471191,22.0317616755937,-13.4626136549509
8.9774576,16.485381,16.633958,12.742707,13.598047,22.4407712652089,-12.2397759177742
9.0074656,16.495038,16.713383,12.673768,13.432158,23.6837064462095,-12.2872887065042
9.041296,16.485381,16.753096,12.575283,13.373609,24.4236745518093,-12.1112521922099
9.0787344,16.543322,16.693527,12.762404,13.402883,23.5326496023113,-12.6471182810505
9.1087008,16.601263,16.584318,12.713162,13.334576,23.848365605547,-13.0011819731089
9.1424896,16.387238,16.346043,13.107101,12.973522,22.2483933379676,-14.5033059871259
9.1850528,16.579346,16.068055,13.392707,12.827150,21.398287422334,-16.2499215414119
9.2224896,16.848298,15.849636,13.894980,12.710051,20.0029178077116,-18.3621249085387
9.2612752,17.001985,15.502152,14.200283,12.534404,18.8448787223334,-20.2566784096059
9.302496,17.309358,15.323446,14.741949,12.290449,18.0808049976155,-22.6429333199567
9.3324928,17.549494,15.253949,15.273768,12.134318,17.159135097522,-24.4547515473624
9.3637648,17.904894,14.966033,15.716949,11.909879,16.5260496718742,-26.8763523581112
9.3966128,18.097002,14.767470,16.081343,11.704957,15.8864103439446,-28.6486856385282
9.4349936,18.356349,14.608620,16.494980,11.548826,15.222866878573,-30.4097852709324
9.4762656,18.365954,14.191639,16.564016,11.314629,14.5206215044991,-31.9403310736718
9.5063312,18.164240,14.003004,16.485931,11.324387,13.4864075300026,-31.8844459128326
9.5612944,17.904894,13.943436,16.349282,11.363420,12.7919865985652,-31.2897376438381
9.588776,17.530283,13.953364,16.317707,11.490277,11.1807555300876,-30.323578628822
9.6187488,17.357385,13.973220,16.081343,11.587859,11.1948146506745,-29.3858103162942
9.6599376,17.194093,13.923579,16.022252,11.656166,10.4233642108383,-28.9711764490626
9.690016,17.021196,13.993076,15.805586,11.753748,10.5294387702716,-27.9440406494108
9.7213008,17.107644,14.022861,15.825283,11.783022,10.7414356462318,-27.9966711280035
9.7524896,17.270936,13.804442,15.973010,11.480518,11.1566023308541,-29.6666977888954
9.8050848,17.415018,13.317964,16.032101,11.109707,11.1932672227841,-31.9307733510416
9.8437152,17.780024,12.881126,16.504828,10.709621,10.6526376356963,-35.2291668616141
9.89152,18.193057,12.632923,16.476170,10.475424,12.2771013787298,-36.9751244819236
9.924944,18.730960,11.779104,17.042286,9.899691,11.2051201278334,-42.1316485161237
9.9562944,19.105571,11.262841,17.374147,9.450813,11.1726761092913,-45.5900555697891
9.9875024,19.422550,10.905428,17.637684,9.040969,11.6187027531435,-48.3882300835295
10.0275072,19.720318,10.488447,17.862178,8.709191,11.6285035088426,-51.0766376004469
10.056272,19.797161,10.458663,17.959785,8.670158,11.5589268176495,-51.4956052349525
10.087504,19.893216,10.438806,17.969545,8.679916,11.7510974791187,-51.6647980645527
10.127432,19.710713,10.756506,17.842657,8.923871,11.7580092446589,-49.7645343030983
10.1612432,19.316890,11.401835,17.549838,9.343473,12.1347850787907,-46.0648511081773
10.1887472,18.913463,11.739391,17.188695,9.870416,11.2408067312772,-42.7916706371874
10.2212992,18.615695,11.918098,17.032525,10.172920,10.2393064389066,-40.9317977644662
10.2599632,18.154635,12.285438,16.515212,10.475424,10.7628300173991,-37.8038826279408
10.2912432,17.318963,12.900982,16.101040,10.758412,10.5055073622918,-33.6586041006038
10.3212928,16.694611,13.447029,15.579071,11.217047,10.4802905072293,-29.4003869149797
10.3649456,16.755772,13.804442,15.303313,11.568342,11.663981201862,-27.4365824390954
10.402512,15.529357,14.539123,14.525283,12.661260,8.65683043823969,-19.847624214286
10.4349904,15.336221,15.194380,14.121495,13.315059,9.31515319021993,-16.0294484055818
10.4862656,14.563676,16.167336,13.589677,13.646838,10.8107042157451,-10.8983362325095
10.515008,14.245001,17.050940,13.028313,13.744420,14.6233566431955,-7.25008464044113
10.5467008,14.080835,17.378568,12.742707,13.968859,15.4297259040938,-5.29890034850982
10.5787424,14.042208,16.790764,12.713162,14.183539,12.5212348030339,-5.83332359685833
10.617512,13.607652,17.516524,12.141950,14.290879,15.4057299132019,-2.16618288243393
10.6487504,13.588338,17.977480,11.787404,14.486043,17.5693256032663,-0.194668453073453
10.6787936,13.569024,18.811124,11.432859,14.808063,20.4327427122566,2.5934751286492
10.718688,13.366231,19.183812,11.186647,14.973953,21.3208476878846,4.48552281597075
10.750024,12.854421,20.243031,10.319980,15.461863,24.65887788497,10.0965563738865
10.7824928,12.303982,20.429375,9.748768,15.364281,26.279580027437,12.9151582940781
10.8124896,11.821142,20.694179,9.305586,15.549686,26.6660853171942,15.8744331400835
10.8524944,11.261047,21.027637,8.921495,15.822916,26.3976536261934,19.1521375849763
10.8849984,10.778206,21.645514,8.507859,16.796275,24.46026372146,23.6638633653211
10.9141952,10.247082,22.469351,8.094223,17.729386,23.2511720067745,28.4002968374645
10.9537104,9.667673,23.136266,7.788920,18.419499,21.9564181950872,32.3902114626969
10.9849952,9.300715,23.499146,7.493465,18.769416,21.7211911893806,35.0048608778426
11.0163072,9.030324,23.489339,7.385132,18.944374,20.5322262245534,36.236874635657
11.0475584,8.991697,23.332417,7.434374,18.720816,20.5976498433688,35.7932462505199
11.0974272,8.972383,23.097035,7.394980,18.283421,21.719585142385,35.2138199827312
11.1287648,8.817874,23.175496,7.266950,18.584738,20.7461068355889,36.4360964501155
11.1587312,8.721306,23.195111,7.257102,18.954094,19.0087430156847,37.1616859263485
11.2112624,8.653708,22.920499,7.316192,19.099893,17.0165300637523,37.0467211305086
11.2400112,8.933756,22.381082,7.887405,18.788856,15.0766310830379,33.7007494137305
11.2713072,9.194490,21.851473,8.153314,18.730536,13.314268225571,31.5580237871976
11.3112352,9.522821,21.331672,8.379829,18.720816,11.7823356658267,29.4050499157179
11.3413312,9.735271,20.821678,8.694980,18.652777,9.7581325819029,27.2662765470595
11.372496,10.169827,20.233223,9.197253,18.419499,8.15631062010707,23.7287851122688
11.4150304,10.710609,19.693806,9.660132,18.079303,7.68240067129847,19.9554932328046
11.4537456,11.193449,19.105352,10.162404,17.836305,6.30115291936785,16.313290221754
11.4850048,11.425213,18.732664,10.418465,17.583588,5.78432420997492,14.2033328110142
11.5187504,11.705260,18.301130,10.664677,17.418349,4.92768548705657,12.0338276360023
11.5662928,11.753544,17.840174,10.871495,17.262831,3.2325056095668,10.4766574828884
11.6012992,11.840456,17.722483,10.910889,17.350310,2.63314080603732,10.1271357084703
11.6387584,11.917710,17.820559,10.940435,17.428069,2.8628904347441,10.1444198014808
11.678832,11.879083,18.085364,10.920738,17.505828,3.46137745938653,10.8087628746654
11.7113184,11.811485,18.301130,10.832101,17.534988,4.22146257560456,11.5529073031145
11.7574752,11.685947,18.271708,10.782859,17.496108,3.99995518904006,11.8686886918254
11.8000048,11.695603,18.301130,10.674526,17.515548,4.481456751601,12.180035392373
11.8304624,11.705260,18.359976,10.546495,17.486389,5.33275025257858,12.5107723012315
11.859952,11.666633,18.418821,10.507101,17.544708,5.33246510550982,12.875547643675
11.9012944,11.492810,18.487474,10.379071,17.729386,4.73568835615556,13.987691114641
11.931288,11.434870,18.487474,10.369223,17.816865,4.22821300185415,14.2827652490439
11.9624976,11.396242,18.526705,10.231344,17.972384,4.16272771851916,15.0019546615283
11.9937296,11.309331,18.585550,10.251041,18.108462,3.46545044033855,15.4510012945252
