4.0132912,15.715387,16.898647,15.544091,17.816865,-3.08377090112057,3.21228979600467
4.0445808,15.686425,16.839802,15.603184,17.758546,-3.37807671392239,2.96532375948424
4.0748784,15.696079,16.879032,15.583486,17.787706,-3.24622502976225,3.09584590356432
4.1169728,15.782965,16.908455,15.593335,17.826585,-3.01839284651306,3.03220197228144
4.145808,15.840888,16.849609,15.652429,17.680787,-2.74026585719797,2.48449157813617
4.1770448,15.811926,16.771149,15.613033,17.661347,-2.90531087658746,2.44659101307485
4.2083328,15.782965,16.702495,15.593335,17.583588,-2.91258235112159,2.29234382795725
4.2483072,15.918120,16.682880,15.711523,17.573868,-2.88159124406235,1.78606533619559
4.2807904,15.956735,16.761341,15.652429,17.583588,-2.33289605518209,1.96921269479243
4.3095856,16.014659,16.712303,15.760767,17.544708,-2.52947921062131,1.52478081200809
4.3520832,15.966389,16.722111,15.711523,17.515548,-2.40165126798145,1.66755706961911
4.3808368,15.995351,16.810379,15.760767,17.515548,-2.1744595364014,1.67376213626521
4.412064,16.024313,16.790764,15.701674,17.534988,-2.01455648835683,1.72749883596931
4.4420336,16.024313,16.810379,15.701674,17.466949,-1.7280514569146,1.64715320671707
4.4920272,15.879504,16.800571,15.603184,17.515548,-2.07604125447677,2.14958596258801
4.5233376,15.937427,16.771149,15.563788,17.593308,-2.10699447171702,2.19619522813446
4.5558272,15.966389,16.859417,15.603184,17.622467,-1.94330499463385,2.26694805285922
4.6108512,15.976043,16.908455,15.524393,17.564148,-1.30230794554581,2.37635272835975
4.6457968,16.014659,16.908455,15.593335,17.466949,-1.08278663792071,2.02178565279103
4.6769312,15.985697,16.869224,15.553939,17.437789,-1.0825265359155,2.0316589756652
4.7269728,16.062928,16.928070,15.514544,17.408629,-0.409935555216196,2.01265555462351
4.7570624,16.062928,17.006530,15.553939,17.496108,-0.569153893267391,2.21601648876305
4.788376,16.120852,16.957492,15.504695,17.389190,-0.0273722603055435,1.94263346883687
4.8307824,16.120852,16.820186,15.524393,17.321150,-0.318441661313571,1.56593054393211
4.8595792,16.130506,16.800571,15.632731,17.272551,-0.547884853986322,1.24023055533489
4.89152,16.178776,16.800571,15.642580,17.243391,-0.325784622403698,1.08741033250517
4.92324,16.130506,16.849609,15.672127,17.282271,-0.548266540393785,1.26775308171456
4.9632816,16.227045,16.722111,15.829710,17.253111,-1.07096109302792,0.552622399804662
4.993256,16.275315,16.633842,15.928199,17.136472,-1.14304746897589,-0.0521225795292168
5.0249232,16.246353,16.565189,15.947897,17.048993,-1.24247808228993,-0.299738203622822
5.0645408,16.275315,16.584805,15.997142,17.087872,-1.37104940957787,-0.338912984685762
5.0957888,16.381508,16.506344,16.184272,16.961514,-1.47838099162737,-1.20214680045726
5.127032,16.342892,16.398461,16.233516,16.961514,-2.12234667773867,-1.40475039524708
5.1584096,16.352546,16.486729,16.292610,17.097592,-2.43365915823527,-1.14291453185679
5.2019984,16.284969,16.437691,16.430495,17.155912,-3.45285896446378,-1.24977233060354
5.2407616,16.304277,17.040100,16.528985,17.126752,-1.63882122963376,-0.490396326781448
5.2682896,16.198083,16.831818,16.607776,17.243391,-3.29122318172421,-0.595858808858327
5.3182576,16.207737,16.802063,16.476170,17.311430,-3.15367309836099,-0.319679833635937
5.3507584,16.111198,16.702881,16.603058,17.398909,-4.48175484781932,-0.392108419728177
5.3795872,16.005005,16.653290,16.671382,17.437789,-5.33732027199208,-0.344016816611157
5.421992,16.062928,16.772309,16.720186,17.389190,-4.75329599961861,-0.41223693209245
5.4507984,15.966389,16.821900,16.671382,17.175352,-4.07164548088704,-0.433673512807526
5.4807936,15.860196,16.821900,16.710425,17.107312,-4.32996073336565,-0.430468630223039
5.5108208,15.744349,16.980591,16.632340,17.146192,-4.06264865412855,0.240516975796336
5.5620512,15.763657,17.119446,16.671382,17.418349,-4.53332665967061,0.819787151997423
5.5932896,15.831234,16.931000,16.778749,17.476669,-5.45643092578667,0.298454469608056
5.6232992,15.831234,16.881409,16.876355,17.904344,-7.26646749748155,0.750646005492456
5.677064,15.821580,16.216889,17.042286,17.914064,-10.0621171533937,-0.603381877797795
5.7057808,15.734695,15.889588,16.993483,17.534988,-10.1373309371457,-1.55939537109885
5.7370064,15.898812,16.276398,17.003244,17.603027,-8.51400990867827,-1.09105772537061
5.7869856,15.918120,16.792145,16.915398,17.554428,-6.30321712337883,-0.191936594411633
5.8182544,15.811926,16.811981,16.729946,17.515548,-5.88284916272594,0.284728586969415
5.86952,15.570578,16.683045,16.534734,17.457229,-6.31385371686384,0.74241564501792
5.9095776,15.300268,16.921082,16.489589,17.311430,-5.8127504414256,1.45821411266143
5.944584,15.367846,16.673073,16.332006,16.951794,-4.7518846691572,0.599910208835786
5.98208,15.367846,17.183067,16.243365,16.514398,-1.31842890517408,0.882186776007747
6.0219968,15.541616,17.604793,16.115329,15.503576,4.47348514113525,-0.204689963780516
6.0520192,15.840888,17.830367,16.115329,15.171675,7.31377975944689,-0.924093533724087
6.0845408,15.869850,17.908827,16.105480,15.103342,7.92852717433446,-0.940680457486154
6.1271008,16.033967,17.761714,16.174423,14.908106,8.42113295770296,-1.94869007085997
6.1546032,16.362200,17.173259,16.519136,14.654299,7.27003838589826,-4.61596527160911
6.1857808,16.671126,17.026146,16.476170,14.302874,9.16617488867674,-5.97436511792996
6.2182992,16.435265,17.163452,16.622579,14.039306,9.26174916830758,-6.05046098187111
6.267016,16.560135,17.241912,16.739707,13.629310,10.9496296943222,-7.07393531951875
6.2970464,16.733033,17.918635,16.583537,12.955745,16.6100848024416,-7.09669717622597
6.3283296,16.531319,17.732291,16.622579,12.906936,15.4337755807993,-7.25327140986097
6.3782928,16.622856,17.771521,16.739707,12.858127,15.595069806845,-7.62808385487118
6.4095824,16.569741,18.438437,16.847074,12.653129,17.8528930246991,-6.86869538421042
6.4395456,16.781060,18.987661,16.739707,12.379799,21.5524387926693,-6.54256246517955
6.4795888,16.685006,18.781702,16.729946,12.018612,22.0173433451463,-7.4011994818363
6.5307664,16.483292,19.174005,16.876355,12.272419,21.1105453018701,-6.12502900669535
6.5633088,16.603548,19.546693,17.003244,12.389561,21.688268817936,-5.66508041282798
6.6019904,16.140160,19.733037,16.808031,12.418846,21.4706134025351,-4.15394290792414
6.6333008,15.618848,20.223416,16.671382,12.623844,21.1279280492139,-1.78460608340102
6.663328,14.798264,20.664756,16.489589,12.936222,19.5102908481299,1.30432871964578
6.6945808,14.392799,21.576861,15.898652,13.424312,21.4066777616835,5.46361980604953
6.7345472,14.180413,21.890704,15.583486,13.629310,22.1114250529382,7.29194814011765
6.7658128,14.276952,22.106470,15.238773,13.473121,24.8819612353728,7.86002779771524
6.7970304,14.498992,22.479158,14.815269,13.648833,27.5339735147321,9.10998873661298
6.8370016,14.856188,22.557619,15.002399,13.883117,27.2163647832423,8.55835074390652
6.8670224,14.817572,22.067240,15.002399,13.629310,26.6397495960138,7.46587262362568
6.8970272,14.721033,22.204546,15.041795,13.785499,26.0319594427163,8.03704168411946
6.929592,14.334875,22.724348,14.923607,13.970973,26.1685492774597,10.0949570394123
6.9708016,14.527954,22.812616,14.963003,13.746452,27.6585176831394,9.43982000017649
6.9995696,14.585878,23.175496,14.874363,14.010020,28.2043600805202,10.4548793822924
7.0308,14.556916,23.263764,14.677384,13.970973,29.2429722378459,10.9619373753141
7.0757856,14.450723,23.224534,14.687233,13.980735,28.7610666040584,11.1028736506975
7.1057888,15.058920,23.126458,14.844816,14.107638,29.1407850327677,9.68746062280073
7.1546192,15.242345,22.891076,14.667535,13.609786,31.4983188414516,8.5545265949757
7.214568,16.062928,22.135893,14.637988,12.740986,35.0881751645919,4.49997697547735
7.2457888,15.927773,22.969537,14.263728,13.365741,36.0365445784035,7.76846079112101
7.2758176,15.396807,22.812616,14.086447,13.541454,34.1636526890291,9.13760678200965
7.3270256,14.807918,22.498773,14.007656,13.678119,31.4160549645267,10.1526291181506
7.3586768,13.726678,22.920499,14.165239,14.966677,24.1024117515443,14.5630309791196
7.390944,13.234328,23.322610,14.155390,15.630480,21.4636717517909,17.1104041742663
7.439552,12.587515,23.234342,13.958411,15.493815,20.4939729873236,18.5165568695651
7.4708032,12.626130,23.342225,13.987958,15.445006,21.001596067747,18.4593232666524
7.5120816,13.243982,23.518761,14.214484,15.200960,23.4037607865762,16.6394004330974
7.5532608,13.494984,22.979345,14.017505,14.634776,25.3700747900684,14.9227784327107
7.583304,13.929410,22.881269,13.978109,14.215018,28.068684351663,13.3552531434049
7.6132896,14.479684,22.577234,13.978109,13.639072,30.9673133710044,10.9163178182624
7.6483424,14.653455,22.449735,13.948562,13.316932,32.4557565255538,9.92944858258006
7.6882624,14.721033,23.204919,13.712188,13.443836,35.194250004234,11.6311468243403
7.7195456,14.489338,23.518761,13.495511,13.668357,35.391612545786,13.3372902477703
7.747056,14.470030,23.705105,13.603849,14.078353,33.8618509220704,14.0479324527822
7.8020096,14.508646,23.911064,14.066749,14.722632,30.3893736373437,14.3013928543921
7.838256,13.871487,23.352032,13.869771,15.220484,25.9206218512318,15.8605281416072
7.8720048,13.504638,23.548184,13.653094,15.435244,25.4374502450261,17.6231208640219
7.9220368,13.050903,23.950295,13.426568,15.737860,25.0099173815527,20.0018455655108
7.9520016,11.515929,25.156627,12.520466,17.447509,21.1489524147855,29.0038024201155
7.982056,10.174033,26.617956,11.309046,18.108462,23.4812733599618,37.2610651268097
8.0332464,9.034869,28.491203,10.215814,19.177652,25.6781280055644,45.6519581157548
8.0632896,8.194978,29.677919,9.142279,19.683087,28.7352254038685,51.9751828669694
8.0970624,8.050169,29.972147,8.817264,19.770566,30.0317761320786,53.5049430358793
8.1469968,8.976946,29.354269,8.964998,19.294291,32.1132779553024,49.8088822078764
8.1759504,10.376765,27.481022,9.654424,17.525268,34.9130626623599,41.0177550042608
8.2095904,11.757277,26.716031,10.117324,16.553278,38.5925333533273,34.6806459615152
8.2407888,12.153088,26.588533,10.314303,16.339440,39.3858056785772,32.9082750348374
8.2782976,12.587515,27.216218,9.890799,15.708574,46.3871315101821,32.8794712603878
8.3120528,12.162742,27.471215,9.585481,15.942858,46.2328274955507,35.1444377631133
8.3395504,12.104818,27.481022,9.457445,16.592157,44.0168759105937,36.3389676529954
8.3995808,11.960009,28.128322,9.575633,16.990673,43.287990940646,37.5753253548192
8.4420256,11.564198,27.098527,9.743065,16.456079,40.969010644388,36.3420233973201
8.4835376,12.124126,26.774877,10.225663,15.884287,41.958807219107,32.8551262211041
8.512048,13.137788,25.882387,10.777203,15.357149,42.1851971474046,27.5530349509667
8.5433264,13.726678,25.539122,10.934786,14.986201,43.6884168259593,24.9835557247313
8.5732784,14.653455,25.313548,11.230255,14.371207,46.8007559703117,21.2355711093265
8.624592,15.483693,24.960475,11.318895,13.902640,49.5563475899866,18.1783852524481
8.6558352,16.120852,24.832977,11.427233,13.980735,50.0844009183303,16.5932337622907
8.6857888,16.169122,25.029128,11.299197,13.834308,51.8009564159074,16.824546456977
8.727328,16.246353,24.882014,11.131765,13.531692,53.5480792050623,16.3622960397518
8.757,16.429778,24.509327,11.200708,13.463359,53.0772762045289,15.2123696869002
8.7882512,16.719395,24.577980,11.377989,13.668357,52.3994028306209,14.6796997689157
8.8196032,16.790665,24.470096,11.634061,13.434074,52.2206273586615,13.532906738567
8.8710768,17.011590,23.744336,11.703004,12.604320,54.1005242730803,10.6164669795293
8.9022992,17.011590,24.028755,11.801493,12.926460,53.0653918561872,11.3537411342001
8.9396384,17.309358,24.126831,11.890134,12.721462,54.5171236374462,10.4425199865759
8.9820464,17.251726,24.646633,11.959076,12.555511,56.0367563784259,10.9579133898105
9.0120432,17.174882,24.882014,12.096961,12.487179,56.1318878949838,11.0923054388156
9.0482928,17.261331,25.352778,12.156055,12.535988,57.0162137910732,11.5889378571311
9.0932432,17.376596,24.921245,12.500768,12.887413,53.454399700852,10.5987722199086
9.1232688,17.674364,23.253957,13.259136,12.028374,50.5066514776474,4.72764413980796
9.1545536,17.645548,22.469351,13.761432,12.653129,43.950888283473,3.60712036985447
9.1960768,17.520677,22.243776,14.007656,13.209552,39.9228454726963,3.92069126717505
9.2274032,17.415018,20.713794,14.795571,12.877651,33.7679757662299,-0.367196235043822
9.257024,17.511072,20.458797,15.396356,13.443836,28.9522794264078,-1.06134031447258
9.2870704,17.847261,19.762459,16.046387,13.697643,24.6505464606264,-3.4932887564989
9.3382576,18.241084,18.516897,16.469891,13.199790,22.4693623701953,-7.89814080001203
9.3695936,19.019122,17.408641,16.554255,12.575035,23.47025530559,-12.4796617314561
9.3996048,19.585842,17.016338,16.856834,12.360275,23.6590690047834,-14.998015509419
9.4523056,20.210194,16.810379,17.120371,12.028374,25.1231948787387,-17.3896315797872
9.480808,20.344670,17.094799,16.505452,11.227906,31.6103735305622,-17.6756062325193
9.512048,20.152562,17.359603,16.361553,11.237668,32.3285356815578,-16.6206606774792
9.5520096,19.595448,18.605165,15.396356,11.550045,36.7678762102956,-11.2229856377839
9.5832896,18.663722,21.008022,13.377324,11.501236,48.9832317510672,-1.93259433221073
9.6146256,17.808840,22.538004,11.653759,11.384095,58.4887543213492,5.26110674838351
9.6496096,17.347780,24.411251,9.969590,11.471951,68.9669182657558,12.691398383156
9.6958576,16.329605,26.990643,8.246026,11.423142,80.6580726726238,22.2851896002363
9.7261408,15.445077,30.903867,6.226993,10.974099,98.6671529182163,33.4871028363069
9.7595984,15.551270,31.649242,5.734546,10.368867,105.719651807235,34.5759766899774
9.8070144,15.889158,31.100018,5.793639,9.978395,107.053407091329,32.470875238361
9.837,15.908466,30.384065,6.000467,9.792921,105.720944428182,30.783674499561
9.8670544,16.632510,29.393500,6.719440,9.929586,100.844966094272,26.2905072671032
9.91076,16.729049,29.285616,7.339923,10.964337,92.6415880092931,25.9199688789234
9.9407664,15.976043,30.795983,7.231585,11.608616,91.5336481183825,30.5948864318063
9.9695648,15.551270,30.599832,6.916419,11.579331,91.9840770534241,32.000256200564
10.0008384,15.464385,30.285989,6.906570,11.628140,91.0244973358385,31.8974150958221
10.0421056,14.836880,30.030992,7.133095,12.428608,84.4025455678115,33.4943176223288
10.0707712,14.730686,29.295424,7.517204,12.867889,78.8298653594731,32.4883893871123
10.1008464,15.000996,28.412742,8.068745,13.414550,72.5284295267908,30.1905675948721
10.1483136,15.223037,27.971401,8.551343,13.385265,70.0297537096536,28.0150935941931
10.1832736,16.082236,26.215845,9.910497,13.072887,63.4227138226322,20.4591073700099
10.213312,16.487701,25.411624,10.501433,12.623844,61.8756500253166,16.606751698863
10.2524048,16.752244,23.832604,11.328744,11.872185,58.3713255398563,10.86601562098
10.294624,17.693575,22.753770,12.402278,11.559807,54.7793384188328,4.70557697159461
10.3357504,17.943316,21.704360,12.943970,11.081479,52.48564827811,0.639669950047046
10.38328,18.048975,22.233969,13.288683,11.452427,51.1143982947924,1.35831305068642
10.4170672,18.586879,21.164943,14.056901,11.218144,47.566169120028,-3.21651286948556
10.448312,18.471614,20.654949,14.342520,11.442666,43.8647515220196,-4.01786025985807
10.4832752,18.317927,20.664756,14.372067,12.155277,40.5301615835609,-2.53319278412254
10.5182736,17.991343,20.909946,14.342520,12.760509,38.0666227170881,-0.450978802848195
10.5507824,17.405412,21.066867,14.214484,13.082649,36.1536791002933,1.62517508489334
10.5796112,17.136461,20.988406,14.076598,13.248600,35.091138755383,2.50758062452879
10.619568,16.733033,21.174750,13.928864,13.443836,34.3064528932237,4.15011985141804
10.6597216,16.709742,21.508208,13.800828,13.756213,34.457929212818,5.47980042739505
10.6924992,16.294623,22.312429,13.613698,14.605490,33.0213197806247,9.19830403170855
10.73328,15.966389,22.459543,13.318230,14.917868,32.4610753885162,11.0801490984323
10.7646,15.754003,22.949922,13.131100,15.503576,31.7408769059625,13.4392015580795
10.7945776,15.609194,23.018575,12.865179,15.630480,32.0474104852774,14.520824362828
10.8370864,15.454731,22.979345,12.894726,15.815954,30.719181090361,14.9757174681046
10.877008,15.184421,22.930307,12.638653,15.552385,31.7698800897236,15.5676732996194
10.9070208,15.174767,23.106843,12.333336,14.956915,35.6576896503528,15.5920534502588
10.9407616,15.126497,22.420313,12.284091,15.083819,33.3153949901429,14.9662897162384
10.9946512,15.377500,22.145701,12.303789,15.269293,32.4598155781037,14.2866833979311
11.0307952,15.425769,22.096663,12.205300,15.269293,32.835853063969,14.3147877294695
11.0620512,15.271306,22.557619,12.185602,15.347388,33.4707885410978,15.4634054693079
11.1107584,15.377500,23.234342,12.333336,15.249769,35.4383386709648,15.7940949581729
11.1407632,15.367846,22.714540,12.510617,15.005724,34.2391325279434,14.3439755140803
11.1707712,15.367846,22.106470,12.806085,15.122866,30.96466164349,13.0243756991099
11.222096,15.531962,21.537631,13.072006,15.386435,27.8179260737555,11.7150960104964
11.254592,15.560924,21.361094,13.140949,15.347388,27.2817082597913,11.1947767107852
11.2857904,15.589886,21.292441,13.318230,15.425482,26.2165423281172,10.8070485627884
11.3232624,15.763657,21.125713,13.416719,15.200960,26.705120563188,9.67700373349459
11.3545744,15.763657,20.841293,13.633396,15.181437,25.1478724617781,8.78636499916309
11.3846416,15.889158,20.851100,13.722037,15.200960,25.1417796766921,8.42269922901359
11.4157968,16.024313,20.743217,13.781130,15.054533,25.5435902921946,7.65346672413273
11.4570208,16.101544,20.713794,13.810677,15.035010,25.6451228280369,7.37392794028705
11.4957888,16.101544,20.703987,13.790979,14.917868,26.1237351498888,7.2099850255474
11.5270432,16.159468,20.488220,13.948562,14.790965,25.5515633212824,6.25621450557695
11.582104,16.062928,20.468605,13.820526,14.995963,24.9274678893236,6.97679623674012
11.6207728,15.995351,20.507835,13.987958,15.562147,22.157098899831,7.7453755253963
11.6508208,15.831234,20.272453,14.017505,15.630480,20.6239286634299,7.73725150392724
11.7007536,15.551270,19.929188,14.017505,15.786669,18.1912538277629,7.9745444743821
11.7308176,15.445077,19.938996,13.978109,16.349160,16.0280052881448,9.15027545983864
11.762032,15.329230,20.066494,14.056901,16.640757,14.7565968092343,9.86821776931518
11.8133152,15.165113,19.919381,14.125843,16.689356,13.3931834524866,9.89955456341309
11.8445664,15.078228,19.733037,14.125843,16.786555,12.210523325363,9.92954047881415
11.8746144,15.087882,19.713422,14.125843,16.883754,11.8409703401796,10.0303908371135
11.9157856,14.856188,19.850728,14.027354,17.097592,11.147241761163,11.206163018701
11.947072,14.778956,19.752652,14.165239,17.272551,9.52065749256579,11.2050912492635
11.9770384,14.730686,19.595731,14.204635,17.330870,8.5415193392872,11.0725695946183

