0.0312512,10.964293,17.732291,12.393141,17.223951,-7.61576119352103,16.4025215041919
0.0836224,10.993264,17.487102,12.343896,17.117032,-7.86212131684512,15.8953647607292
0.1136064,11.041548,17.506717,12.334047,17.087872,-7.4610253703438,15.7899618000916
0.1436448,10.993264,17.614600,12.402990,17.087872,-7.48862861414108,15.9123004505275
0.1836144,11.060862,17.575370,12.471933,17.087872,-7.63407147517697,15.5308847921086
0.2136288,11.147775,17.604793,12.501480,17.107312,-7.37449879257469,15.3370804728438
0.2449008,11.157432,17.487102,12.481782,17.107312,-7.70987954116656,15.1737410096841
0.287456,11.167089,17.408641,12.471933,16.980954,-7.47080673386182,14.8475090218273
0.3362816,11.186403,17.457679,12.550725,16.932354,-7.32313102264848,14.6201560688672
0.3673712,11.254002,17.438064,12.501480,16.971234,-7.10392365199095,14.6084285974923
0.4174336,11.196060,17.398833,12.570423,17.010113,-7.86628075128208,14.5823606569732
0.4486176,11.186403,17.389026,12.540876,17.068433,-8.04517911391598,14.7508841799839
0.4899728,11.225031,17.418449,12.462084,17.029553,-7.35681705841291,14.829044156949
0.5386432,11.254002,17.447871,12.540876,17.029553,-7.42516774353785,14.6261067161994
0.5699456,11.263659,17.339988,12.531027,16.990673,-7.61769091277665,14.3914770690108
0.6010976,11.292630,17.261527,12.580272,16.932354,-7.7718268485107,13.9902255481266
0.6324176,11.379543,17.271335,12.649215,16.844875,-7.33786987110715,13.5051214344525
0.6711536,11.485769,17.163452,12.678762,16.805995,-7.30987676389819,12.9548089541598
0.7023888,11.620967,17.104606,12.767404,16.786555,-7.27554077189257,12.3158066544719
0.732448,11.678909,16.937877,12.816649,16.747676,-7.72412912805117,11.7343604781441
0.7748864,11.833421,16.859417,12.826498,16.621317,-7.00953862056125,11.0230166834686
0.8036448,11.794793,16.741726,12.905290,16.533838,-7.56884548198654,10.5898305581132
0.8337136,11.823764,16.712303,12.865894,16.533838,-7.42563311725614,10.5640468724491
0.8774928,12.045874,16.692688,12.954535,16.504678,-6.87908256930359,9.7840031121576
0.9335824,12.045874,16.741726,12.924988,16.504678,-6.58594117419811,9.9325110768696
0.9686176,12.065188,16.673073,12.993931,16.465799,-6.88211433660977,9.55435939126162
1.0073968,12.036217,16.702495,12.974233,16.426919,-6.66498499573747,9.6470690585259
1.0386592,12.045874,16.614227,12.934837,16.494958,-7.06684237990793,9.67942640159696
1.0699424,11.978275,16.673073,12.993931,16.465799,-7.20993289202494,9.74853265980743
1.0998992,12.036217,16.643650,12.964384,16.504678,-7.13653699817573,9.70097635154841
1.1399168,12.036217,16.673073,12.974233,16.562998,-7.27563015280956,9.82666535641854
1.1698672,12.074845,16.565189,12.934837,16.582437,-7.46387497287766,9.67949968297363
1.2023536,12.036217,16.555382,13.092421,16.504678,-7.93932632986675,9.2662859902355
1.2436352,12.055531,16.535767,13.003780,16.494958,-7.58021392431183,9.37116104132904
1.2724432,12.045874,16.486729,13.013629,16.504678,-7.87437698360405,9.30411525918799
1.3024048,12.094159,16.584805,13.082572,16.553278,-7.75075051120409,9.29119003350467
1.3348464,12.094159,16.574997,13.072723,16.504678,-7.57411713923439,9.21439057543521
1.383616,12.065188,16.584805,13.062874,16.582437,-7.8946723809244,9.44859732913457
1.4148656,12.065188,16.535767,13.043176,16.562998,-7.9370949712552,9.37687653540248
1.4449392,11.978275,16.467114,13.023478,16.543558,-8.38414813750594,9.46578928866383
1.4861264,11.910677,16.476921,13.043176,16.631037,-8.99571954842735,9.737467511449
1.5161024,11.901020,16.594612,12.954535,16.669917,-8.40311402243568,10.2213293190339
1.5498944,11.862392,16.771149,12.984082,16.805995,-8.48397947786589,10.7633514091301
1.6073472,11.823764,16.790764,12.984082,16.805995,-8.55585304949762,10.8825818826074
1.638656,11.736851,16.702495,12.856045,16.776836,-8.64784084422909,11.1722125006476
1.6699648,11.746508,16.771149,12.836347,16.835155,-8.4912328331407,11.4055842508345
1.7052016,11.727194,16.731918,12.806800,16.767116,-8.35713081885804,11.3384071201425
1.7511072,11.746508,16.839802,12.836347,16.815715,-8.16012167188267,11.4869792478665
1.7811488,11.746508,16.820186,12.846196,16.805995,-8.23487122184573,11.416195988356
1.8161744,11.727194,16.829994,12.816649,16.912914,-8.55287141385551,11.7194643292
1.8536864,11.765822,16.771149,12.856045,16.815715,-8.41891395172305,11.2851640993727
1.8923984,11.765822,16.741726,12.796951,16.767116,-8.1370736573574,11.2894628306021
1.9261824,11.756165,16.790764,12.787102,16.874035,-8.34240969852562,11.5919366784253
1.9636624,11.736851,16.869224,12.806800,16.874035,-8.19027648461141,11.7204768430294
1.994904,11.688566,16.898647,12.737856,16.874035,-8.00999877112796,12.0348814006749
2.0261616,11.736851,16.869224,12.806800,16.854595,-8.11937734135418,11.6884459667645
2.0586512,11.785136,16.800571,12.787102,16.874035,-8.19551325315975,11.5425369259859
2.0973584,11.765822,16.712303,12.757554,16.767116,-8.10452075210915,11.3299014675038
2.1298672,11.727194,16.692688,12.777253,16.776836,-8.43382730416716,11.3564192305109
2.1573968,11.775479,16.741726,12.796951,16.786555,-8.17155472299638,11.2998628025375
2.2161232,11.814107,16.780956,12.856045,16.835155,-8.26972712734039,11.224574140001
2.2598928,11.872049,16.751533,12.846196,16.776836,-7.91311531709303,10.9706289920763
2.2924496,11.804450,16.722111,12.816649,16.737956,-8.03028624299547,11.0763605457225
2.332392,11.804450,16.751533,12.826498,16.737956,-7.95478437896964,11.103030734631
2.3624384,11.785136,16.751533,12.806800,16.767116,-8.06262938950489,11.2397143203845
2.3924368,11.717537,16.761341,12.826498,16.796275,-8.4606221543501,11.4128489972175
2.443696,11.785136,16.859417,12.826498,16.844875,-8.01031490952463,11.5024505853503
2.4749056,11.727194,16.839802,12.737856,16.796275,-7.80201124566472,11.7219301738922
2.5061936,11.727194,16.908455,12.806800,16.854595,-8.00756056453002,11.7749338092567
2.5449456,11.688566,16.879032,12.708309,16.844875,-7.86951912311648,12.0218378481916
2.5761488,11.669252,16.898647,12.718158,16.796275,-7.72638551192399,11.9956369389213
2.6061936,11.572682,16.977108,12.668913,16.825435,-7.72133610412899,12.5054103164532
2.6399088,11.659595,17.045761,12.698460,16.786555,-7.09897015724423,12.2883948461276
2.6874384,11.630624,17.035953,12.659064,16.835155,-7.27905515186955,12.5078736162221
2.7186608,11.620967,17.065376,12.678762,16.805995,-7.16973137959183,12.4853846017284
2.7523536,11.659595,17.045761,12.639366,16.767116,-6.81030636733909,12.3912697426474
2.7999264,11.630624,16.986915,12.639366,16.747676,-7.0703495330491,12.3288603949988
2.8299456,11.669252,17.065376,12.678762,16.776836,-6.88061772518674,12.3274984035974
2.8711664,11.736851,17.163452,12.629517,16.796275,-6.14876941158143,12.477984656383
2.9224432,11.707880,17.114414,12.668913,16.699076,-6.22849876687024,12.2148318403624
2.9523808,11.688566,17.084991,12.668913,16.747676,-6.59064888394856,12.2902824408543
2.9824064,11.756165,17.084991,12.649215,16.660197,-5.941569728585,12.0375139436958
3.0336224,11.727194,17.134029,12.659064,16.631037,-5.79494231596942,12.1137316976641
3.0749136,11.727194,17.104606,12.649215,16.699076,-6.12017883053328,12.1996056244115
3.1086304,11.678909,17.134029,12.649215,16.689356,-6.15516043890998,12.3419677298776
3.1486144,11.727194,17.192874,12.599970,16.679636,-5.53567417485869,12.4246692541082
3.1786512,11.736851,17.124221,12.570423,16.728236,-5.82712892615199,12.4371899407725
3.2086336,11.717537,17.192874,12.540876,16.737956,-5.56896162154823,12.6769681227704
3.2586272,11.707880,17.143836,12.599970,16.728236,-5.97132942066004,12.468002600289
3.2898736,11.736851,17.251720,12.599970,16.728236,-5.4590992787896,12.578284680981
3.3199168,11.785136,17.222297,12.609819,16.650477,-5.13774854755537,12.2707145050077
3.356088,11.794793,17.134029,12.570423,16.699076,-5.46554300007208,12.2733790371009
3.3949056,11.804450,17.153644,12.629517,16.621317,-5.28701606762981,12.0214801409268
3.4236576,11.775479,17.094799,12.580272,16.543558,-5.14475528600163,11.9744687803938
3.4537296,11.765822,17.006530,12.570423,16.524118,-5.40362838910406,11.8408214148073
3.5049312,11.852735,17.134029,12.560574,16.640757,-4.99654803131831,12.0681593980556
3.5449024,11.872049,17.153644,12.668913,16.553278,-4.92856812778353,11.6666765583344
3.5786512,11.958961,17.114414,12.659064,16.553278,-4.71439547785252,11.427574594856
3.618664,11.920334,17.035953,12.649215,16.553278,-5.11472846599224,11.4074343033435
3.6486032,11.987932,16.996723,12.659064,16.504678,-4.86499226776444,11.086563804224
3.6786736,11.910677,17.045761,12.609819,16.572718,-5.04016605830651,11.5669901312802
3.7199488,11.901020,17.026146,12.629517,16.640757,-5.47460667108489,11.6242552957182
3.7512384,11.823764,17.035953,12.718158,16.660197,-6.12624589036389,11.6467334083558
3.7823936,11.833421,17.163452,12.629517,16.669917,-5.32185722292826,12.0516232164835
3.8136832,11.804450,17.173259,12.619668,16.757396,-5.67984153998816,12.2991575208121
3.8523648,11.736851,17.153644,12.560574,16.708796,-5.60857150799277,12.4760197343931
3.883584,11.727194,17.124221,12.501480,16.679636,-5.42821392252594,12.5371327026763
3.9136768,11.678909,17.163452,12.531027,16.708796,-5.67974131794526,12.6920620908509
3.9473984,11.688566,17.202682,12.521178,16.776836,-5.71162807807327,12.8676950245534
3.996168,11.582339,17.241912,12.501480,16.825435,-6.06965289001081,13.299280065767
4.0249184,11.534054,17.320373,12.521178,16.951794,-6.49412653323919,13.6963340444165
4.0561552,11.456799,17.281143,12.452235,16.942074,-6.64269727337556,13.9540783868197
4.0986656,11.311944,17.261527,12.481782,16.932354,-7.33687792010078,14.1735477202409
4.1473872,11.254002,17.408641,12.402990,16.990673,-6.92428443180696,14.8212365825047
4.1773488,11.186403,17.545947,12.432537,17.126752,-7.26952809074417,15.3451489966645
4.219904,11.138118,17.555755,12.432537,17.214231,-7.73436825959855,15.6114446560577
4.2499152,11.080176,17.545947,12.432537,17.126752,-7.67039062707492,15.5927407002807
4.2811584,11.080176,17.575370,12.402990,17.136472,-7.48659624270945,15.7236937581235
4.3311712,11.041548,17.467486,12.353745,17.039273,-7.50348483979358,15.6042167292684
4.373696,11.138118,17.555755,12.334047,17.097592,-6.9461652603687,15.6568450718713
4.4056976,11.196060,17.555755,12.432537,17.117032,-7.16063934424139,15.3228243549363
4.4523568,11.196060,17.457679,12.373443,17.087872,-7.20672793862916,15.2583958078157
4.4824112,11.331258,17.418449,12.481782,16.990673,-6.88576188575471,14.4748063245957
4.5136576,11.321601,17.271335,12.501480,16.951794,-7.40708634736933,14.1526943825843
4.5536176,11.447142,17.251720,12.501480,16.864315,-6.68493768934784,13.6894665510908
4.5861168,11.495426,17.232105,12.580272,16.932354,-7.11669458246997,13.4753569784404
4.6236624,11.543711,17.183067,12.540876,16.854595,-6.68902724033923,13.249285867455
4.6660816,11.572682,17.222297,12.619668,16.854595,-6.72209432266924,13.065959144505
4.6960992,11.611310,17.134029,12.599970,16.757396,-6.47871878130016,12.7203522606883
4.7262096,11.620967,17.134029,12.619668,16.747676,-6.47914462200145,12.6372952576655
4.7673648,11.611310,17.075183,12.698460,16.708796,-6.88430093127224,12.3191640166947
4.8174,11.678909,17.153644,12.747705,16.728236,-6.58711578579514,12.213655943693
4.8487264,11.736851,17.124221,12.737856,16.718516,-6.40822510318163,12.0402892703513
4.8799216,11.775479,17.055568,12.728007,16.728236,-6.52041297614916,11.8782134004468
4.9311296,11.775479,16.977108,12.767404,16.631037,-6.6027642242588,11.499147512984
4.9599472,11.794793,17.016338,12.757554,16.601877,-6.23888261643678,11.4943661514557
4.9899344,11.794793,16.977108,12.718158,16.514398,-5.91759430416957,11.3736418065792
5.0412064,11.814107,16.977108,12.728007,16.592157,-6.16886823204671,11.4365074417402
5.072608,11.891363,16.957492,12.806800,16.611597,-6.31441888850303,11.0834822499877
5.101144,11.891363,16.967300,12.787102,16.592157,-6.13352963254377,11.111926895715
5.142472,11.901020,16.869224,12.787102,16.553278,-6.32233492826401,10.8623890629521
5.172704,11.901020,16.918262,12.777253,16.494958,-5.88622056537163,10.8691455081653
5.2037328,11.929991,16.928070,12.806800,16.494958,-5.84987337022746,10.7535296063179
5.2349344,11.929991,16.947685,12.826498,16.543558,-6.02832732624155,10.8227871093627
5.283704,12.007246,16.839802,12.885592,16.553278,-6.39649863309546,10.3529080213591
5.326176,11.958961,16.879032,12.875743,16.524118,-6.2869579447176,10.5001384828976
5.3550288,12.026560,16.780956,12.865894,16.494958,-6.25769804896707,10.1576350097938
5.4074176,11.949304,16.771149,12.787102,16.465799,-6.18661858131439,10.4431338519456
5.4361504,12.016903,16.810379,12.875743,16.485238,-6.18393221835352,10.1902421764199
5.4687088,12.065188,16.879032,12.836347,16.494958,-5.63627127171661,10.3015173703646
5.50876,12.055531,16.810379,12.885592,16.485238,-6.07529128945492,10.0816434828935
5.5390688,12.016903,16.780956,12.875743,16.494958,-6.33029143213029,10.1572044077671
5.5687904,12.026560,16.849609,12.905290,16.475518,-6.07359404980553,10.1518553262091
5.6037392,11.901020,16.859417,12.806800,16.494958,-6.2166668189056,10.7042443503797
5.639968,11.968618,16.908455,12.885592,16.543558,-6.24815366589325,10.5378690155863
5.671208,11.939648,16.947685,12.767404,16.553278,-5.81001439402134,10.9503104168503
5.7012032,11.881706,16.947685,12.816649,16.562998,-6.2448040443838,10.9860760382612
5.7524336,11.804450,17.016338,12.767404,16.640757,-6.38210807112565,11.5144809448436
5.7837056,11.688566,17.065376,12.737856,16.650477,-6.56044367991325,11.9413502166635
5.8149376,11.707880,16.986915,12.708309,16.640757,-6.63859890761039,11.8191406488066
5.8549312,11.688566,17.075183,12.757554,16.660197,-6.63182347113018,11.9287363992327
5.886144,11.678909,17.114414,12.708309,16.757396,-6.69689039856697,12.2867356515006
5.9187456,11.601653,17.124221,12.737856,16.776836,-7.13051138076809,12.4432525477292
5.9511584,11.698223,17.143836,12.698460,16.650477,-6.08405041346136,12.1380706675163
5.9874192,11.649938,17.006530,12.678762,16.640757,-6.6742418923665,12.0509230417971
6.0324032,11.698223,16.996723,12.737856,16.601877,-6.60360779791547,11.7258246528069
6.0824448,11.823764,17.055568,12.737856,16.660197,-6.12525315979305,11.6344831892603
6.1099392,11.987932,16.967300,12.846196,16.601877,-6.02515908213417,10.7778239228909
6.1411504,12.239014,16.908455,12.993931,16.562998,-5.70828455216756,9.72612288684567
6.171216,12.451467,16.594612,13.013629,16.465799,-5.80126739297603,8.52216891252529
6.2238272,12.470781,16.643650,12.924988,16.475518,-5.25665978752928,8.77437901949699
6.2523856,12.335584,16.937877,12.678762,16.844875,-5.11939608053801,10.7283043266565
6.2837456,12.181072,17.163452,12.412839,17.233671,-5.30651339150618,12.6721722329491
6.3238096,11.804450,17.477294,12.166613,17.525268,-5.70387886479087,15.0521264613176
6.3537184,11.495426,17.693061,11.910539,17.641907,-5.53964276425056,16.8784075095886
6.3849472,11.147775,17.653830,11.674163,17.758546,-6.54448457639771,18.3746459833819
6.4187872,10.916008,17.644023,11.358994,17.797426,-6.435321676866,19.7335097517924
6.456176,10.085508,16.816085,10.649865,16.757396,-6.21403242334805,20.6760353857392
6.4861984,10.133792,15.665674,10.718808,16.329720,-9.3151820776707,17.7639497028543
6.5174064,10.172420,15.447493,10.817298,16.572718,-11.4275566580243,17.4490135769917
6.56128,9.853740,14.892122,11.043826,17.505828,-19.6501838061102,18.3270091992647
6.5912176,9.554374,14.118569,10.787751,17.807145,-24.5855617257759,18.9921555149533
6.6199088,9.902025,15.308650,10.669563,17.612747,-16.6299143561771,20.0464268603519
6.65376,10.375217,16.855755,10.571073,17.379470,-7.02138393439615,21.1812269977564
6.7036912,10.887037,16.731918,10.856694,17.291990,-6.25471451741229,18.8305872431816
6.7523824,11.505083,17.761714,11.142316,17.671067,-2.50805729992789,18.8226897786339
6.7936912,11.340915,17.006530,10.925637,17.019833,-2.65223224912364,17.542542196446
6.8237584,11.167089,16.712303,10.443036,16.514398,-0.558245205220182,17.8771361390142
6.8549968,11.340915,17.093771,10.472583,15.631176,5.05481918999934,16.535354154496
6.8862288,11.331258,16.826003,10.551375,15.923986,2.46688139246111,16.4040295775055
6.9361808,11.456799,16.865672,10.748355,16.456079,0.161028909480387,16.550521577109
6.9661776,11.659595,16.607821,11.270353,16.631037,-2.7873771938744,14.6504196517506
6.9974496,11.244345,17.093771,10.846845,16.864315,-1.77648345751933,17.8638639775996
7.0474624,10.819438,17.222297,10.443036,17.914064,-5.40880993760197,21.7710384395965
7.0788032,10.539386,17.899020,10.571073,18.516698,-6.64209953678892,24.0580278581023
7.1088064,10.896694,18.507090,10.886241,18.575018,-4.40959914049244,23.3563804810878
7.148696,11.060862,18.330553,11.093071,18.351460,-4.39365743850955,21.8769716081265
7.1799392,11.514740,17.673446,11.624918,18.001544,-5.81152352722054,18.0246346859595
7.2099424,12.403182,17.281143,12.432537,17.593308,-5.4365061069633,12.8936646339554
7.2437664,12.683235,16.574997,12.865894,17.048993,-6.60074761369938,9.28412207296125
7.281168,13.059857,16.398461,13.299250,17.136472,-7.73124988918971,7.38568222381167
7.3224944,13.359223,17.034267,13.742456,16.689356,-4.33461235578286,6.1384732095159
7.3537984,13.764817,16.617739,14.008380,15.562853,-1.2684316011871,2.10800075557634
7.4037824,13.986927,16.389640,14.185662,15.309085,-1.00946813817932,0.441551721189697
7.4339376,14.276636,15.705343,14.382642,14.538018,-0.297268831605134,-3.20667605912663
7.46524,14.460119,15.497079,14.658415,14.342812,-0.68780323709583,-4.87771412023003
7.504952,14.749828,15.159890,15.131168,14.098803,-1.70977216028225,-7.47208128147274
7.5388208,15.242334,14.921874,15.820599,13.376538,-0.671151117801359,-11.5816066363022
7.5662176,15.850724,14.673940,16.342597,12.820199,0.741598155143306,-15.2477011394575
7.6012512,16.710195,14.614436,16.729946,12.556670,3.08146758347359,-18.0635506331237
7.648832,16.896325,14.485511,17.237499,12.244340,2.56033098280957,-20.140431596653
7.6787328,17.194093,14.267330,17.520557,11.580637,4.23916824192593,-22.9627009121128
7.7088176,17.511072,14.396255,17.745051,11.707521,4.4630571316233,-23.2765674461851
7.7611776,17.559099,14.396255,17.959785,11.424472,4.87655843598407,-24.2965835372461
7.7902064,17.587915,14.059065,17.940263,11.024298,5.38319801799851,-25.9174265153727
7.8215904,17.559099,13.791297,17.881700,10.848612,5.24323120157869,-26.7666283387462
7.862424,17.290147,13.216092,18.135476,11.014538,0.723704330593701,-27.6655573848668
7.8924416,17.001985,12.422705,18.252603,10.692446,-2.4191700278529,-29.9816365786217
7.922888,16.963563,12.392953,18.194039,10.711967,-2.52414379420251,-29.8555186730126
7.9862848,17.050012,12.442539,18.242843,10.575322,-1.69430155237402,-30.2706528026952
8.023768,17.799234,12.234275,18.496619,10.028744,1.37761406632614,-33.5910490637659
8.0549584,17.991343,11.956590,18.516140,9.579768,2.70972966082966,-35.6762834527936
8.0974128,18.000948,11.787995,18.447816,9.374801,3.19110119343267,-36.5199121803389
8.1261984,18.356349,11.668987,18.691831,9.072231,4.27334085827735,-38.4409261500288
8.159944,18.778987,11.639235,18.887044,8.984388,5.26110581810444,-39.6031974116452
8.1888176,19.047939,11.659070,19.306750,9.169834,3.9609236441834,-40.0308396834321
8.2277776,19.345707,11.688822,19.736218,9.306479,2.97974567112409,-40.5929175295685
8.2599376,19.201625,11.321880,19.716697,8.994148,2.42701970356417,-42.0737162331922
8.290216,19.249653,11.113616,19.580048,8.789181,3.1522295667659,-43.0096957835874
8.331176,19.384128,11.262376,19.580048,8.906305,3.71064001605122,-42.5076291296881
8.361192,19.566631,11.212790,19.765500,8.994148,3.1462270204915,-42.8916881052684
8.3924416,19.710713,11.311963,19.824063,8.935586,3.99727582130584,-43.0516682556555
8.428856,20.123746,11.847499,20.146164,9.238157,4.93004394437485,-41.9172742789267
8.4749568,20.690465,12.254110,20.507307,9.501686,5.89738518241077,-41.4791731593383
8.5037344,20.709676,12.323531,20.682998,9.765215,4.61777780857437,-40.9385198899181
8.5349504,20.536779,12.273945,20.731801,9.999463,2.88691659410471,-40.3515415517957
8.5924304,19.768345,11.946673,20.165685,10.018983,1.15433203287024,-39.364671502189
8.627448,18.980701,12.006177,19.365314,10.009223,1.5848179000573,-37.1148934207783
8.6599392,18.596484,12.135102,19.052974,10.087306,1.55604294812711,-35.6466323658204
8.7073872,18.068186,12.868985,18.564943,10.751008,1.62711631833186,-30.8935945507992
8.7387776,17.952921,13.711959,18.496619,11.483034,1.72043043976414,-27.0856807794352
8.768704,17.952921,14.247495,18.594225,12.156497,0.787544371898859,-24.6410320204347
8.8098848,17.991343,15.021047,18.711352,12.634753,1.40712108388318,-22.2975235308634
8.8412048,18.289111,15.695426,18.916326,13.200852,1.91786874077481,-20.6026026716117
8.8711744,18.356349,15.913608,18.926086,13.327737,2.36324745284171,-20.052304921561
8.9261568,18.337138,16.012781,18.945607,13.444861,2.15807825543102,-19.6386524256153
8.9624384,18.644511,15.259063,19.336032,13.093489,0.612852394782785,-22.8191634916808
9.0124864,18.730960,14.911956,19.296990,12.634753,1.45136836172445,-24.4938950146867
9.0538016,18.490824,13.245844,18.828480,11.814885,-0.403722111444342,-28.6751490931303
9.0887808,18.000948,12.303697,18.613746,11.219505,-2.50116163676859,-31.0893073040009
9.11744,17.635942,12.174771,18.340449,11.092620,-2.81814705226156,-30.7278306877369
9.1587488,17.453439,12.214441,18.135476,10.975496,-2.14695023525463,-30.319990073325
9.1987808,17.434229,12.234275,17.871939,10.916934,-0.940449267600156,-29.9763610597594
9.2499904,17.559099,12.075598,18.037870,10.965736,-1.86813900608773,-30.6821884820369
9.291192,17.318963,11.649152,17.959785,10.770529,-3.30591060427897,-31.6793250505534
9.3212016,17.021196,11.530144,17.871939,10.799810,-4.65376908018632,-31.3009083922201
9.3528144,16.675400,11.282211,17.725530,10.936455,-6.89156495591609,-30.8007297384129
9.3937152,16.594311,10.974774,17.383908,10.858372,-6.80962517132592,-31.0799691097036
9.424952,16.188718,11.073947,17.061807,11.229265,-8.20604163810458,-28.7371289945687
9.455056,15.792782,11.659070,16.729946,12.312662,-10.2943586680552,-23.5275357286354
9.4874032,15.280962,12.055763,16.529728,12.829960,-11.9230585199296,-20.1966009889154
9.5361552,14.798113,11.877251,15.909240,12.976365,-12.8106747870278,-18.2832041382166
9.56624,14.537375,12.045846,15.416789,13.181332,-12.1035226184565,-16.0380607144358
9.597448,14.015898,12.075598,14.550076,13.122770,-10.5660374554401,-13.4130575669332
9.6474144,13.339909,12.065681,13.634117,13.493662,-11.2956781313831,-9.34243834619427
9.6787424,12.712206,12.194606,12.974233,13.815754,-12.0847178885008,-5.55820670243037
9.708784,12.470781,12.363201,12.688611,14.323291,-13.2928497301517,-2.91468326516217
9.7511536,12.045874,12.789646,12.284802,14.616101,-12.8411566576133,0.503341867969423
9.7811984,11.611310,13.265678,11.762804,14.860109,-11.5378853995608,4.24578237200011
9.8099392,11.659595,13.602868,11.634767,15.016275,-9.98913292620115,5.42050223079803
9.8461952,12.026560,14.257412,11.812049,15.318845,-7.63093227916996,5.97299661268881
9.8962272,12.490095,15.616087,12.018878,16.358880,-5.23914173694989,8.79590567571062
9.9324144,13.301282,16.121872,12.521178,15.797101,-0.0555133755237698,5.7639556624559
9.9650192,13.339909,16.052450,12.491631,15.601895,0.693384506945863,5.27467150895793
10.004928,12.654264,15.983029,11.585522,15.182200,3.10730578649584,7.97711759543105
10.0337248,12.016903,16.478896,11.083222,15.377407,3.81931406554396,11.8910523794066
10.064896,11.717537,16.476921,11.014279,15.640936,1.87742007219182,13.2355187125444
10.1061888,11.949304,16.918262,11.398390,16.339440,0.122722031330346,13.6856766274261
10.1361568,12.287299,17.251720,11.605220,16.582437,0.869981836286644,13.3604771470214
10.1661664,12.596322,17.261527,11.880992,16.388039,1.71952032517344,11.7163623729348
10.198792,12.702549,17.192874,11.772653,15.679977,5.02380757478837,10.4208612604034
10.2361296,12.741177,17.359603,11.477182,15.543333,7.4765502488713,11.059764962264
10.2673936,12.586665,17.614600,11.339296,15.806862,7.33553984172318,12.6034439771607
10.2974464,12.412839,18.055941,11.358994,16.543558,5.3199654404529,14.8740705788604
10.3399344,12.161758,17.908827,11.565823,16.572718,2.98773721210579,14.7886560280001
10.3687424,11.727194,17.516524,11.713559,15.914225,1.95337407262685,13.7526319102442
10.3999392,11.466456,17.526332,11.890841,15.865424,0.519177006302828,13.8851584408814
10.4511648,11.476113,18.163824,12.137066,16.339440,0.135896020169283,15.0892577901681
10.5387776,12.895688,18.340361,12.767404,15.055316,8.31451225033485,8.65355328259262
10.6037504,13.446136,16.977108,12.767404,13.571745,11.3791231062206,2.4344155072863
10.6336944,13.948299,17.045761,13.456835,13.805993,9.66816420460294,0.472013114566403
10.6661968,13.957956,16.859417,13.545476,13.971919,8.04912351729689,0.231008781654911
10.7149328,13.967613,16.349423,13.604570,14.020721,5.85942822907197,-0.76759281505273
10.7461936,14.141439,16.545574,13.781852,13.962159,6.70627235569476,-1.23021237283914
10.7762,14.257322,16.984680,13.880342,13.815754,8.82713150032965,-1.12209152133063
10.8174128,14.131782,16.766499,13.968984,13.766952,7.4783811738775,-1.54274009919555
10.8474528,13.948299,16.607821,14.047776,13.718150,6.15940311115257,-1.71834113884734
10.8799744,14.093154,16.816085,14.156115,13.845035,6.48923454940309,-1.60523014480131
10.9099472,14.218695,16.617739,14.313699,13.796233,5.81576752797667,-2.63360707768579
10.9487968,14.199381,16.409474,14.343246,13.688869,5.31500618134288,-3.24814052149432
10.9849648,14.392520,16.280549,14.402340,13.503423,6.02940705882996,-4.34760064401835
11.0211536,14.547032,16.280549,14.481132,13.483902,6.34293302712355,-4.84483148479642
11.0612208,14.759485,16.151624,14.717509,13.200852,6.81548737908767,-6.51379755740955
11.0912352,14.875369,16.092120,14.717509,12.986125,7.84561384632198,-7.27245583916968
11.1224864,14.991253,15.973112,14.786452,12.947084,7.71830691798819,-7.93791604504385
11.162448,15.174735,15.873938,14.806150,12.771398,8.62026694634936,-8.86951178532635
11.214928,15.329247,15.745013,14.924338,12.537150,9.16397085622798,-10.1119066816614
11.2437744,15.474102,15.695426,15.032677,12.420026,9.52853961297651,-10.922811977824
11.2888432,15.647927,15.685509,15.121319,12.351703,10.0141713569615,-11.5687244246531
11.316208,15.647927,15.655757,15.101620,12.341943,10.0274136187182,-11.6125123965904
11.347448,15.676898,15.626005,15.081922,12.361464,10.0254208298708,-11.6504484476002
11.3787856,15.667241,15.616087,15.160715,12.293141,9.91688566266143,-11.9373143357176
11.428784,15.532044,15.745013,15.022828,12.332183,10.2840175576282,-11.0899229834109
11.4587872,15.570672,15.943360,14.894791,12.449307,11.1402094057616,-10.2872240112365
11.4937856,15.454788,16.111954,14.855395,12.566431,11.0144748951528,-9.42608237170244
11.5498912,15.416160,16.211128,14.796301,12.615232,11.2612941674885,-8.94897355489578
11.5812,15.097480,16.419392,14.431887,12.820199,11.5129069359862,-6.83461285716626
11.6137424,15.010567,16.528482,14.461434,12.917803,11.0873572322484,-6.32226330346654
11.6624608,14.817427,16.597904,14.294001,13.122770,10.5163480441746,-5.09196059330515
11.692416,14.682230,16.617739,14.294001,13.327737,9.31696083677661,-4.39723952009031
11.7249152,14.585660,16.667325,14.116719,13.425340,9.46647192935652,-3.57682466776386
11.7737648,14.402177,16.806168,14.087172,13.679109,8.43785246612907,-2.41430796738103
11.8237744,14.238009,16.766499,14.087172,13.766952,7.38986312140496,-1.9954304960939
11.8587728,14.141439,16.716912,14.018229,13.757192,7.18523894268052,-1.77261259238014
11.8961936,14.006241,16.776416,13.968984,13.952398,6.35415027453242,-0.925187055785981
11.9288144,13.957956,16.865672,13.909889,14.118324,6.0853659278309,-0.236311861056358
11.956224,13.890357,16.826003,13.939437,14.186646,5.3322422641945,-0.106115367409986
11.9974576,13.842072,16.875589,13.870493,14.254969,5.33920561694018,0.349357110002212
12.0288128,13.697218,16.845837,13.900040,14.294010,4.46002378706034,0.603133530686188
12.0599488,13.697218,16.845837,13.890191,14.274489,4.57266356889924,0.58779257117694
12.0904192,13.677904,16.776416,13.890191,14.342812,3.99632199087795,0.625561239693641
12.128832,13.687561,16.786333,13.949286,14.372093,3.72793365355859,0.555595502852706
12.1587712,13.764817,16.706995,13.978833,14.401374,3.49621713198541,0.245163189737264
12.190416,13.726189,16.587987,14.028078,14.401374,2.74795312012642,0.00563390532754315
12.233784,13.745503,16.548317,14.028078,14.430655,2.56399041690248,-0.0529524676946629
12.2699168,13.832415,16.429309,14.215209,14.372093,1.96183513979121,-0.93799757932355
12.3011488,13.851729,16.340053,14.185662,14.498977,1.34385021263572,-0.847807654089736
12.3424672,13.842072,16.260714,14.254605,14.420894,1.05896646144546,-1.25905310102492
12.3938096,13.871043,16.191293,14.264454,14.430655,0.839532543889971,-1.44834564341677
12.4274976,13.890357,16.161541,14.303850,14.401374,0.76382899255843,-1.67676303445306
12.4749376,13.957956,16.131789,14.412189,14.362332,0.63912178196632,-2.15908939749096
12.5038496,13.977270,16.072285,14.392491,14.401374,0.421797021282379,-2.19653131129003
12.533768,14.006241,15.963194,14.422038,14.381853,0.0952405378321881,-2.55463677055338
12.5774848,14.015898,15.814434,14.471283,14.264729,-0.152877425607024,-3.17369688203486
12.614952,14.083497,15.824352,14.422038,14.245208,0.387192418379036,-3.22857046784737
12.6449168,14.189724,15.804517,14.569774,14.245208,0.14310891415553,-3.77143586512668
12.6774768,14.276636,15.804517,14.550076,14.225688,0.603554673323847,-3.94146052660582
12.716184,14.431148,15.675591,14.550076,14.167126,0.915952062921083,-4.60294332332147
12.747456,14.411834,15.655757,14.599321,14.069522,0.957517556888399,-4.88648087065045
12.7787872,14.431148,15.665674,14.619019,14.050002,1.0619753990759,-4.98148347343966
12.8174096,14.411834,15.675591,14.589472,14.020721,1.25041200034439,-4.9226944335295
12.84748,14.411834,15.626005,14.638717,14.030481,0.849071525563049,-5.0958739679847
12.8774032,14.373206,15.715261,14.609170,14.118324,0.81149911041895,-4.62265081928828
12.9111984,14.334578,15.695426,14.540227,14.137845,0.787367533235015,-4.41134605903221
12.9492288,14.353892,15.695426,14.619019,14.157365,0.48665396117504,-4.56736052314272
12.9787888,14.353892,15.685509,14.569774,14.196407,0.489311393978182,-4.41485144487557
13.0099904,14.286293,15.764848,14.510679,14.176886,0.827678597116103,-4.05075621608036
13.0450096,14.238009,15.745013,14.500830,14.225688,0.435330989327642,-3.88052314303093
13.0962288,14.218695,15.834269,14.530378,14.206167,0.649675554440257,-3.76839469524817
13.1311952,14.247666,15.973112,14.422038,14.274489,1.40286275711696,-3.21940861411964
13.1711568,14.189724,15.943360,14.422038,14.274489,1.08848796314658,-3.160231233853
13.2024176,14.160753,16.082202,14.412189,14.274489,1.51935376699501,-2.82182344545863
13.233744,14.122125,16.032616,14.392491,14.274489,1.27766005332591,-2.79855571110248
13.2662496,14.083497,16.022698,14.323548,14.245208,1.47466344601311,-2.65702416805202
13.3137664,14.073840,15.973112,14.323548,14.254969,1.22462444415425,-2.71263826555814
13.3449776,14.054526,16.092120,14.215209,14.303770,1.80854185146962,-2.14092673054658
13.374944,14.093154,16.102037,14.284152,14.264729,1.86923053719899,-2.41171735712703
13.4161488,14.093154,16.151624,14.234907,14.303770,2.08537426582973,-2.14692371278013
13.4474704,14.083497,16.102037,14.205360,14.303770,1.98534143254312,-2.16084848115563
13.4774656,14.170410,16.131789,14.215209,14.206167,2.73594248772991,-2.48243603089498
13.5137872,14.151096,16.171458,14.195511,14.254969,2.69788163138652,-2.23835112422344
13.5499072,14.131782,16.270632,14.195511,14.245208,3.01940201235929,-2.03251423765759
13.5799472,14.093154,16.240880,14.116719,14.245208,3.07590459029863,-1.85161312406589
13.6099344,14.035212,16.330136,14.116719,14.264729,3.11307279630884,-1.5319159782152
13.6524096,14.044869,16.280549,14.146266,14.294010,2.74688590758296,-1.64888382343169
13.682464,14.015898,16.349970,14.146266,14.264729,3.00241641286092,-1.51571842301468
13.7324144,13.977270,16.419392,14.077323,14.372093,2.9658862817268,-0.970442377684695
13.7837952,13.880700,16.538400,14.008380,14.469696,2.9367994738342,-0.235411494701165
13.8262352,13.803444,16.498730,14.018229,14.518498,2.29782786687781,-0.0811382121072786
13.8599568,13.755160,16.607821,14.008380,14.547779,2.44101065162546,0.290640129553164
13.898784,13.764817,16.697077,13.929587,14.577060,2.98038024178915,0.647956050265158
13.9274512,13.745503,16.706995,13.831097,14.596580,3.24697034797886,0.94342286032596
13.9579536,13.726189,16.607821,13.811399,14.538018,3.12352170817295,0.736980395012909
13.9974832,13.600648,16.587987,13.742456,14.498977,3.0167255349584,1.03195207716514
14.028776,13.639276,16.647491,13.762154,14.538018,3.14297679885357,1.0906537816459
14.059984,13.639276,16.766499,13.791701,14.684423,2.89682751966741,1.51042433810688
14.0937808,13.677904,16.845837,13.791701,14.674663,3.35258458526604,1.5559606055736
14.1399632,13.677904,16.796251,13.781852,14.606341,3.47410974083105,1.36366973807692
14.171168,13.677904,16.766499,13.772003,14.557539,3.59210109413479,1.24189343596933
14.2025104,13.668247,16.726829,13.742456,14.489217,3.79092285459408,1.12700209023558
14.2424576,13.629619,16.776416,13.781852,14.596580,3.26934042554922,1.41003150258225
14.2724384,13.639276,16.806168,13.781852,14.567299,3.52099200317735,1.39089693314295
14.3062592,13.658590,16.806168,13.762154,14.557539,3.70194998085313,1.37403613348395
14.3362064,13.677904,16.786333,13.732607,14.577060,3.73838281868182,1.39464774142185
14.3899616,13.735846,16.816085,13.762154,14.498977,4.23458052338489,1.12627767270984
14.4188128,13.668247,16.816085,13.703060,14.518498,4.14662099084118,1.42371456761583
14.4487808,13.677904,16.826003,13.772003,14.518498,3.95226562964614,1.27895446890855
14.492456,13.735846,16.816085,13.772003,14.479456,4.27157620872767,1.07055663863815
14.5200016,13.706875,16.826003,13.791701,14.469696,4.1661338587786,1.0899794140142
14.5499552,13.745503,16.806168,13.791701,14.528258,4.00889405414955,1.08049787841959
14.5899536,13.822758,16.845837,13.801550,14.538018,4.34695446919539,0.990698308819304
14.6224384,13.774474,16.637573,13.840946,14.372093,3.92263572606397,0.327809220381106
14.6512048,13.822758,16.578069,13.840946,14.430655,3.65859211070799,0.226835967426906
14.6849616,13.706875,16.687160,13.821248,14.420894,3.74713581247679,0.687568535358182
14.7237664,13.803444,16.667325,13.752305,14.430655,4.24645215568538,0.612209625233651
14.7524416,13.784131,16.697077,13.840946,14.498977,3.68311027391808,0.648330392587244
14.7837248,13.813101,16.726829,13.870493,14.489217,3.8157245790199,0.564537829797225
14.8274032,13.793787,16.667325,13.850795,14.459936,3.72323173499015,0.482859732605072
14.8649584,13.803444,16.756581,13.850795,14.528258,3.81312347017739,0.74980152785121
14.8962304,13.755160,16.736747,13.811399,14.450175,4.02031375913566,0.752122753532183
14.9299872,13.764817,16.746664,13.801550,14.479456,4.01538524168328,0.823841073168238
14.9862912,13.735846,16.835920,13.781852,14.469696,4.34138289929563,1.06850623449058
15.0299216,13.726189,16.786333,13.712909,14.586820,3.94753729663654,1.35315574063347
