0.0263392,8.461398,18.458052,9.716971,21.374350,-0.237506509642401,-1.20617215820851
0.063696,8.451744,18.428629,9.825314,21.374350,-0.7684616584302,-1.50837816788993
0.1012176,8.596559,18.418821,9.845012,21.335471,-0.162807195310355,-2.01010888347741
0.1287072,8.615867,18.320746,9.884409,21.316031,-0.546127914813768,-2.31342614840409
0.1612304,8.673793,18.203055,9.943505,21.306311,-0.955475448457966,-2.78540799498234
0.2099344,8.741373,18.144209,9.953355,21.247992,-0.753405135771791,-3.13928503322103
0.2562368,8.770336,18.114787,10.071547,21.189672,-0.961608097163131,-3.64132200484124
0.2975424,8.837916,18.134402,10.110944,21.189672,-0.748628469026075,-3.89938321919705
0.3437008,8.808953,18.163824,10.110944,21.150793,-0.612984462365905,-3.83490063183166
0.3725072,8.731719,18.173632,10.051848,21.150793,-0.678742762029474,-3.4612666489877
0.4062512,8.789645,18.144209,10.091245,21.034154,-0.29786672746091,-3.90532641099101
0.4437264,8.731719,18.104979,10.061697,21.082753,-0.752837890879201,-3.66123136114831
0.475008,8.702756,18.212862,10.041999,21.063313,-0.301282925184484,-3.41933954792782
0.5074624,8.644830,18.310938,10.071547,21.043874,-0.175751669109678,-3.24417260312175
0.5474128,8.654484,18.389399,10.002601,21.170232,-0.0228110284005911,-2.82827105593752
0.5774656,8.596559,18.556127,10.061697,21.238272,-0.0287322848239118,-2.53790094480187
0.60996,8.471053,18.575743,9.963204,21.247992,-0.143672251590598,-1.9044341144869
0.6399216,8.451744,18.556127,9.933656,21.228552,-0.12960403240861,-1.82197005843687
0.6786896,8.287621,18.507090,9.864711,21.228552,-0.744319111220582,-1.25517917089746
0.7112432,8.355201,18.575743,9.874560,21.199392,-0.131355367240497,-1.41541501672687
0.7412352,8.374509,18.634588,9.845012,21.306311,-0.0870897301373379,-1.18366223506935
0.7837216,8.355201,18.673818,9.904108,21.316031,-0.245329152527534,-1.23059023286073
0.813656,8.461398,18.624781,9.874560,21.296591,0.151327934426638,-1.52054565339493
0.8424736,8.451744,18.595358,9.884409,21.286871,-0.00462720773222003,-1.56931683517363
0.8762544,8.364855,18.605165,9.864711,21.335471,-0.411778170070241,-1.21102138160664
0.9236592,8.355201,18.595358,9.776067,21.257712,0.0863999149318317,-1.0535361211828
0.9551344,8.374509,18.664011,9.845012,21.306311,0.0301764107254652,-1.14754786419754
0.9849488,8.422781,18.664011,9.815464,21.267431,0.459213145641828,-1.24567239994362
1.0362032,8.384164,18.771894,9.766218,21.316031,0.73663836883426,-0.817461848332883
1.0674336,8.403472,18.673818,9.795766,21.247992,0.557165360270716,-1.15247705444578
1.0974752,8.277966,18.683626,9.667724,21.218832,0.642789301377277,-0.489954498440483
1.1400128,8.335892,18.762087,9.648026,21.277151,1.05188496810441,-0.426832918888252
1.169984,8.316584,18.958238,9.726820,21.374350,1.14134789373495,-0.232041051853287
1.1999632,8.345547,18.987661,9.598779,21.354911,1.88432431215322,0.0478002230587151
1.2324896,8.297275,19.105352,9.618478,21.296591,2.29251722995956,0.196579305878288
1.2724592,8.374509,19.291696,9.529834,21.073033,4.4209596477647,0.182774220631515
1.3024272,8.268312,19.311311,9.431341,20.956395,4.84428345054672,0.623230448340173
1.332424,8.326238,19.399579,9.332847,20.975834,5.6967115381958,0.863148025706536
1.3750704,8.364855,19.458425,9.372245,20.985554,5.90088735773824,0.732211857846664
1.4037728,8.277966,19.438809,9.372245,21.063313,5.21021729577624,1.03852202559318
1.4362304,8.297275,19.438809,9.342697,21.131353,5.14892185673714,1.14734218348583
1.468712,8.171769,19.389771,9.322998,21.247992,4.12425341641152,1.62461005971227
1.5087152,8.133152,19.330926,9.303299,21.306311,3.60557497815179,1.78403748434531
1.5574656,8.084880,19.399579,9.185108,21.568749,3.17826085910886,2.62924423785417
1.5899744,8.075226,19.379964,9.096464,21.636788,3.13560432933867,2.95645615756889
1.6274912,8.017300,19.379964,9.017669,21.821466,2.53666912888478,3.54713556594311
1.6587152,7.988337,19.487847,8.978272,21.899225,2.71286361263098,3.94827678605878
1.6886896,7.824214,19.419194,8.978272,21.889505,1.82918097933259,4.31558170441182
1.7298976,7.660091,19.419194,8.899477,21.918665,1.35121302433223,5.02879660736227
1.7612272,7.611819,19.654576,8.741888,22.103343,1.9989201825794,6.0768572559069
1.7911968,7.495967,19.762459,8.781285,22.171383,1.59248665259319,6.48595176087887
1.824968,7.534585,19.801690,8.712340,22.181103,2.1065221789326,6.62509092622236
1.8850144,7.360807,19.899765,8.623696,22.317181,1.64205065018422,7.62221172836838
1.9149104,7.360807,19.821305,8.603998,22.219982,1.73940498128786,7.48874843945409
1.954976,7.341498,19.831112,8.722190,22.200542,1.35686789081759,7.19707731149028
1.9962224,7.293227,19.909573,8.623696,22.297741,1.48108347459115,7.80412172690624
2.0262096,7.254610,19.988034,8.623696,22.365781,1.40191532815639,8.0709936808545
2.0575152,7.225647,20.027264,8.633546,22.394940,1.30692559732969,8.19833080155964
2.1075104,7.167721,20.017456,8.446409,22.453260,1.48714571837608,8.95033289415738
2.1375168,7.167721,20.095917,8.505504,22.560179,1.22020065855351,8.9762210228596
2.1937392,7.109795,20.174378,8.485806,22.647658,1.06643890402023,9.37180263580755
2.2287136,7.090486,20.233223,8.377463,22.637938,1.63209746728661,9.78875659249892
2.270056,7.061523,20.243031,8.357765,22.608778,1.72646512319618,9.90859817333076
2.3012144,6.964980,20.448990,8.278970,22.589338,2.50043016632513,10.606093105875
2.3449712,6.926363,20.341106,8.210025,22.550459,2.29989345718184,10.7673556592721
2.3812192,6.781548,20.439182,8.091833,22.569899,2.46168292606908,11.6538538461025
2.4149824,6.752586,20.713794,7.875148,22.812896,3.33842921534336,12.8909227745676
2.4524496,6.636734,20.968791,7.648614,23.046174,3.86012073523492,14.3734304030897
2.4824432,6.540191,21.243403,7.372833,23.143373,5.18446591974892,15.8290312350536
2.5137552,6.433993,21.341479,7.146298,23.279452,5.4735491158699,17.0403309215661
2.55248,6.376068,21.419940,6.929613,23.240572,6.46478990189005,17.90476050831
2.5838112,6.337450,21.557246,6.919764,23.279452,6.74388301993218,18.2100357299474
2.6149424,6.308487,21.625899,6.821271,23.308611,7.14600682925618,18.6839527435245
2.6449936,6.279524,21.625899,6.801572,23.376651,6.86059769780886,18.892167727844
2.696168,6.269870,21.547438,6.712928,23.425250,6.66229053088814,19.1653298244189
2.7262272,6.289179,21.498400,6.762175,23.619648,5.67670643225003,19.0844478732691
2.7587024,6.308487,21.400325,6.722777,23.677968,5.30279953409611,19.1105845475198
2.8000336,6.240907,21.410132,6.791723,23.833486,4.28296123736897,19.2514934087178
2.8399616,6.202290,21.321864,6.653832,23.959845,3.82708808245233,19.8223098408404
2.8699728,6.134710,21.400325,6.545490,24.008445,4.08062694191435,20.470398808472
2.9099776,6.144364,21.380710,6.575038,23.950125,4.14327440575541,20.2832191493822
2.9412096,6.231253,21.331672,6.555339,23.920965,4.46459830686961,20.0097962835228
2.9724912,6.211944,21.253211,6.634133,23.814046,4.18061759017789,19.666412439561
3.0124688,6.202290,21.243403,6.712928,23.687688,4.27287417353317,19.3352979267242
3.055,6.395376,21.194366,6.762175,23.619648,4.90491371792166,18.4921995468453
3.0824256,6.472611,21.302249,6.890216,23.571049,5.34514774874853,17.9236111796954
3.1149632,6.520882,21.204173,6.978860,23.415530,5.38868664836036,17.2814685345569
3.1649152,6.636734,21.017829,7.018257,23.289172,5.42319107142088,16.5269164124192
3.1950112,6.791203,20.909946,7.294038,23.123933,5.21173378911642,14.9842728113762
3.2262384,6.791203,20.890331,7.313737,23.182253,4.85856425381874,14.9625432152998
3.2762528,6.858783,20.802063,7.382682,23.230852,4.36241208234056,14.5202602638683
3.3087296,6.926363,20.605911,7.540271,23.046174,3.95499629893202,13.4876839274779
3.338728,7.022906,20.478413,7.609216,22.803176,4.44966461448585,12.6352764666217
3.3687104,7.167721,20.282261,7.688011,22.774017,4.07186891263774,11.753232397535
3.4099904,7.380116,20.135147,7.914545,22.560179,4.28333009652733,10.1061348365377
3.4536976,7.515276,20.037072,8.121381,22.414380,4.21271996578762,8.86535369655418
3.4824848,7.660091,19.978226,8.141080,22.453260,4.3421563258243,8.37357761437566
3.5237312,7.795251,19.850728,8.328217,22.297741,4.26055693782294,7.15423152573209
3.5524864,7.911103,19.742844,8.407011,22.190822,4.39086915613895,6.37054877157258
3.5836976,8.026954,19.478040,8.466107,22.015864,4.21735561344218,5.39098798818566
3.6249856,8.181423,19.242658,8.564600,21.811746,4.27404701803188,4.18386505711685
3.6555248,8.461398,19.085737,8.732039,21.733987,4.43914768572626,2.66769414851711
3.6849488,8.615867,18.889585,8.830532,21.831186,3.5844727663877,1.85506173840407
3.7186896,8.741373,18.860162,8.879779,21.821466,3.82181321387642,1.33073222055345
3.7662176,8.818608,18.762087,8.879779,21.821466,3.74027797270945,1.00394787876586
3.7974992,8.828262,18.703241,8.919176,21.821466,3.40919481002916,0.80038826266501
3.8287232,8.760682,18.673818,8.909327,21.811746,3.09702735042707,0.964760437503983
3.879976,8.644830,18.742471,8.850231,21.938105,2.67527989918449,1.67430173636173
3.909976,8.528978,18.850355,8.722190,22.103343,2.51363709294713,2.66411044425474
3.9399808,8.374509,19.036699,8.643395,22.219982,2.50679627023525,3.65760441161644
3.9912144,8.200732,19.193620,8.554751,22.288021,2.51248062782663,4.64216266042632
4.0212688,7.988337,19.291696,8.387313,22.385221,2.30733514618329,5.92540105677084
4.05248,7.901448,19.281888,8.377463,22.462980,1.68668965772391,6.27361843281089
4.0937152,7.920757,19.419194,8.288819,22.579619,2.2083543609372,6.74807443614883
4.1449808,7.843522,19.566308,8.288819,22.550459,2.58563594871869,7.09477211814154
4.1737152,7.795251,19.556500,8.229723,22.647658,2.22365082030231,7.49351388393101
4.2149424,7.785597,19.566308,8.200176,22.667098,2.25956860521609,7.63631013692989
4.2449136,7.756634,19.429002,8.190326,22.608778,1.84043383908884,7.53580853888961
4.2762208,7.718016,19.527078,8.091833,22.667098,2.2167970601298,8.09560457855803
4.306272,7.660091,19.683999,8.081984,22.793456,2.20021560526865,8.59106087611061
4.3461696,7.669745,19.733037,8.062285,22.803176,2.46634616659555,8.68190381062583
4.37744,7.708362,19.723229,8.022888,22.871216,2.47964137833042,8.74558911214434
4.4087248,7.640782,19.674191,8.003189,22.725417,2.59948993827189,8.7895380804538
4.4474448,7.631128,19.585923,8.032737,22.822616,1.76821843053629,8.74193434177561
4.4787216,7.631128,19.536885,8.131230,22.725417,1.56926021023586,8.30431668827989
4.5099712,7.621473,19.546693,8.111532,22.667098,1.84282920949794,8.33658483076754
4.5412192,7.679399,19.556500,8.180477,22.569899,2.21039532149903,7.87987894685072
4.5799616,7.737325,19.527078,8.338066,22.511579,1.97560944698297,7.17145396403041
4.611208,7.785597,19.497655,8.416861,22.433820,2.04651816969954,6.69467557229424
4.6412048,7.882140,19.448617,8.466107,22.365781,2.29985889472992,6.15454373202967
4.683704,7.862831,19.360349,8.495655,22.307461,1.97520793427921,5.96372402916397
4.71872,7.920757,19.507462,8.475957,22.268582,2.98993593921798,5.97572674985077
4.7537072,7.920757,19.458425,8.525203,22.239422,2.72640254927654,5.75061677358029
4.7900032,7.959374,19.487847,8.466107,22.200542,3.33839063326385,5.79774156552526
4.8252688,7.978683,19.458425,8.475957,22.142223,3.4693248809845,5.61820011739884
4.8565968,7.940066,19.458425,8.485806,22.142223,3.28261233026198,5.69919825134031
4.8877984,7.949720,19.517270,8.436559,22.054744,4.03503666760744,5.77897389577257
4.9377648,7.930411,19.654576,8.485806,22.181103,3.87787034498192,5.98669558488317
4.9690704,7.988337,19.683999,8.436559,22.083903,4.73604414541137,5.88743809348737
4.9987248,8.017300,19.713422,8.338066,22.103343,5.24378827366109,6.13709158264811
5.0399664,8.046263,19.703614,8.436559,21.996424,5.34827867203239,5.64945319026407
5.0699888,8.017300,19.782075,8.436559,21.908945,5.85178440572855,5.72083163017291
5.1012576,7.969028,19.791882,8.407011,21.831186,6.08493609842334,5.8645883474726
5.1324944,8.055917,19.831112,8.397162,21.870066,6.47105449465985,5.73429460575209
5.1724864,8.094534,19.870343,8.397162,21.850626,6.84176884708479,5.64776572338828
5.202464,8.104189,19.860535,8.377463,21.831186,6.98112279135671,5.64350525458583
5.2336848,8.094534,19.831112,8.416861,21.782586,6.86291089049864,5.47318143860726
5.2850608,8.084880,19.831112,8.436559,21.811746,6.65082267885222,5.47746288441041
5.3249792,8.075226,19.860535,8.426710,21.850626,6.62365428193876,5.60814093180053
5.3674336,8.123497,19.919381,8.387313,21.802026,7.35192209440069,5.59461662407585
5.4186928,8.055917,19.948803,8.416861,21.733987,7.34264730665993,5.65851975221027
5.44876,8.113843,19.948803,8.416861,21.782586,7.39191157553936,5.54991586124222
5.4824912,8.123497,19.880150,8.397162,21.665948,7.65355559087853,5.37173683507157
5.5311744,8.094534,19.899765,8.298669,21.685387,7.90213919159583,5.774051405709
5.5624656,8.017300,20.076302,8.288819,21.860346,7.69125222738791,6.40761842257774
5.5924768,8.017300,20.095917,8.210025,21.860346,8.04966118182028,6.65146000062057
5.6375472,7.920757,20.135147,8.200176,21.967265,7.48057223953449,7.1115085188417
5.6649504,7.804905,20.301876,8.131230,21.996424,7.81912702233954,7.84705102662774
5.6949776,7.708362,20.350914,8.121381,22.015864,7.60182755527156,8.22322204681088
5.7311888,7.698708,20.282261,8.081984,22.093623,7.16219205403025,8.3729293577685
5.7787104,7.650436,20.301876,8.062285,22.054744,7.2614764244304,8.54686312201102
5.8074816,7.679399,20.243031,8.121381,22.025584,7.03846177826999,8.20117143717818
5.839968,7.698708,20.144955,8.180477,22.064464,6.3824727866713,7.91394533706065
5.8787168,7.679399,20.056687,8.210025,22.132503,5.61614196516734,7.86302846554162
5.9100048,7.737325,20.017456,8.160778,22.171383,5.72585610922286,7.83790483366653
5.939968,7.698708,20.076302,8.170628,22.181103,5.73488776948849,7.99347080622514
5.9876672,7.650436,20.223416,8.190326,22.210262,5.9449113744229,8.26303178527
6.036264,7.631128,20.321491,8.229723,22.239422,6.00642048122746,8.34092296651364
6.063728,7.669745,20.282261,8.210025,22.132503,6.45403457693837,8.13183054735932
6.1037216,7.602165,20.174378,8.308518,22.161663,5.32007933356531,7.95984456054588
6.1349376,7.621473,20.066494,8.338066,22.015864,5.38798017887873,7.54814322501623
6.1649872,7.650436,20.066494,8.308518,21.967265,5.77941388742075,7.49727303438722
6.1974944,7.650436,20.154762,8.328217,22.093623,5.60298546865387,7.67263863295642
6.2400656,7.573202,20.223416,8.190326,22.083903,6.09514548887616,8.34898361593482
6.2787376,7.524930,20.292069,8.190326,22.200542,5.75886696281587,8.68375433029443
6.3074512,7.495967,20.321491,8.229723,22.404660,4.89857143608039,8.8999877760611
6.3587888,7.447696,19.899765,8.318367,22.113063,3.77642536424307,8.02624426554757
6.3899696,7.389770,19.713422,8.357765,21.753427,3.9498788922755,7.48624172502125
6.4199744,7.360807,19.585923,8.436559,21.306311,4.65361237748904,6.70490135400257
6.46248,7.380116,19.507462,8.574450,21.053594,4.8340190436667,5.87512662861266
6.4924416,7.370461,18.928815,8.466107,20.820316,3.69759488408969,5.28232424893027
6.52276,7.389770,18.477667,8.357765,20.295441,4.26997830354239,4.38570436548115
6.5624848,7.689054,18.281515,8.239573,19.945524,6.47909365097488,3.17947224808416
6.6049568,7.660091,18.565935,7.924395,19.576168,10.1962379572114,4.10433750285547
6.6390832,7.524930,18.350168,7.609216,19.304011,11.0745304313327,4.87390629181525
6.6786944,7.293227,18.016711,7.441778,18.701377,11.8262515377135,4.94629979359696
6.71496,7.409079,18.536512,7.569819,18.856895,13.343293290123,5.03053444117597
6.7462352,7.737325,19.066121,7.845600,19.177652,14.4480971004358,4.23394965199964
6.7761952,7.737325,18.732664,7.993340,19.449809,11.4242537488605,3.71498310354933
6.82748,7.698708,18.516897,8.229723,19.576168,8.95885730613264,3.01374071172363
6.8575024,7.553893,17.899020,8.052436,19.245691,7.75909271265573,2.78684206554694
6.888976,7.312535,17.820559,7.717559,18.934654,8.98117870076469,4.06595907248637
6.9299056,7.486313,17.751906,7.845600,18.856895,9.22877651507379,2.93908310702361
6.9612,7.727671,17.879405,8.013038,19.167932,8.87716396686927,2.253718990481
6.9925104,8.393818,18.487474,8.416861,19.858045,9.861957493157,0.749802436893489
7.0237344,9.059965,18.389399,9.135861,20.159362,8.28960681213956,-2.87055441073102
7.0612528,9.561989,17.781329,9.825314,20.295441,4.86800194980779,-6.68257824363702
7.0925184,10.469494,17.261527,10.445821,19.683087,6.3597932695696,-12.1775095141543
7.1229856,11.328728,16.624035,11.263314,19.070733,6.48716908637014,-18.1327366705678
7.1675024,11.994875,17.033252,11.824726,18.322300,11.2385528204829,-21.5358164840854
7.1999856,12.892726,16.775388,12.622521,17.884905,12.3125106020644,-26.4347436815304
7.2386768,13.288553,16.467935,12.957398,17.564148,12.5843420600344,-29.0342278951766
7.2700288,13.616799,16.339004,13.272576,16.951794,14.3660131133843,-31.6333556840148
7.3174768,13.751959,15.902619,13.705946,16.815715,12.2126310850337,-33.7941018913997
7.3486848,14.234675,15.099275,14.779522,15.798443,10.8367713900226,-40.1756938219494
7.3800256,14.389144,14.861247,15.173495,15.339845,10.7570339097598,-42.5417874913067
7.4187808,14.620847,14.583548,15.419728,14.676342,12.076775938771,-45.2604440973886
7.449944,14.978057,14.157081,15.833399,13.856721,13.289638028782,-49.1813385711946
7.4799888,15.480081,13.849629,16.355413,13.368851,13.8856966167986,-52.6725020381091
7.5213264,15.982105,13.770286,16.749467,12.910254,15.6698829823904,-55.3703701152889
7.551232,16.590326,13.800039,17.383908,12.315052,17.8233031479476,-58.6698169651865
7.582488,16.713822,13.571929,17.901221,11.690579,17.8413200221326,-61.5657990597607
7.613696,17.174882,13.532258,18.584464,11.271011,18.3767326504568,-64.382809731527
7.6524752,17.904894,13.343819,19.726457,10.705082,18.2005017672022,-68.8632911883783
7.6836976,18.029764,13.046284,20.009515,10.451390,17.4963961389299,-70.6986283971866
7.7137232,18.145029,12.431379,20.556110,10.285514,14.3972987205686,-73.4285219441841
7.7549136,18.500430,12.242940,21.151508,10.334301,12.7491893606122,-75.0394304361528
7.7862768,18.865436,11.637953,21.893315,10.158668,9.97260621954201,-78.3159552918159
7.816248,18.961490,11.092472,21.922597,9.700071,9.82565165451964,-80.895851574703
7.8575008,19.086360,10.973458,21.981161,9.680556,9.71322908563567,-81.463500358595
7.8975088,19.681896,10.576745,22.976744,9.826917,6.59485074691805,-83.9907736947779
7.9587424,19.950848,10.427977,23.210999,9.641526,6.86240444879975,-85.3929032057515
7.999944,20.287038,10.120525,23.767355,9.436621,5.81468078826143,-87.6618394840756
8.032472,20.536779,10.120525,24.060174,9.309775,6.15972764410368,-88.5686645503725
8.0611984,20.604016,10.467649,24.196822,9.378076,6.94891426117292,-87.7663597978237
8.0962336,20.613622,10.566827,24.167540,9.378076,7.42102210339119,-87.5029720095165
8.1325152,19.970059,10.963540,23.415972,9.465893,8.72251318473597,-84.7693307348733
8.1637504,19.528210,11.300746,22.927941,9.573224,9.6155846043294,-82.6095388524579
8.193792,18.798198,11.350336,22.117810,9.729343,9.40031061500379,-80.23543322141
8.2450624,18.289111,11.518939,21.678582,10.002550,8.73717291718128,-77.9586242598156
8.2762944,18.106608,12.361954,21.746906,10.763627,8.31261322194221,-74.0392854329321
8.317496,18.442797,12.540475,22.195895,10.792899,8.54492726896468,-74.598202679249
8.367512,18.682933,12.223105,22.381346,10.539207,8.49894772087276,-76.4485970790125
8.3975264,18.634906,11.846227,22.039725,9.885461,10.3224826833585,-78.3634392160329
8.4287248,18.462008,11.866063,21.659060,9.680556,11.7809059518169,-78.0967086797019
8.480024,18.039370,11.697460,21.102705,9.661041,11.6573927889842,-77.2688707461863
8.5199856,17.876078,11.717295,20.956296,9.534195,12.0996106288576,-77.1166988435783
8.5567984,18.097002,11.667706,21.171029,9.426863,12.3438440458222,-78.0818015697559
8.6024752,18.404376,11.637953,21.405284,9.378076,12.6945965133555,-78.9828200012489
8.6337984,18.769382,10.864362,21.844512,8.987781,11.0407582616692,-82.9029352065674
8.6637776,18.942279,10.517238,22.010443,8.656029,10.9862209376908,-85.0538982159754
8.7050528,19.364918,9.356852,22.527756,7.875438,9.17526057947804,-91.3078139990682
8.7362848,19.595448,8.166712,22.908420,7.036302,7.14383303843461,-97.6925069405668
8.7687872,19.460972,7.859260,22.849856,6.928970,6.01004332000007,-98.7093457346103
8.8137584,19.240047,7.303861,22.644883,6.841154,3.96379088687073,-100.200005662452
8.8487472,18.798198,7.323697,22.615601,6.987515,1.8071260135194,-99.2050351565258
8.8787904,18.654117,7.412957,22.830335,7.114361,0.344178060541243,-98.625134852716
8.9099712,18.586879,7.512136,22.947463,7.094846,0.125510017379142,-98.4380672526917
8.9512384,18.663722,7.353450,23.123154,6.968000,-0.387702674984549,-99.5634569930702
8.9800096,18.702144,7.274108,23.386691,6.997272,-1.59942413866381,-100.026105785094
9.0112448,18.663722,7.522054,23.308606,7.094846,-0.803863603470559,-98.8676387438368
9.0549952,18.481219,7.581561,23.093872,7.182663,-0.860372619893555,-98.0101975399763
9.0837552,18.279505,8.077452,22.810814,7.563201,0.00206484185193645,-94.9003502637954
9.11376,17.847261,9.059317,22.371586,8.499911,0.475261462358423,-88.4685863902002
9.1449968,17.270936,9.862661,21.659060,9.153656,1.58620365524678,-82.9365870821886
9.2027664,16.809876,10.358553,21.053902,9.534195,2.51358679945591,-79.2309177157472
9.2362256,16.532400,11.409843,20.029037,10.100124,7.17899384959863,-73.307193747195
9.2699792,16.358623,11.846227,19.521484,10.314786,9.24680560908266,-70.7056552635806
9.3075072,15.586278,12.718996,18.125715,11.280769,11.2011112323702,-62.9445404558042
9.3402464,15.267686,13.036367,17.666966,11.827183,10.8743392725053,-59.6789235845904
9.3687504,15.045637,13.383491,17.452232,12.110147,11.1014153945814,-57.528598137936
9.409936,14.562921,13.681025,17.286302,12.432141,9.82468198289903,-55.0412777993213
9.4412672,14.128477,13.681025,17.198456,12.324810,8.86067941882914,-54.3400718705155
9.4712768,14.080206,13.224805,17.471753,11.963786,7.20291840839356,-56.544573872509
9.5037648,14.215366,12.272694,17.540078,11.388100,5.79914592213103,-60.4116257709816
9.5425344,14.321564,11.399925,17.471753,10.685567,5.54434039056104,-64.3000397857443
9.57392,14.447070,10.973458,17.471753,10.470905,5.09964525628596,-66.1362783201726
9.6037328,14.495341,10.656088,17.403429,10.705082,3.311742353948,-66.3148042711357
9.6449872,14.813933,10.824691,17.286302,11.212467,3.89423239051184,-64.9500046619898
9.6762512,15.007020,11.261075,17.120371,11.544218,5.88715691747255,-63.1054876382096
9.7051664,15.064945,11.578446,16.934919,11.583248,7.97400528272433,-62.0251095797421
9.7387792,15.132526,11.965241,16.534734,11.544218,11.4822588075477,-60.6143838129962
9.7762576,14.891168,12.619818,16.079632,11.885727,13.5589674092762,-57.0452914719675
9.8074736,14.852551,12.957024,15.902345,12.178449,14.2815818513223,-55.2216224471189
9.8563712,14.746353,13.006613,15.744756,12.363839,13.9538977136853,-54.209671462246
9.90128,14.205712,13.562011,15.409879,13.573756,10.6936258764859,-48.7410192655515
9.9300112,13.790577,13.770286,15.163646,14.159200,8.62606417631403,-45.8133068802593
9.9612256,13.433367,13.889300,14.602234,14.861733,7.16844932587697,-42.3234064904059
10.0012528,13.056849,14.256260,14.493892,16.417199,1.95350776844026,-37.6455234267598
10.032528,12.574134,14.276095,13.883234,16.708796,1.22933448922199,-34.7743135633998
10.0625264,12.371393,14.712480,13.873385,17.943224,-2.06388528935024,-31.3515022285649
10.095064,12.458282,15.535659,14.198412,18.837455,-2.55377282153906,-29.3458365322754
10.144992,12.998923,15.813359,14.641632,17.748826,2.67466937750763,-32.7296514943664
10.1750272,13.259590,14.613301,14.681029,16.407479,3.52478680919046,-37.8042488073255
10.2050128,13.134084,14.097574,14.356001,15.115425,6.78045474255892,-40.2957726415389
10.2562576,13.365787,14.573630,14.227960,15.164212,9.84618543089556,-39.4962566756411
10.2887888,13.722996,15.337303,14.651481,15.710626,10.5891767189974,-38.6307127367458
10.3362304,13.829194,15.654673,14.592385,15.632567,12.6450705610615,-38.2883355607932
10.3788432,13.945046,15.595166,14.681029,15.164212,14.2201559414685,-39.6644221062446
10.4087984,14.128477,15.367056,14.631782,14.676342,16.0221847542204,-41.2720813087666
10.4404496,14.273292,15.386892,14.375700,14.471437,18.3407849435185,-41.4032830270334
10.4987152,14.408452,15.555495,14.316604,14.237259,20.5491196672954,-41.6796354661849
10.5425088,14.360181,16.190236,14.159015,14.276289,23.0954603893579,-39.9960972611428
10.5774768,14.514650,16.110894,13.962028,14.276289,24.1123566408732,-40.0596241950791
10.6125488,14.350527,16.309250,13.794590,14.207987,25.138884491413,-39.1498437298152
10.6462512,14.398798,16.616703,13.755193,14.315318,26.1230749233607,-38.3997383448064
10.674976,14.389144,16.339004,13.765042,14.276289,25.2301142565074,-38.9856329934771
10.736288,14.253983,16.210072,13.676398,14.354348,24.3383150789124,-38.6261905843108
10.7662576,14.118823,16.249743,13.745343,14.422650,23.4711061616809,-38.2906210319375
10.7962496,14.176749,16.319168,13.696097,14.608040,23.4022576238749,-37.8379266573195
10.849976,14.051243,16.170401,13.765042,14.773916,21.5319473406946,-37.6910272452581
10.8787616,14.041589,16.001797,13.774891,14.812946,20.7069109082986,-37.9299522192208
10.9087904,13.916083,15.902619,13.755193,14.861733,19.7846909302674,-37.7254710526763
10.949968,13.983663,15.872866,13.843837,14.998336,19.0734668488959,-37.8484051438657
10.9799824,13.945046,15.902619,13.833987,15.047123,18.8953340954543,-37.604895447644
11.0112496,14.002971,15.843112,13.912782,15.115425,18.3397917499494,-37.8678138017441
11.0462576,13.935391,15.853030,13.824138,15.164212,18.2791968279495,-37.4411749067796
11.0812624,13.838848,15.783605,13.883234,15.271543,17.0548297261971,-37.2950737797905
11.1162608,13.771268,15.833194,13.912782,15.291058,16.8070642581706,-37.0908057881733
11.153768,13.616799,15.793523,13.804439,15.398389,16.0986119810468,-36.425849468545
11.2050336,13.645762,15.823277,13.765042,15.564265,15.8466930804569,-36.0494262014468
11.2349984,13.568528,15.783605,13.774891,15.613052,15.200202917283,-35.8933085516466
11.265024,13.520256,15.853030,13.794590,15.593537,15.2775103350408,-35.7439042588886
11.3175328,13.452676,15.763770,13.774891,15.730141,14.2682018153061,-35.4771022497555
11.346272,13.462330,15.763770,13.814289,15.808200,13.873903173985,-35.4387995031661
11.3775168,13.462330,15.724098,13.765042,15.769170,14.0499293555163,-35.4778514928492
11.4188144,13.423713,15.624920,13.824138,15.739898,13.4284251607844,-35.7522584705334
11.4487328,13.404404,15.605084,13.794590,15.847230,12.9980634296687,-35.4925070501965
11.4800048,13.385096,15.605084,13.794590,15.905774,12.7124366534647,-35.3468128241451
11.5125136,13.443022,15.674509,13.794590,16.329720,11.6529045437902,-34.5871679646499
11.5512528,13.394750,15.624920,13.853686,15.856987,12.7849196853044,-35.5421598666668
11.582536,13.375441,15.634838,13.804439,15.856987,12.9294428271589,-35.3814728736334
11.6137552,13.443022,15.555495,13.794590,15.798443,13.1354121925624,-35.750619490496
11.6550352,13.443022,15.575331,13.853686,15.817957,12.9222832707501,-35.8024076024579
11.6975024,13.452676,15.515824,13.853686,15.778928,12.8786425305603,-36.0008082947575
11.7262672,13.462330,15.555495,13.853686,15.788685,13.0271501287935,-35.9313256349885
11.7612512,13.481639,15.585249,13.765042,15.749656,13.6772187467199,-35.8039453091242
11.8087248,13.529910,15.515824,13.774891,15.730141,13.6338698538254,-36.0860886333738
11.8388704,13.607145,15.555495,13.863535,15.700869,13.851069691585,-36.4109356922493
11.8699424,13.655416,15.515824,13.912782,15.564265,14.2033063329883,-36.9332636826175
11.9199824,13.694034,15.525742,13.922631,15.554508,14.3829211193454,-37.0327381506413
11.951272,13.790577,15.486070,13.942330,15.495963,14.7361523458561,-37.4511905087998
11.9812688,13.809885,15.545577,13.932480,15.486206,15.099300447841,-37.3793974517542
12.0312304,13.800231,15.565413,13.853686,15.515478,15.3192159740753,-37.1081362956533
12.0625056,13.761614,15.734016,13.893083,15.456934,15.86791792465,-36.9089622790108
12.0925072,13.819540,15.644756,13.804439,15.369117,16.405643378884,-37.1692273715079
12.1437424,13.848502,15.595166,13.794590,15.271543,16.729162114788,-37.4787762659464
12.1740144,13.896774,15.624920,13.794590,15.212999,17.23386779915,-37.6309645688081
12.2050064,13.916083,15.684427,13.883234,15.193484,17.264813066143,-37.778452495763
12.2450544,14.022280,15.684427,13.843837,15.134940,18.0176423387474,-38.0227829399842
12.277512,14.118823,15.694345,13.971878,15.027608,18.3275008216445,-38.6593348650194
12.307848,14.234675,15.615002,13.962028,14.822703,19.2643652262482,-39.4025747095253
12.3487408,14.311909,15.595166,14.011275,14.725129,19.6540767956956,-39.8773600283331
12.3787648,14.427761,15.555495,13.981727,14.695857,20.1510452572344,-40.1802125463515
12.42876,14.466378,15.505906,14.070371,14.559253,20.2925393928932,-40.7863837982848
12.4637568,14.543613,15.535659,14.080220,14.529981,20.7514562631359,-40.9590389103546
12.4999888,14.533958,15.486070,14.149166,14.510466,20.3514075480527,-41.208009905914
12.5312576,14.572576,15.495988,14.159015,14.529981,20.4153911169796,-41.2483219783498
12.561272,14.649810,15.436481,14.218111,14.451922,20.55069271362,-41.7796877847324
12.602504,14.678773,15.446399,14.188563,14.403135,20.9863952599852,-41.8526867527512
12.6325264,14.727045,15.287714,14.287056,14.403135,20.2171083287513,-42.4454573960038
12.6638048,14.775316,15.307549,14.326453,14.383620,20.3873809320501,-42.6167926382564
12.708792,14.775316,15.257960,14.375700,14.354348,20.1336375610752,-42.8647442269069
12.74504,14.842896,15.188535,14.415097,14.354348,19.9787217707449,-43.2073150081754
12.7762576,14.852551,15.198453,14.484042,14.422650,19.5342458558819,-43.2095188167314
12.8078944,14.910476,15.138946,14.474193,14.315318,19.9680801122242,-43.6248043695237
12.8575376,14.823588,15.000097,14.464344,14.256774,19.40950682644,-43.8201267376247
12.888752,14.765662,14.980261,14.493892,14.286046,18.9055808861084,-43.7464892419958
12.9187376,14.736699,15.019932,14.434796,14.315318,19.0567346222149,-43.4405669102059
12.9700144,14.871859,15.079439,14.513590,14.383620,19.2101148796861,-43.6093003319695
13.0012928,14.842896,15.000097,14.543138,14.383620,18.7074775371003,-43.7641404230376
13.0349792,14.794625,14.930672,14.484042,14.354348,18.6109324510725,-43.7472782940417
13.0862608,14.804279,15.019932,14.484042,14.373863,18.897251296043,-43.5547439461252
13.1238288,14.775316,15.059604,14.484042,14.403135,18.8263819802255,-43.3648130459632
13.1537232,14.804279,14.980261,14.513590,14.461679,18.3139403602613,-43.5189342629733
13.1987616,14.784970,14.970343,14.493892,14.442165,18.3542572431084,-43.5000561351988
13.226264,14.833242,15.010015,14.513590,14.539739,18.2359131638493,-43.3668720498527
13.256312,14.736699,14.990179,14.484042,14.461679,18.2146312865087,-43.3105877562539
13.291288,14.813933,14.930672,14.543138,14.481194,17.9856173322339,-43.6533544690399
13.3275504,14.736699,14.831494,14.533289,14.461679,17.4513220794424,-43.7145121496275
13.3590896,14.813933,14.831494,14.533289,14.442165,17.8065521457649,-43.9027048309657
13.3887328,14.813933,14.821576,14.562837,14.481194,17.5144674835518,-43.9034092721023
13.4300112,14.862205,14.900918,14.533289,14.412892,18.3447955174009,-43.9182544532882
13.4612528,14.920131,14.891001,14.582536,14.481194,18.08060395497,-44.0122781573063
13.4912976,14.910476,14.831494,14.631782,14.490952,17.6096958226766,-44.1853451969501
13.52876,14.891168,14.771987,14.582536,14.325076,18.1249674278414,-44.4927248400336
13.562512,14.852551,14.672808,14.612084,14.403135,17.2188375802064,-44.5165683758646
13.5925152,14.920131,14.742233,14.612084,14.295804,18.1210503410205,-44.7215021677788
13.6241024,14.939439,14.742233,14.641632,14.422650,17.6074997824409,-44.567282006766
13.6675072,15.035982,14.771987,14.779522,14.393378,17.6633287349574,-45.0162552877457
13.708856,15.026328,14.722397,14.740125,14.247017,18.1393850060846,-45.3066110673137
13.7362432,15.016674,14.603384,14.769673,14.315318,17.3054766440063,-45.4445334597757
13.7775376,15.035982,14.603384,14.730275,14.305561,17.5590965394907,-45.4253178851706
13.807928,14.910476,14.633137,14.749974,14.393378,16.8087824482785,-44.9910712335013
13.83752,14.997365,14.613301,14.799221,14.383620,16.9076074234549,-45.3101854294817
13.87,14.978057,14.573630,14.818919,14.315318,16.8722140772621,-45.5235280045397
13.9088032,14.939439,14.662891,14.769673,14.403135,16.9143487975759,-45.0069725199535
13.9400592,14.891168,14.633137,14.700728,14.442165,16.7397214334584,-44.7634710018196
13.9700624,14.949094,14.633137,14.720426,14.422650,16.9512035461451,-44.9510485061733
14.0037648,14.920131,14.692644,14.621933,14.490952,17.1751033508557,-44.4555135602608
14.0424944,14.910476,14.652973,14.690878,14.451922,16.8834824539667,-44.723706068206
14.0725104,14.949094,14.692644,14.671180,14.432407,17.3154923708003,-44.7206625026562
14.1063024,14.958748,14.712480,14.631782,14.422650,17.606090505137,-44.6436821307344
14.1537472,14.929785,14.712480,14.671180,14.412892,17.3900196635368,-44.6828683224174
14.1850544,14.949094,14.752151,14.651481,14.364105,17.8603422733417,-44.6999587921279
14.2150304,14.920131,14.692644,14.671180,14.325076,17.6095951011225,-44.8753311815894
14.254992,14.939439,14.633137,14.631782,14.315318,17.6462073478639,-44.9728320626942
14.28628,14.958748,14.643055,14.671180,14.295804,17.6788070802538,-45.1047615190951
14.3388144,14.968402,14.781904,14.710577,14.412892,17.637297575182,-44.6971889280668
14.3887456,15.026328,14.712480,14.720426,14.364105,17.7402625054091,-45.0584366826256
14.4187888,14.978057,14.702562,14.789371,14.325076,17.4169929256923,-45.1940522937982
14.4500208,15.016674,14.722397,14.700728,14.354348,17.8508956607545,-45.001856035317
14.4913376,14.929785,14.643055,14.710577,14.305561,17.3893354987654,-45.1056151534651
14.5224944,14.997365,14.672808,14.769673,14.325076,17.4521548033827,-45.2517512181838
14.5637552,14.997365,14.613301,14.690878,14.325076,17.5283822667883,-45.2177662271369
14.606248,15.016674,14.613301,14.720426,14.334833,17.4524172980485,-45.2922626641795
14.6337728,15.026328,14.583548,14.779522,14.295804,17.3042408189041,-45.5594313292229
14.6637792,15.045637,14.484370,14.818919,14.325076,16.7565257060435,-45.8096601612894
14.6975408,15.045637,14.494287,14.838618,14.207987,17.1551968127257,-46.059588755466
14.7450176,14.968402,14.444698,14.868166,14.344591,16.072043238314,-45.7961153572768
14.7762656,15.074600,14.444698,14.887865,14.305561,16.5338275742773,-46.1133314299431
14.8063392,15.055291,14.474452,14.986358,14.295804,16.2435943403924,-46.2240921524859
14.8475168,15.142180,14.424863,15.015906,14.295804,16.2710628455092,-46.5427505514874
14.8775408,15.132526,14.305849,15.015906,14.247017,15.9792858175155,-46.8582902771839
14.9113216,15.151834,14.147163,15.114399,14.071384,15.751292330064,-47.751045826123
14.9400576,15.171143,14.097574,15.104550,14.003082,15.9296080390425,-48.0071549907252
14.9924752,15.258032,14.137246,15.143947,14.120171,15.816274770976,-47.9274358443266
15.0199984,15.383538,14.018232,15.360632,14.051869,15.2926871230514,-48.9428065460911
