0.0380928,11.064123,18.693434,10.763661,17.593308,0.811601284133402,6.09806540426672
0.0691152,11.006180,18.703241,10.734106,17.622467,0.637962843169269,6.37005928526967
0.0990704,11.025494,18.673818,10.724254,17.651627,0.527502020342662,6.34643204254984
0.1405056,11.044809,18.693434,10.704551,17.622467,0.855686945775999,6.33335195120883
0.170448,11.006180,18.614973,10.714402,17.632187,0.354132263719734,6.30286963652821
0.200576,11.035152,18.703241,10.714402,17.612747,0.855730468482077,6.33300307580389
0.235448,10.977208,18.762087,10.734106,17.612747,0.783787572470378,6.51339736575589
0.2816368,11.006180,18.722856,10.674995,17.671067,0.749480434415801,6.6155065814208
0.3115712,11.044809,18.742471,10.625737,17.593308,1.44705583659336,6.55636899742346
0.3454176,10.986866,18.703241,10.704551,17.593308,0.791853745073809,6.44733961616038
0.3829536,11.035152,18.742471,10.704551,17.603027,1.07312120861717,6.4005776579676
0.4141216,11.015837,18.742471,10.694699,17.671067,0.780778134679913,6.57205722917588
0.4454576,11.015837,18.742471,10.694699,17.709946,0.632589248974372,6.62898509282354
0.476576,11.035152,18.634588,10.724254,17.583588,0.679449063790994,6.16469280304166
0.5153984,11.054466,18.595358,10.724254,17.661347,0.310005044388223,6.17410043618267
0.5478256,11.083437,18.624781,10.714402,17.593308,0.820170764577387,6.07020697552676
0.5766352,11.044809,18.624781,10.724254,17.671067,0.345066182308132,6.25546856411081
0.6278752,11.083437,18.664011,10.724254,17.690507,0.554574763323695,6.24703833649603
0.6578864,11.064123,18.605165,10.783365,17.661347,0.155930556266712,6.01998800289982
0.6891392,11.025494,18.634588,10.783365,17.700226,-0.0254463082478704,6.21520824850886
0.7304432,11.006180,18.556127,10.753809,17.758546,-0.491973506741237,6.30544564785255
0.7604112,10.986866,18.614973,10.773513,17.700226,-0.200710951328938,6.30526415175595
0.7916256,10.928922,18.487474,10.753809,17.729386,-0.916696753076433,6.35136282319023
0.8228816,10.938580,18.575743,10.724254,17.787706,-0.66627009218967,6.61596608439552
0.8654304,10.977208,18.546320,10.773513,17.797426,-0.856146758632991,6.37094168873152
0.912872,10.967551,18.565935,10.743958,17.826585,-0.81815299243648,6.53885990559801
0.9479056,10.928922,18.605165,10.734106,17.797426,-0.668080841214736,6.67286676428494
0.9846784,10.842008,18.624781,10.763661,17.826585,-1.13744792650689,6.88554957553625
1.0166528,10.842008,18.595358,10.674995,17.855745,-1.02007764047606,7.10412265034175
1.0454672,10.919265,18.614973,10.743958,17.884905,-1.03608002221219,6.81466765931347
1.0954176,10.890294,18.683626,10.665144,17.846025,-0.44497089725928,7.12370259742039
1.12656,10.880636,18.713049,10.684847,17.836305,-0.410557214147798,7.12760081857263
1.1566272,10.890294,18.664011,10.684847,17.875185,-0.702074871953796,7.088983256767
1.1967024,10.851665,18.713049,10.684847,17.952944,-0.958213041582682,7.36853197647265
1.2290864,10.803379,18.614973,10.625737,17.846025,-0.866052579637966,7.33624907621724
1.2604528,10.803379,18.762087,10.665144,17.855745,-0.512795560825471,7.46670323692744
1.2928736,10.793722,18.742471,10.655292,17.865465,-0.619491405511285,7.50063898953524
1.34044,10.784065,18.820932,10.586330,17.962664,-0.47478545934548,7.94943598928863
1.3704736,10.755093,18.840547,10.556774,17.943224,-0.323118794890839,8.09497398077144
1.4005008,10.755093,18.840547,10.615885,17.952944,-0.584151520362063,7.96224274723245
1.451632,10.706807,18.899393,10.546923,17.982104,-0.394676711461414,8.37993849953576
1.4815984,10.639207,18.928815,10.546923,18.059863,-0.828869942187421,8.70159312483149
1.516624,10.600578,18.928815,10.497664,18.079303,-0.857480603484404,8.94863889600832
1.5728672,10.513663,19.124967,10.438553,18.157062,-0.528490247975213,9.70216292831292
1.6041296,10.330177,19.213235,10.369591,18.225101,-0.87322396869817,10.5565359794956
1.6345728,10.272233,19.262273,10.300629,18.283421,-0.865562807776059,11.0270838039765
1.6778752,10.175662,19.389771,10.280925,18.263981,-0.604004742617181,11.4718866377424
1.7054528,10.194976,19.370156,10.251370,18.322300,-0.714099517747104,11.5513426199349
1.735472,10.108061,19.419194,10.192259,18.283421,-0.481074000752364,11.9375210534602
1.7704928,10.088747,19.536885,10.221815,18.390340,-0.638531169177431,12.2192198619268
1.8066528,10.059775,19.507462,10.152852,18.429219,-0.738207628531591,12.482226085293
1.8366656,10.059775,19.517270,10.221815,18.341740,-0.632185663858744,12.1999167121102
1.8684944,10.069432,19.576115,10.162704,18.448659,-0.562814488211005,12.5522550749711
1.907856,10.011489,19.536885,10.152852,18.390340,-0.659963108631014,12.5929638837024
1.9378864,10.001832,19.458425,10.152852,18.370900,-0.909443181940302,12.4841328217599
1.9691344,9.963203,19.389771,10.123297,18.332020,-1.04430143963399,12.5121617703303
2.0016864,9.982518,19.546693,10.152852,18.351460,-0.58266512032431,12.627630808705
2.0416384,9.914917,19.585923,10.172556,18.487539,-1.27653485757318,12.9886924482495
2.0729024,10.011489,19.634961,10.044483,18.409779,0.0362827852926095,13.0306875748415
2.1020256,9.876289,19.703614,10.133149,18.497259,-0.874721248535884,13.361139355774
2.1490736,9.924575,19.605538,10.054335,18.555578,-0.979540621413268,13.3861129126164
2.1929296,9.837660,19.674191,10.113445,18.575018,-1.34322237702108,13.5761958430723
2.224096,9.799031,19.654576,10.074038,18.672217,-1.77484531118999,13.8812969326609
2.264064,9.741088,19.566308,10.123297,18.711097,-2.6448548611884,13.8375909484627
2.2954464,9.760402,19.693806,10.113445,18.886055,-2.72200920486006,14.2163548483651
2.3254752,9.750745,19.654576,10.034631,18.779136,-2.2063331646623,14.2504337436487
2.3591296,9.712116,19.654576,10.024779,18.779136,-2.31160236752995,14.3758764649528
2.3966608,9.605887,19.634961,10.024779,18.924934,-3.32297714931755,14.8186265859934
2.4278192,9.567258,19.566308,9.886855,18.983254,-3.42279076659423,15.2647974288166
2.4578992,9.480344,19.605538,9.660264,19.167932,-3.44284753130736,16.3807216541053
2.4990656,9.374115,19.752652,9.413970,19.323451,-2.9494083970866,17.7047836814706
2.5290976,9.267886,20.115532,9.019900,19.741406,-2.08974153499608,20.02376270815
2.5604256,9.180971,20.144955,8.990345,19.809446,-2.44646461168023,20.4571695156036
2.5928864,9.209942,20.174378,9.079011,19.605328,-1.79637935679522,19.9252427692149
2.6315696,9.451372,19.880150,9.463229,19.012414,-1.20070272660744,17.1327600138363
2.6654304,9.567258,19.850728,9.522340,18.866615,-0.552198632863307,16.4422542700275
2.692896,9.692802,19.919381,9.591302,18.818015,0.0821886672007413,15.956354798901
2.7354256,9.673488,19.929188,9.630709,18.769416,0.0824624458910934,15.8529438163191
2.766648,9.702459,19.968419,9.611006,18.827735,0.184440366166262,15.9560663144332
2.8078848,9.779717,19.909573,9.709523,18.730536,0.246546265485452,15.2923471061321
2.8666128,9.799031,19.850728,9.768634,18.565298,0.506893687892787,14.791940877512
2.9066576,9.885946,19.811497,9.808041,18.526418,0.678740951879105,14.3595613517904
2.9378416,9.914917,19.889958,9.896706,18.497259,0.842440654013749,14.1206485986525
2.9879616,9.934232,19.870343,9.817892,18.419499,1.43953225632192,14.1446017562347
3.0191312,9.982518,19.840920,9.906558,18.370900,1.35459469305311,13.6858712221135
3.0490944,10.021146,19.831112,9.955817,18.341740,1.38222195227474,13.4069332648582
3.0916208,9.992175,19.791882,9.955817,18.312580,1.24632651743913,13.3893525850833
3.1204592,10.088747,19.742844,9.975521,18.273701,1.49223304012371,12.9711579428324
3.1532784,10.050118,19.801690,10.044483,18.263981,1.338902507239,12.9598518732611
3.1815616,10.069432,19.752652,10.034631,18.234821,1.38031528411672,12.8295046878454
3.2429312,10.137033,19.772267,10.034631,18.234821,1.69619493904216,12.6828683706312
3.2878496,10.108061,19.772267,9.985372,18.263981,1.66830127770821,12.9229762740734
3.3454112,10.117718,19.693806,10.064186,18.361180,0.746994896601364,12.7216938752866
3.3740624,10.059775,19.683999,10.014928,18.341740,0.762629175643064,12.9568171220153
3.4054512,10.011489,19.595731,10.034631,18.332020,0.226677235164767,12.8972356634002
3.4491056,10.098404,19.625153,10.083890,18.254261,0.759738901448102,12.481768902773
3.4854672,10.059775,19.683999,10.113445,18.370900,0.276574150531838,12.7437953735345
3.526664,10.079090,19.527078,10.172556,18.302861,-0.191261123042675,12.2366488693049
3.577912,10.088747,19.458425,10.162704,18.302861,-0.369661773749107,12.1430678324523
3.6091344,10.088747,19.350541,10.221815,18.351460,-1.1742336214321,11.9105148261678
3.6391552,10.069432,19.409387,10.261222,18.332020,-1.10460838288691,11.9134126359682
3.6806496,10.108061,19.458425,10.290777,18.332020,-0.895049190097646,11.8070502485457
3.71188,10.117718,19.321118,10.310480,18.370900,-1.58459813968276,11.5968908997609
3.7415984,10.127376,19.340734,10.280925,18.351460,-1.29199225075757,11.6477721351576
3.7741712,10.127376,19.301503,10.310480,18.361180,-1.58452959127912,11.5318522342329
3.8118624,10.146690,19.203428,10.320332,18.283421,-1.61793592326731,11.2141314927003
3.8466672,10.166004,19.281888,10.340036,18.283421,-1.33251255759023,11.2238326750139
3.8744768,10.223947,19.252465,10.340036,18.332020,-1.41134809126738,11.1034160748731
3.9166432,10.156347,19.281888,10.458257,18.341740,-2.03350815246292,11.0295163169846
3.9454704,10.204633,19.311311,10.369591,18.322300,-1.34114568507895,11.1455387903664
3.9766416,10.204633,19.252465,10.399146,18.195942,-1.19136703789319,10.81338546021
4.0091632,10.310862,19.203428,10.418850,18.283421,-1.3863557715396,10.5486621629812
4.0466544,10.214290,19.213235,10.379443,18.234821,-1.37262922463364,10.8383540502682
4.0978512,10.262576,19.075929,10.468108,18.205662,-1.92538113921858,10.25894940355
4.1328816,10.359148,19.095544,10.487812,18.098743,-1.16790655818812,9.84286063701586
4.1691504,10.368805,19.105352,10.537071,18.176502,-1.57623367425607,9.81816312932121
4.2005136,10.378463,19.193620,10.487812,18.157062,-0.958005165472619,10.0143829786825
4.2306688,10.446063,19.124967,10.517367,18.050143,-0.669182672890152,9.52314784008778
4.2743872,10.561949,18.948431,10.487812,17.962664,-0.447115407401951,8.93152098615839
4.302408,10.581264,18.909200,10.615885,17.972384,-1.04304109006654,8.5209798634821
4.3328784,10.668178,18.840547,10.655292,17.904344,-0.867602610449741,8.01012788686199
4.3641264,10.639207,18.938623,10.635588,17.923784,-0.613470071508418,8.30015841525925
4.4029152,10.639207,18.889585,10.635588,17.933504,-0.829862469351286,8.24369372256513
4.4341696,10.648864,18.869970,10.655292,17.952944,-1.01454069386831,8.17044859531336
4.4655536,10.629549,18.928815,10.586330,18.001544,-0.792651718233056,8.54414207146379
4.5056544,10.658521,18.919008,10.645440,17.952944,-0.762293142208175,8.24137001716219
4.5369296,10.658521,18.919008,10.635588,17.875185,-0.430263767443381,8.15411085408629
4.5678944,10.610235,18.850355,10.625737,17.894625,-0.895352542794108,8.2279788945342
4.6028864,10.755093,18.938623,10.645440,17.855745,0.0303691441364311,7.89025640268035
4.6391744,10.764750,18.889585,10.615885,17.816865,0.146893504291492,7.81273522243831
4.6691856,10.784065,18.850355,10.665144,17.787706,-0.00226278371982147,7.54384131354607
4.7054944,10.784065,18.830740,10.694699,17.787706,-0.186250497764665,7.44225752268715
4.7505632,10.842008,18.850355,10.615885,17.836305,0.211603345938893,7.59273236068431
4.7816224,10.813036,18.811124,10.655292,17.826585,-0.150065063162484,7.49601275248409
4.8128592,10.832351,18.752279,10.714402,17.797426,-0.408291812930518,7.17434233857884
4.8416112,10.793722,18.742471,10.684847,17.729386,-0.214564579389065,7.22951924695049
4.8828592,10.784065,18.771894,10.665144,17.787706,-0.289136303214823,7.42996774940106
4.91288,10.842008,18.791509,10.714402,17.777986,-0.155820317016853,7.17930172357845
4.9428832,10.813036,18.840547,10.694699,17.836305,-0.229128524360981,7.45531676733168
4.9842032,10.793722,18.811124,10.714402,17.884905,-0.665882924752406,7.48212383396129
5.0141392,10.842008,18.762087,10.714402,17.758546,-0.189458743099175,7.1081618489673
5.045456,10.870979,18.664011,10.684847,17.768266,-0.366937727231389,6.98066039696728
5.077848,10.928922,18.605165,10.734106,17.748826,-0.483592472990613,6.60161238741101
5.1166144,11.083437,18.536512,10.852327,17.651627,-0.249289646856216,5.68831400511526
5.1478928,11.228295,18.369784,10.901586,17.612747,-0.368616627785959,4.90969509498261
5.1778816,11.315210,18.193247,10.980400,17.564148,-0.811396100833242,4.16995408495178
5.2178352,11.440754,18.016711,11.049362,17.457229,-0.854571067593933,3.27049721661473
5.2490656,11.546983,17.899020,11.147880,17.534988,-1.56387038702248,2.71824136440824
5.2791616,11.624240,17.830367,11.177435,17.476669,-1.42365713383887,2.26825957691164
5.3116464,11.798070,17.624408,11.305508,17.389190,-1.69500301436288,1.09689371230303
5.3554864,11.865670,17.506717,11.354767,17.447509,-2.28445469895456,0.728463118436146
5.390456,11.913956,17.418449,11.423729,17.291990,-2.10612450581235,0.0695547840719613
5.4228912,11.933270,17.418449,11.433581,17.282271,-2.03537433292831,-0.0142671685270805
5.4741024,11.981556,17.369411,11.463136,17.243391,-2.00299579268195,-0.335884362233472
5.5041664,11.971899,17.477294,11.463136,17.340590,-2.00724054129618,0.0107894242634963
5.534216,11.981556,17.418449,11.522247,17.379470,-2.55578699961767,-0.18136170347314
5.5841952,11.846356,17.359603,11.394174,17.350310,-2.68210430403324,0.29729201409684
5.6154592,11.778755,17.487102,11.384322,17.428069,-2.7157547838056,0.802563789321258
5.6454864,11.778755,17.496909,11.394174,17.505828,-3.00812988233566,0.916224406182678
5.6891072,11.633897,17.624408,11.344915,17.603027,-3.25174843833914,1.72431478193068
5.7166048,11.575954,17.693061,11.256249,17.612747,-2.91652448496354,2.19362719945918
5.746664,11.440754,17.634215,11.275953,17.583588,-3.60110055496529,2.333639200262
5.7778864,11.489040,17.693061,11.275953,17.622467,-3.34871012352662,2.36883774261259
5.8191104,11.402125,17.761714,11.197139,17.680787,-3.33967496264117,2.96018209176921
5.847848,11.392468,17.761714,11.236546,17.777986,-3.88638442978701,3.03731750991389
5.8790976,11.392468,17.771521,11.197139,17.894625,-4.13773454438856,3.32406986115103
5.924128,11.315210,17.742099,11.187287,17.826585,-4.24421270704123,3.38507844116394
5.9604896,11.295896,17.712676,11.157731,17.894625,-4.56941803787711,3.56138336977632
5.9954256,11.266924,17.722483,11.138028,17.943224,-4.74856878373087,3.76727089445543
6.0478336,11.315210,17.683253,11.167583,17.952944,-4.86085529858609,3.53505317244788
6.0828384,11.315210,17.800944,11.206990,18.137622,-5.25221108630207,3.89700097551512
6.1128288,11.237953,17.879405,11.118324,18.215381,-5.20749789707572,4.52963600819977
6.1466384,10.986866,18.104979,11.049362,18.390340,-5.69282823220684,5.89624583857122
6.1841056,10.851665,18.458052,10.990252,18.419499,-4.7749817722242,6.92544175521776
6.2140944,10.919265,18.330553,11.039510,18.312580,-4.78398976117701,6.30065119315979
6.2566608,10.909608,18.359976,11.059214,18.293141,-4.71183734448153,6.29076783441899
6.2966384,10.996523,18.301130,11.147880,18.312580,-5.00603071761055,5.80748071428773
6.3266384,11.112409,17.555755,11.266101,17.826585,-5.99735304112908,3.39981841372218
6.357888,11.402125,17.447871,11.423729,17.719666,-5.50146557068138,1.99529875285115
6.3978336,11.711155,17.369411,11.748837,17.583588,-5.3396345121225,0.164731185002161
6.430424,11.962242,17.124221,11.788244,17.253111,-4.23814447201845,-1.42393761794298
6.4604928,11.981556,17.016338,11.738985,17.214231,-4.23924068100423,-1.59018983064686
6.4954288,11.933270,17.065376,11.394174,17.466949,-3.89156576251705,-0.188495104425396
6.5316416,11.682183,17.035953,11.009955,17.564148,-3.86186859340305,1.42918538035401
6.5629184,11.624240,17.202682,10.980400,17.680787,-3.78199310633094,2.08388982895411
6.594168,11.662869,17.173259,10.960696,17.651627,-3.56272265170621,1.9468929587409
6.6366352,11.759441,17.026146,10.950845,17.476669,-3.05116864794024,1.2319531055582
6.6841024,11.740126,16.751533,10.901586,17.136472,-2.66892751188994,0.414448719452544
6.715424,11.643555,16.506344,10.891734,16.825435,-2.72920900265411,-0.234391475990648
6.766608,11.546983,16.476921,10.753809,16.689356,-2.13940601754296,0.066286837642302
6.7965968,11.749784,17.389026,10.881882,17.097592,-0.011832979923474,1.39554666267857
6.8266384,12.010528,17.869597,11.206990,17.573868,-0.349089796642776,1.49428128087487
6.8666128,12.290586,18.242285,11.354767,17.593308,1.36222572132353,1.09831323941087
6.899096,12.280929,18.203055,11.344915,17.175352,2.79917258684073,0.441446896518968
6.9278912,12.222986,17.271335,11.069066,15.923334,5.18310915687509,-2.28005868457612
6.9591808,12.271272,17.545947,11.000103,16.582437,4.0225907142536,-0.702466615712325
6.9991024,12.445101,18.242285,11.236546,17.311430,3.41320356034047,0.582847255659658
7.037856,12.280929,17.859790,11.226694,17.068433,2.43161483509635,0.0147023740151475
7.0728864,12.406473,17.438064,11.344915,16.660197,2.47782143591093,-1.87544491973458
7.1115856,12.483730,17.212489,11.433581,16.524118,2.12228107551071,-2.84940831564609
7.1416688,12.522359,16.937877,11.463136,15.767145,4.1100033149754,-4.73100027528597
7.1716384,12.734817,17.045761,11.601061,15.923334,4.11777890583661,-5.09071461733614
7.2016384,13.024533,16.947685,11.916317,15.894049,3.69388378005305,-6.67750293655179
7.2541424,13.256305,17.247107,12.054241,15.210722,7.73066392799071,-8.16082473089621
7.3041168,13.748822,16.888839,12.527126,15.445006,5.44010794347918,-10.482239783668
7.3428304,13.729508,17.038780,12.477867,14.830012,8.49377917051648,-11.1522384868521
7.3741408,13.613622,17.048701,12.339942,14.976439,8.08802428233341,-10.327087918925
7.4041328,13.642593,16.614227,12.379349,15.620718,3.98061521636197,-10.1073424860267
7.4359792,13.652250,16.398461,12.280832,15.415720,4.4198135553252,-10.6552663164263
7.485472,13.903337,16.584805,12.320239,15.669527,4.84346630427798,-10.5085766682961
7.5204048,13.826080,16.555382,12.261128,15.728098,4.4667758130789,-10.1637221577263
7.5490912,13.546021,17.068541,12.014834,15.552385,6.93330193529091,-8.43192260126891
7.5891408,13.410821,17.197506,11.867058,15.757383,6.68744734369056,-7.23627664180326
7.6204864,13.362535,16.447498,11.768540,15.874525,3.75961201414076,-7.99678255475751
7.6504416,13.565336,17.217346,11.817799,15.581671,8.18302285002569,-7.73484711965928
7.6904624,14.057852,17.227267,12.133056,15.171675,10.3020957688866,-10.1861034334572
7.7216416,14.617969,16.959418,12.645347,14.498111,11.9414625818292,-14.1226612466669
7.7516736,14.695227,16.741171,12.842382,14.195495,11.8792954396224,-15.6385422093784
7.7855168,14.888371,16.701489,12.832530,14.097877,12.8318344313329,-16.2682762165379
7.8416624,15.226372,16.612206,13.295563,13.844070,12.8429606879012,-18.5263379097403
7.8755232,15.564374,16.393959,13.541857,13.355979,14.2086775325081,-21.0184447654998
7.9054928,15.747861,16.761011,13.640374,13.648833,14.4917325739175,-20.3176456346577
7.9554608,15.699575,16.770932,13.660078,13.658595,14.2489260379582,-20.2253296763447
7.9841504,15.390545,16.513003,13.354673,13.375503,14.6960772413551,-20.0423936975416
8.0154112,15.293973,16.503083,13.374377,13.473121,13.8662891485633,-19.7229017053924
8.056648,15.187744,16.592366,13.305415,13.560977,13.7333746016115,-19.038108341325
8.0866736,15.245687,16.364198,13.482746,13.404788,13.0713503238793,-20.2374235411396
8.117848,15.332602,16.334437,13.660078,13.463359,12.3259746481946,-20.7040642895125
8.1628512,15.303630,16.443561,13.689633,13.648833,11.7481693594405,-20.1445921210551
8.199096,15.023571,16.284836,13.689633,13.736690,9.90345900035885,-19.7258992896355
8.2291584,15.004257,16.066588,13.788151,13.736690,8.69566585400878,-20.2985738724865
8.2604672,14.975285,15.947544,14.024593,13.873355,6.72744585561825,-20.6740449465802
8.3116016,15.042886,15.858261,14.339849,13.863593,5.47553500367192,-21.6111694043189
8.3429248,15.303630,15.153918,14.911251,13.492645,3.14744652602566,-25.3027009382039
8.3754752,15.458145,15.015034,15.127990,13.473121,2.45474568695908,-26.3138845073525
8.4228928,15.718889,14.717424,15.630430,13.336456,0.949301971987215,-28.5894973566775
8.4554976,15.902376,14.449575,15.945686,13.277885,-0.30557037397834,-30.1501838767443
8.4916944,16.076205,14.211487,16.339756,13.248600,-1.87748783781913,-31.7009123426212
8.5666688,16.346607,13.596427,16.349282,13.004554,-2.25492182063567,-33.9828982906031
8.597904,16.510779,12.693677,17.110610,12.477417,-5.81863134482113,-38.6505773267114
8.6478224,16.694265,12.505191,17.393668,12.321228,-6.30030418646617,-40.1864030594208
8.6804192,16.406449,12.376227,17.627923,12.418846,-9.05818177728267,-40.1692189868612
8.7204336,16.368027,12.376227,17.745051,12.545750,-10.0778215321891,-40.0137900767479
8.760464,16.713580,12.148059,17.666966,12.438370,-8.97244138471065,-41.200081895112
8.790464,16.636322,12.277024,17.481514,12.565273,-8.56811762534645,-40.1996052028433
8.8204784,16.501122,12.594474,17.257020,12.838604,-8.06389074240966,-38.2990084991621
8.8541696,16.423864,12.931765,16.993483,13.043602,-6.89021220582091,-36.5495983877894
8.89164,16.163120,13.407941,16.564016,13.229076,-5.21589409025036,-33.9604225841447
8.9254896,15.834775,14.013081,16.428422,13.951449,-6.31858188058171,-30.4018434552906
8.954144,15.506431,14.647982,15.847168,14.800726,-6.16330399654377,-25.8367931288896
8.9965936,15.071857,15.024954,15.374284,15.396197,-6.80233818526211,-22.31206349224
9.0241424,14.569683,15.421767,14.852141,15.942858,-7.26810767210977,-18.6216946791912
9.0542368,14.386197,16.066588,14.704364,16.971234,-8.66731235566859,-15.0223890610642
9.0868992,14.154424,16.066588,14.517181,16.844875,-8.41757748659607,-14.4166101063728
9.1366464,13.932309,16.195553,14.270887,16.572718,-6.94764268976384,-13.7298149943207
9.1666208,13.932309,16.473322,14.162518,16.388039,-4.92089230071631,-13.3509054700495
9.2078816,13.797108,16.274915,14.132962,15.698813,-3.53786384289352,-14.5699709721213
9.259192,13.777794,16.463401,13.719189,15.474291,-0.589686284701035,-13.7476551969263
9.2891616,13.546021,16.503083,13.285711,15.337626,0.854895741161115,-12.5328646602473
9.326648,13.594307,16.632047,13.068973,15.425482,1.97925437693481,-11.7929155364144
9.3904384,13.826080,16.453481,13.364525,15.103342,2.27042154001397,-13.7925652478226
9.421648,13.922652,15.937624,13.384229,14.790965,1.88000870195618,-15.5439415294162
9.4728944,14.115795,15.868182,13.630523,15.025248,0.497632563770471,-16.1470405882346
9.5031904,14.019224,14.796787,13.866965,14.507872,-2.73606131948236,-19.4377839980697
9.534128,13.990252,14.727344,13.857113,14.527396,-3.14326782289154,-19.4555408456197
9.5678752,13.970938,14.826548,13.995038,15.054533,-5.34961661861583,-18.4911326522881
9.60544,13.884023,14.280930,14.093555,14.722632,-6.8805212806589,-20.2126118986234
9.6370512,13.999909,14.300770,14.044297,14.605490,-5.73330182672794,-20.539648521642
9.6666576,14.347568,14.399974,14.320146,14.410254,-4.34158618002095,-21.9826000304183
9.7104816,14.685570,13.903957,14.517181,13.824546,-3.46381059053619,-25.2173132442565
9.7379088,14.955971,13.437702,14.891548,13.238838,-3.39770133976019,-28.660616696562
9.769168,15.149115,13.259136,15.147693,12.887413,-2.97487972581815,-30.6476366409851
9.8018928,15.293973,13.308738,15.433394,12.789795,-2.96022084029308,-31.5512908671384
9.835528,15.390545,13.457543,15.384136,12.799556,-1.88402283708794,-31.2953859188933
9.880424,15.380888,13.467463,15.462950,13.033840,-3.07887474309025,-30.8980546463729
9.91792,15.574031,13.834515,15.433394,12.985031,-0.699210839065284,-30.5212379729145
9.9591136,15.603003,14.032921,15.325025,12.955745,0.659585839256833,-30.019277254889
9.9928912,15.622317,14.171806,15.295470,12.838604,1.79809343381905,-29.9547950106832
10.0241584,15.786490,14.122204,15.482653,12.780033,1.71989602529299,-30.8231986504689
10.0628416,15.767175,14.251169,15.561467,12.770271,1.85176632352521,-30.6803464736813
10.0941408,16.037576,14.201567,15.876724,12.467655,2.5960996036069,-32.4718630727348
10.1241488,16.105177,14.052762,15.965389,12.360275,2.37672968840878,-33.2932767649132
10.1554704,15.979633,14.161886,15.935834,12.467655,2.02109852145726,-32.5581189090817
10.1954384,15.728546,14.528938,15.650133,12.701938,2.63232147674425,-30.3330476525544
10.2255072,15.351916,15.431687,15.147693,13.375503,3.84548325084975,-25.518438995459
10.2554704,14.907685,16.086429,14.369405,13.990497,5.20241542566512,-20.7290299369715
10.295432,14.386197,16.870135,13.709337,14.400492,7.06869679996037,-16.1681704818427
10.3266384,13.826080,16.682880,12.970455,14.790965,5.80216444196312,-13.1145817461594
10.3566816,13.372192,17.281143,12.389201,14.956915,7.93900962489594,-9.53514094181023
10.389144,12.976247,17.751906,11.926169,15.113104,9.41898443433225,-6.55163038409795
10.4291648,12.686531,18.281515,11.591209,15.532862,9.91972860769604,-3.55055644864365
10.4616832,12.319558,18.654203,11.157731,15.894049,10.2272119706232,-0.51466865783928
10.5092,11.682183,19.330926,10.684847,16.874035,8.36172972834345,4.66782064717762
10.5491664,10.870979,19.978226,10.074038,17.534988,7.59384750195822,10.0445533637856
10.5855136,10.330177,20.556873,9.739078,17.758546,8.16239588578306,13.3616037490796
10.62168,9.885946,20.988406,9.374563,18.215381,7.75638535340492,16.6223007583799
10.660472,9.209942,21.312057,8.921382,18.788856,6.04761349298215,20.7441314989812
10.6916512,8.910569,21.321864,8.744051,19.090173,4.53550986231076,22.4134891648925
10.7229072,8.833312,21.321864,8.714496,19.099893,4.33603060488995,22.7174886477567
10.7728864,8.649825,21.468978,8.615978,19.478969,3.12067468552275,24.1114889897585
10.8054992,8.437367,21.518016,8.340129,19.945524,1.80075021568991,26.0547795039495
10.8455136,8.282852,21.449363,8.231759,19.984404,1.25794175705249,26.757402923527
10.8866496,8.253880,21.263019,8.320425,20.062163,-0.164694613714425,26.4674683856763
10.9178656,8.224909,21.233596,8.418943,20.023284,-0.606127032533606,26.1950138110757
10.9492,8.253880,21.047252,8.704644,19.994124,-2.15766675206039,25.0700835973773
10.9916864,8.369767,20.821678,8.990345,20.052443,-3.85348641196835,23.7660360899093
11.0291248,8.485653,20.429375,9.256342,20.052443,-5.87030593908243,22.2584453255078
11.0604976,8.504967,20.105725,9.384415,20.052443,-7.48750623686425,21.4685691759826
11.0904752,8.591882,19.899765,9.542043,20.139923,-8.83606248134645,20.6623993327748
11.1441328,8.688454,19.831112,9.522340,20.052443,-8.33862425620884,20.2637468476366
11.1815888,8.813998,19.683999,9.660264,20.013564,-8.78228429733452,19.3262909049256
11.2116512,8.833312,19.517270,9.699671,19.887205,-9.02592270339256,18.8023022260755
11.2641296,8.920227,19.330926,9.778485,19.605328,-8.66087865041472,17.7639104981449
11.294176,9.084399,19.262273,9.788337,19.673367,-8.58209592299824,17.299442009043
11.3241728,9.296857,19.154390,9.877003,19.653927,-8.43758930418984,16.3384681319357
11.377832,9.673488,19.115159,9.936114,19.498409,-6.80780869098402,14.9441944523103
11.4066416,9.808688,18.948431,9.975521,19.333170,-6.46270502849255,14.0504795869696
11.4370752,9.934232,18.938623,9.965669,19.255411,-5.70389182507304,13.6340359323891
11.4778368,9.963203,18.977853,10.064186,19.187372,-5.56134404919355,13.266969782554
11.5079296,10.137033,18.811124,10.074038,18.983254,-4.8134881657484,12.2917893181414
11.53916,10.214290,18.781702,10.044483,18.983254,-4.52459951852609,12.129374132079
11.5704688,10.223947,18.840547,10.143000,18.905495,-4.34654611251732,11.8272352575743
11.6116752,10.301205,18.703241,10.211963,18.954094,-5.00763845162207,11.3331295260647
11.6416464,10.417091,18.683626,10.192259,18.886055,-4.3227841822618,10.9679810467122
11.6729008,10.504006,18.644396,10.202111,18.749976,-3.67462528473535,10.479062961855
11.7128528,10.484692,18.644396,10.202111,18.720816,-3.63729713216043,10.4870710135004
11.7441792,10.561949,18.673818,10.271073,18.555578,-2.88066233249923,9.92745247051003
11.7954576,10.629549,18.595358,10.359739,18.565298,-3.2896958875419,9.43788253930686
11.8454464,10.784065,18.546320,10.428701,18.351460,-2.35621022329614,8.50525999731827
11.8766592,10.870979,18.418821,10.546923,18.351460,-2.9498085230759,7.81252051663858
11.906648,10.919265,18.438437,10.507515,18.225101,-2.07648901208045,7.63628777198106
11.9516048,11.006180,18.458052,10.596181,18.215381,-1.98142672164518,7.21700329398832
11.9878656,11.015837,18.320746,10.606033,18.069583,-1.9394416026219,6.75629756343474
12.0205568,11.015837,18.134402,10.635588,18.001544,-2.4838007203559,6.3090694385816
12.0529424,11.073780,18.046133,10.724254,18.040423,-3.0774967406468,5.87507264701511
12.089152,11.131723,17.987288,10.803068,18.147342,-3.77755752267911,5.61140305277595
12.1207728,11.199324,17.830367,10.822772,18.225101,-4.47393274800254,5.28074052417727
12.15048,11.295896,17.634215,11.000103,18.225101,-5.50472448122438,4.32247839281506
12.2129072,11.334524,17.575370,11.019807,18.234821,-5.68932104364336,4.10765707755636
12.2416544,11.315210,17.339988,11.118324,18.273701,-7.15431342030737,3.61948729479127
12.2754688,11.334524,17.320373,11.138028,18.361180,-7.549409065301,3.62846076166956
12.31288,11.450411,17.065376,11.246397,18.332020,-8.36626567024168,2.6574870557301
12.344168,11.392468,17.026146,11.295656,18.341740,-8.95118695133598,2.63298914615734
12.3741424,11.489040,16.977108,11.315360,18.341740,-8.84226490983346,2.2799494356234
12.4304512,11.450411,16.879032,11.384322,18.351460,-9.64978133947599,2.0714524896877
12.46544,11.479382,16.898647,11.433581,18.419499,-9.89030875937622,2.02057347542695
12.4954912,11.353839,16.908455,11.374470,18.351460,-9.87066509080747,2.3708311890398
12.5366368,11.373153,16.908455,11.325211,18.390340,-9.75897891726799,2.50231711713036
12.567896,11.382810,17.026146,11.335063,18.468099,-9.59142403836155,2.75541359358123
12.5979056,11.324867,17.016338,11.325211,18.429219,-9.67269829891771,2.84307489724704
12.6291136,11.295896,17.094799,11.305508,18.477819,-9.58896315543975,3.15362069671626
12.6691472,11.257267,17.281143,11.256249,18.487539,-8.8837535558302,3.66185034926961
12.6991888,11.189667,17.251720,11.256249,18.526418,-9.39356475524142,3.83861604314763
12.7304576,11.180009,17.261527,11.187287,18.536138,-9.17756148576574,4.05749843437153
12.7716512,11.054466,17.349796,11.088769,18.545858,-8.99573426957987,4.74724616627036
12.8179296,10.967551,17.330180,11.059214,18.575018,-9.40084434142257,5.04507799884764
12.8515888,11.025494,17.457679,11.049362,18.701377,-9.11866357252495,5.30628301726511
12.8928624,10.986866,17.555755,11.049362,18.759696,-9.10496909971096,5.63165033926199
12.9341472,10.899951,17.477294,11.029659,18.652777,-9.27310711701281,5.61730379663738
12.9641728,10.890294,17.477294,11.059214,18.681937,-9.52373748662533,5.61193401821847
12.9941248,10.822693,17.644023,10.921289,18.711097,-8.74989424261752,6.40419706499847
13.0529456,10.784065,17.663638,10.950845,18.720816,-8.96551105361735,6.46953994264373
13.0854624,10.755093,17.781329,10.822772,18.740256,-8.23166591847799,7.05660546062827
13.1254752,10.648864,17.840174,10.803068,18.701377,-8.19684626777573,7.39698107845356
13.1566784,10.590921,17.987288,10.743958,18.779136,-7.92702990337401,8.0128273690609
13.1866928,10.571606,18.006903,10.753809,18.808296,-8.06879746395942,8.1065445516925
13.2192528,10.590921,17.957865,10.783365,18.740256,-8.04043906140618,7.81645227407685
13.2578864,10.648864,17.889212,10.881882,18.672217,-8.19270376085616,7.23093247778767
13.2891472,10.706807,17.869597,10.842475,18.633337,-7.76040735330395,7.09996602389841
13.3193328,10.755093,17.859790,10.950845,18.594458,-7.86961956488268,6.64296006801716
13.3529216,10.803379,17.781329,10.901586,18.565298,-7.69617585082656,6.48760550809194
13.3904736,10.928922,17.712676,11.000103,18.468099,-7.48583562569127,5.69387066572442
13.4216496,10.957894,17.742099,11.019807,18.497259,-7.44471715105297,5.66175999678716
13.4515984,10.986866,17.742099,11.039510,18.390340,-7.01524640013086,5.38474019541733
13.5079504,10.899951,17.496909,11.108473,18.293141,-8.16973111551711,4.91721426719746
13.5429024,10.977208,17.555755,11.088769,18.293141,-7.57972400627609,4.86512401278265
13.5754816,11.015837,17.594985,11.138028,18.361180,-7.71600356446484,4.81203280962925
13.6142064,11.073780,17.624408,11.246397,18.341740,-7.71180050055997,4.42437461041036
13.644152,11.102752,17.663638,11.216842,18.322300,-7.27553600987453,4.45541859736969
13.6854544,11.064123,17.536140,11.216842,18.302861,-7.83111611469526,4.32828827187009
13.7366592,11.073780,17.536140,11.177435,18.322300,-7.72135167104625,4.42950725736064
13.7666592,11.083437,17.526332,11.197139,18.351460,-7.90103269174865,4.38752955166854
13.7966608,11.025494,17.516524,11.177435,18.351460,-8.08542556213044,4.5608444580432
13.8554816,11.025494,17.516524,11.177435,18.370900,-8.15664555123491,4.59001701149747
13.8880672,11.035152,17.526332,11.246397,18.448659,-8.6188736740836,4.53091661149565
13.917936,11.035152,17.496909,11.177435,18.400060,-8.30114779048411,4.58092198072924
13.9591792,11.083437,17.496909,11.216842,18.390340,-8.22672718371731,4.35409761870921
13.9891472,11.035152,17.389026,11.236546,18.351460,-8.74953024847434,4.20231919057916
14.0216304,11.083437,17.418449,11.246397,18.312580,-8.34788445998483,4.04740850737781
14.0515968,11.054466,17.447871,11.305508,18.293141,-8.49130525449429,3.98968996700388
14.0916496,11.160695,17.447871,11.315360,18.293141,-8.12474774418695,3.71003116807752
14.1229232,11.141381,17.389026,11.354767,18.186222,-8.17377307775496,3.41033389361198
14.1543984,11.189667,17.408641,11.384322,18.195942,-8.06030666915486,3.26798735739542
14.1942032,11.218638,17.398833,11.413877,18.205662,-8.13140449956831,3.12762649609207
14.225472,11.315210,17.192874,11.394174,18.079303,-8.01087410354075,2.4349815467351
14.2566592,11.295896,17.104606,11.413877,18.040423,-8.34960018310443,2.23779408167114
14.28808,11.363496,17.114414,11.443432,17.972384,-7.91355800518998,1.91534268033593
14.3391616,11.392468,17.173259,11.482840,17.991824,-7.79663156209223,1.87369821878132
14.3754592,11.662869,17.212489,11.522247,17.904344,-6.45311426138291,1.06528104617723
14.4078976,11.633897,17.163452,11.492691,17.855745,-6.4580707010124,1.05126098234826
14.4479296,11.682183,17.192874,11.374470,17.807145,-5.54934237173506,1.18671882052385
14.477904,11.682183,17.183067,11.453284,17.826585,-5.94996400510838,1.01540660749613
14.5079008,11.682183,17.232105,11.463136,17.836305,-5.83855803413662,1.08374120275795
14.5604752,11.595269,17.261527,11.394174,17.884905,-5.9787467422406,1.57366844653854
14.5891568,11.460068,17.330180,11.384322,17.982104,-6.55108934737495,2.17458440539888
14.6207664,11.392468,17.349796,11.364618,17.982104,-6.65899567713832,2.41289237097218
14.6616384,11.295896,17.330180,11.285804,18.069583,-7.12936530220655,2.93692087358527
14.691648,11.257267,17.467486,11.236546,18.127902,-6.79031084661331,3.4465725231524
14.721648,11.266924,17.487102,11.246397,18.186222,-6.93105239293087,3.51798187446434
14.7544128,11.199324,17.555755,11.187287,18.263981,-6.99564651795638,4.0441800719742
14.804192,11.180009,17.516524,11.157731,18.186222,-6.82112739177476,3.98556573046426
14.8454848,11.170352,17.585177,11.197139,18.263981,-7.03014783030629,4.13458009265721
14.8754832,11.141381,17.545947,11.187287,18.215381,-7.07220915063418,4.09596556189246
14.9266624,11.083437,17.506717,11.177435,18.322300,-7.79614551045106,4.36189696222934
14.9705216,11.015837,17.438064,11.138028,18.322300,-8.16846714930434,4.51815788157169
15.0054768,11.006180,17.447871,11.138028,18.380620,-8.3819058201816,4.64410297461642
