0.0357872,8.830655,19.478040,10.245565,19.410930,1.41475878157439,-3.82532673142826
0.069312,8.869293,19.438809,10.314538,19.362330,1.33819673499334,-4.22286211133565
0.106816,9.014186,19.429002,10.314538,19.381770,1.78242315886298,-4.59059070400125
0.1380496,9.033505,19.360349,10.324391,19.333170,1.73585679032737,-4.82017593964618
0.1680592,9.072144,19.321118,10.353951,19.333170,1.62581344043217,-5.0499741976293
0.210496,9.139761,19.330926,10.403218,19.226251,2.13079570961659,-5.48270309595679
0.2392992,9.217037,19.291696,10.482044,19.304011,1.70497150199224,-5.83719103733726
0.2692816,9.255675,19.223043,10.422924,19.245691,2.01844890673682,-5.95226069278487
0.2993344,9.265335,19.124967,10.452484,19.177652,1.82242332812056,-6.27513752125435
0.3505808,9.361931,18.977853,10.511604,18.963814,2.19619785740966,-7.1642747231277
0.3805088,9.593760,18.879778,10.560870,18.973534,2.48937859640264,-8.00871450612849
0.4118848,9.748313,18.801317,10.659403,18.944374,2.52429824419013,-8.8028233084257
0.4544768,9.854569,18.771894,10.738229,18.866615,2.8112391401609,-9.42045835801362
0.4842672,10.018781,18.595358,10.777642,18.730536,3.11858306662147,-10.3704276509143
0.5142672,9.999462,18.575743,10.826909,18.730536,2.79069431918428,-10.4733833953223
0.5455248,10.057419,18.556127,10.757936,18.672217,3.40289704423491,-10.5552890743618
0.5855264,10.163675,18.507090,10.767789,18.584738,3.90496079848954,-11.0402913361785
0.6406368,10.182994,18.516897,10.856469,18.575018,3.72409680178402,-11.3109484782596
0.6706032,10.385845,18.330553,10.817055,18.545858,4.03880277502884,-12.0265266066395
0.709272,10.463121,18.261900,10.905735,18.497259,3.92366103231292,-12.6077286483499
0.7393232,10.472781,18.183440,10.925442,18.477819,3.6631310223574,-12.8219881717275
0.7705488,10.530738,18.203055,10.905735,18.545858,3.7779561116454,-12.7900427533086
0.82056,10.598355,18.065749,10.964855,18.380620,3.90582206210691,-13.542739844556
0.8520144,10.646653,18.065749,10.984561,18.361180,4.08705807860194,-13.7389064595337
0.8831216,10.772227,18.124594,10.994414,18.302861,4.95898326103872,-14.0710453750507
0.925568,10.781887,18.055941,11.023974,18.273701,4.73629648838941,-14.3108105207723
0.953024,10.830185,18.036326,10.984561,18.273701,4.98961989322452,-14.361449488179
0.9831888,10.820525,17.977480,10.984561,18.195942,5.02049532767427,-14.5393346360329
1.0155376,10.859163,17.948058,11.092947,18.127902,4.90556610433862,-15.0437744673218
1.0655312,10.849504,17.987288,10.974708,18.176502,5.27490557324114,-14.6004950543642
1.0968592,10.772227,18.134402,11.033828,18.244541,5.06559148833288,-14.2388228535366
1.1382272,10.733589,18.173632,11.033828,18.341740,4.70905138666319,-13.9443009408199
1.1781152,10.579036,18.193247,10.984561,18.263981,4.67167250773198,-13.52783356681
1.208032,10.443802,18.330553,10.817055,18.429219,4.68785926988313,-12.338461648789
1.2430368,10.231292,18.467859,10.925442,18.555578,3.53930524623488,-11.7013106612205
1.2893392,10.076739,18.487474,10.826909,18.662497,2.9984628911626,-10.8880773937035
1.3219744,9.931845,18.605165,10.767789,18.798576,2.61329939729186,-10.017218180337
1.36032,9.835249,18.693434,10.777642,18.973534,1.90743466346373,-9.43189769634714
1.4117984,9.709675,18.732664,10.669256,19.012414,1.83254119790526,-8.73037933794171
1.4530304,9.632399,18.781702,10.688963,19.129052,1.22920743224122,-8.35656604305182
1.4867696,9.613079,18.791509,10.698816,19.099893,1.26305728274156,-8.35888043315007
1.536904,9.526143,18.801317,10.610137,19.158212,1.07917535618725,-7.81688397557428
1.5668384,9.516484,18.762087,10.649550,19.216532,0.537741401260213,-7.86717194123704
1.5967792,9.448867,18.811124,10.580577,19.333170,0.294158957691044,-7.29229780842538
1.6480672,9.332952,18.820932,10.551017,19.401210,-0.251725892601104,-6.81284128540791
1.6780576,9.313633,18.771894,10.531310,19.342890,-0.232531688758416,-6.85637515284744
1.7093232,9.265335,18.762087,10.580577,19.352610,-0.669802311649615,-6.8589987850015
1.7505664,9.255675,18.713049,10.590430,19.323451,-0.826730863220654,-6.96496797804386
1.7793056,9.178399,18.830740,10.649550,19.478969,-1.44360823351356,-6.55080911453658
1.8105264,9.149420,18.919008,10.600283,19.478969,-1.03806396828954,-6.23060241224987
1.8443744,9.274995,18.899393,10.669256,19.440089,-0.738776965859242,-6.81088331205165
1.8980528,9.178399,18.860162,10.570723,19.401210,-0.766710718835274,-6.41145096326388
1.9330544,9.265335,18.791509,10.649550,19.362330,-0.840244403455607,-6.98446167193056
1.9630704,9.236356,18.713049,10.669256,19.372050,-1.36101883596774,-7.05319761638205
2.0043056,9.284654,18.713049,10.718523,19.323451,-1.17675686252434,-7.37043854385364
2.0344208,9.342612,18.654203,10.748082,19.255411,-1.04161371613263,-7.76780557481779
2.0643008,9.419888,18.595358,10.757936,19.294291,-1.1459279003763,-8.01856906304766
2.1055664,9.555122,18.556127,10.807202,19.304011,-0.988061812899638,-8.53016890439699
2.1359584,9.757973,18.379591,10.817055,19.187372,-0.502737605205168,-9.47463681864508
2.1655824,9.825590,18.320746,10.846615,19.129052,-0.36532781328867,-9.8835873255025
2.1980656,9.902866,18.193247,10.836762,19.119333,-0.487821932469654,-10.245888255124
2.2380576,9.854569,18.252093,10.905735,19.061013,-0.485684387801313,-10.2973230347845
2.2686512,9.989802,18.301130,10.895882,19.041573,0.326831617700562,-10.5713310250009
2.2992816,9.912526,18.281515,10.935295,19.012414,-0.0812625497342934,-10.5447141663511
2.340592,9.951164,18.301130,10.876175,19.031853,0.285376487611966,-10.4383148237946
2.3880512,9.864228,18.330553,10.945148,19.099893,-0.429337604325509,-10.2565411554876
2.421808,9.873888,18.222670,10.846615,19.012414,-0.135127318222504,-10.3064468395157
2.4605328,9.864228,18.232477,10.856469,18.944374,0.0764050665038143,-10.3889229232276
2.4918048,9.835249,18.428629,10.905735,19.090173,0.0123758540933849,-9.9609733582063
2.5443104,9.825590,18.467859,10.826909,19.109613,0.339824476157199,-9.65606805114134
2.5918224,9.757973,18.487474,10.866322,19.167932,-0.196343094276897,-9.47672680722994
2.623064,9.671037,18.467859,10.807202,19.129052,-0.251629421578813,-9.18750825041321
2.6533232,9.613079,18.497282,10.797349,19.138772,-0.360868895517922,-8.96086188406154
2.6967984,9.632399,18.585550,10.718523,19.148492,0.30223252131962,-8.67416742838387
2.724304,9.497165,18.673818,10.738229,19.226251,-0.230300006843479,-8.15169214333519
2.755528,9.487505,18.732664,10.708669,19.265131,-0.0752705452712998,-7.91824742144399
2.7880688,9.390909,18.752279,10.679109,19.226251,-0.123469259542619,-7.62096565599489
2.8268128,9.390909,18.791509,10.580577,19.294291,0.13752503981431,-7.2221491329778
2.8580608,9.381250,18.811124,10.600283,19.274851,0.174760122586145,-7.2477911055086
2.8880832,9.419888,18.899393,10.551017,19.245691,0.944921150736107,-7.14064628513399
2.9279744,9.410228,18.820932,10.629843,19.216532,0.427639073962737,-7.46405589218996
2.9580608,9.400569,18.781702,10.580577,19.255411,0.277809830340488,-7.31286820008707
2.9905584,9.516484,18.820932,10.590430,19.158212,1.18883155735497,-7.71488190727058
3.0193744,9.593760,18.752279,10.570723,19.197092,1.15204563296147,-7.90299782641406
3.0693152,9.593760,18.742471,10.679109,19.158212,0.862304308826574,-8.24660983107815
3.1020656,9.700015,18.801317,10.649550,19.129052,1.70395556485679,-8.40161980846847
3.1318304,9.700015,18.693434,10.610137,19.041573,1.75566460749427,-8.56880749517241
3.1743168,9.622739,18.742471,10.580577,18.934654,2.14717772738833,-8.37499592739177
3.2142528,9.574441,18.801317,10.580577,19.041573,1.79614618884504,-8.02394251591472
3.2533376,9.622739,18.958238,10.541164,19.148492,2.32958483422468,-7.68787137222521
3.2955392,9.526143,19.017084,10.541164,19.070733,2.47034885304979,-7.46587065629829
3.325584,9.477845,19.026891,10.541164,19.119333,2.14687868673748,-7.2628756698263
3.3568224,9.419888,19.026891,10.521457,19.051293,2.24723122003917,-7.15474355856185
3.3905584,9.410228,19.036699,10.531310,19.002694,2.3896648201782,-7.20767248458981
3.4268064,9.371590,19.066121,10.531310,19.031853,2.24781721605614,-7.02882207782024
3.4604864,9.371590,19.026891,10.541164,19.061013,1.95574142992812,-7.06784836111908
3.48808,9.487505,19.095544,10.491897,19.070733,2.80141632340459,-7.13395854687483
3.5393584,9.526143,19.105352,10.491897,19.041573,3.09148692278279,-7.25943944782544
3.5705216,9.526143,19.036699,10.590430,18.992974,2.64886526467179,-7.67106345155315
3.6005888,9.545462,19.075929,10.482044,18.915215,3.55360128731652,-7.49452543760753
3.643376,9.584101,19.046506,10.531310,18.924934,3.37149612163666,-7.74715645219317
3.6718176,9.632399,18.977853,10.580577,18.856895,3.36352039645824,-8.18359135122754
3.7021088,9.651718,18.987661,10.570723,18.876335,3.43840689874617,-8.16783328974523
3.7343552,9.680696,19.026891,10.580577,18.886055,3.62395151562525,-8.2002500599129
3.7746288,9.757973,18.997468,10.610137,18.827735,3.90990765869952,-8.59277687555983
3.8080224,9.757973,18.997468,10.659403,18.798576,3.83600630784379,-8.75817157718149
3.8443072,9.719335,18.958238,10.639696,18.749976,3.79377593567468,-8.73038570909719
3.8968048,9.806271,18.801317,10.649550,18.711097,3.63626800745382,-9.24761541070835
3.9268448,9.767632,18.742471,10.688963,18.749976,2.9786284909579,-9.27730890179147
3.9568128,9.777292,18.762087,10.728376,18.788856,2.80226398504135,-9.32090199362928
3.9968128,9.912526,18.781702,10.767789,18.779136,3.2790605619617,-9.74943672869322
4.0280576,10.028441,18.614973,10.876175,18.672217,3.08186292835017,-10.6969180130176
4.0580368,10.086398,18.448244,10.856469,18.613897,2.95626486501629,-11.1110374200771
4.090528,10.125036,18.467859,10.915588,18.613897,2.96009095492639,-11.3282800052511
4.1292704,10.134696,18.477667,10.945148,18.633337,2.85431954249716,-11.3848346610107
4.16056,10.202313,18.379591,10.915588,18.536138,3.20383849256657,-11.7581050002956
4.1893072,10.221632,18.359976,10.994414,18.575018,2.77106172046983,-11.9754010923585
4.2406448,10.221632,18.301130,10.935295,18.565298,2.80025924335276,-11.9261470272888
4.2718176,10.279589,18.261900,10.994414,18.506979,2.86835380738824,-12.3580719295723
4.3021824,10.298909,18.261900,11.014121,18.594458,2.54911080535241,-12.329297713746
4.335736,10.308568,18.252093,11.004268,18.594458,2.58456835350094,-12.3429038351673
4.3718208,10.327887,18.291323,10.974708,18.604178,2.8787512200592,-12.2472111143654
4.4032928,10.318228,18.281515,10.964855,18.584738,2.91234131314442,-12.2406833425497
4.4357632,10.182994,18.281515,11.023974,18.594458,2.14762940178069,-12.0372938325396
4.4942992,10.173334,18.340361,11.033828,18.652777,2.08567324670867,-11.8701898830039
4.5255584,10.163675,18.359976,10.984561,18.613897,2.44522394147868,-11.7508011550895
4.5568224,10.163675,18.438437,10.955001,18.594458,2.92179055249638,-11.5928738738574
4.6067776,10.105717,18.320746,10.974708,18.516698,2.46798033715979,-11.7764042178256
4.63808,9.960824,18.467859,10.866322,18.643057,2.41050458449323,-10.7507666182951
4.6705616,9.951164,18.595358,10.886028,18.769416,2.32381864513777,-10.4184958524951
4.7193424,9.864228,18.713049,10.856469,18.847175,2.26460433279018,-9.85217144231585
4.7507056,9.593760,18.869970,10.787496,18.886055,1.94349109752714,-8.72124678289063
4.7905824,9.516484,19.017084,10.748082,18.963814,2.06891205618276,-8.11600905808105
4.8418128,9.313633,19.203428,10.580577,18.954094,2.65368505412861,-6.92614821394642
4.8730928,9.255675,19.242658,10.570723,19.041573,2.29855404923262,-6.58089472369969
4.9035392,9.265335,19.232850,10.619990,19.031853,2.15357821666924,-6.75923200297515
4.9542784,9.217037,19.252465,10.570723,19.002694,2.33119505958115,-6.51986492601076
4.9967776,9.255675,19.311311,10.600283,19.051293,2.41548005229048,-6.55244273340126
5.0268096,9.207378,19.330926,10.551017,19.041573,2.52225873537405,-6.28705234801964
5.0768208,9.217037,19.252465,10.570723,18.973534,2.43794576935828,-6.55893412336862
5.1180608,9.236356,19.223043,10.600283,19.012414,2.1491565315839,-6.67271936972344
5.152104,9.255675,19.242658,10.639696,18.963814,2.33066597091338,-6.86331811497171
5.1918144,9.342612,19.134775,10.688963,18.992974,1.96481526616648,-7.32010923910837
5.2206832,9.342612,19.075929,10.679109,19.041573,1.59985119010017,-7.30861657187706
5.250568,9.390909,18.987661,10.708669,18.992974,1.51690334268898,-7.69402969615076
5.296784,9.390909,19.007276,10.748082,19.031853,1.30684452612529,-7.7157038972253
5.3330288,9.323292,18.889585,10.718523,18.924934,1.09552612145719,-7.77171507879039
5.36312,9.419888,18.889585,10.718523,18.944374,1.39438246900302,-7.99353191859116
5.3981488,9.429548,18.919008,10.728376,19.041573,1.1538930174866,-7.87093239712787
5.4343376,9.400569,19.056314,10.777642,18.924934,1.81166846008699,-7.8947786532334
5.4643408,9.410228,18.997468,10.777642,18.944374,1.55370398376025,-7.97314491456365
5.5055952,9.390909,19.026891,10.767789,18.905495,1.76972694219994,-7.91130134784453
5.5580656,9.313633,19.085737,10.757936,18.915215,1.70001557878001,-7.59451171168875
5.5869408,9.294314,19.134775,10.767789,18.924934,1.74183449865613,-7.49054745413308
5.6218304,9.352271,19.144582,10.886028,18.924934,1.56943577108725,-7.92847174092371
5.669312,9.390909,19.124967,10.856469,18.886055,1.89032558543803,-8.03112756810943
5.6993104,9.497165,19.134775,10.836762,18.740256,2.93370584016433,-8.43743807727602
5.7430608,9.584101,19.144582,10.915588,18.545858,3.72250157917478,-9.11269712453651
5.780488,9.613079,19.291696,10.846615,18.458379,4.96025636216083,-8.92894393616692
5.8143296,9.902866,19.458425,10.895882,18.137622,7.66407212224247,-9.99884452067501
5.8418112,9.970483,19.605538,11.014121,17.855745,9.06459293901549,-10.6528873482305
5.8817696,10.047760,19.683999,10.964855,17.583588,10.8445925164544,-10.9951943817306
5.915592,10.192653,19.772267,10.964855,17.272551,12.8747747462683,-11.6727856629606
5.943072,10.414823,19.772267,11.033828,17.010113,14.4169147467467,-12.7718806326201
5.975568,10.472781,19.625153,11.201333,16.805995,14.2383827919759,-13.8383545941476
6.0142576,10.627334,19.487847,11.299866,16.747676,14.1451990753699,-14.7464401179201
6.0455472,10.878483,19.183812,11.664438,16.514398,13.4501851752348,-17.0411180221552
6.0755712,10.994397,18.869970,11.822090,15.907603,14.4731809961488,-19.1155920657658
6.109312,11.148950,18.565935,12.097982,15.839288,13.1242389381765,-20.7268765041858
6.1480912,11.351801,18.438437,12.472407,15.917362,11.6602335605144,-22.1550368172839
6.178064,11.409759,18.036326,12.738445,16.417199,7.52180558138272,-22.7437120693721
6.2080944,11.419418,17.634215,12.876391,15.897843,7.49482705010261,-24.5829698483877
6.259288,11.380780,17.065376,12.994631,15.585547,5.93998174995133,-26.2476331084567
6.2893408,11.235886,16.849609,13.103017,15.468436,4.59183475971961,-26.7361054636812
6.3196064,11.110312,16.888839,13.112870,15.673380,3.44790185692974,-26.0499110572977
6.3630784,10.984738,16.829994,13.300082,16.349160,-0.462866164809485,-25.1459761713278
6.4105056,10.752908,16.673073,13.428175,16.971234,-4.68380836637482,-24.134721081272
6.441808,10.608015,16.545574,13.487295,17.564148,-8.04969944917814,-23.1768504303171
6.4918,10.347206,17.164679,13.605534,17.982104,-8.48195770795229,-21.1982713131887
6.5230624,10.163675,16.678565,13.773040,18.429219,-13.2049297551619,-21.2225034998847
6.5535024,10.067079,16.341261,13.970105,18.973534,-17.3902149499239,-21.1296044324461
6.594264,9.989802,15.785701,14.305117,19.372050,-22.3255245998558,-21.9616252892906
6.6255888,9.922185,15.061490,14.669688,19.381770,-26.8055561975431,-23.7674617950275
6.6555632,9.960824,14.783710,14.758368,19.206812,-27.5535826021685,-24.7883442032134
6.6880752,9.989802,14.694424,14.876607,19.255411,-28.3281120017569,-25.185156427486
6.7268224,10.009122,14.386882,15.201766,19.663647,-31.7991459691459,-25.7863725658864
6.756784,9.931845,14.138864,15.310152,19.741406,-33.762007125268,-26.1346300155866
6.7880816,9.757973,13.801560,15.438244,20.227402,-37.8055829080657,-25.7892442456377
6.8280112,9.690356,13.533701,15.497364,20.518999,-40.3019573540178,-25.7315857602595
6.8580688,9.613079,13.335287,15.438244,20.781436,-42.1118666146536,-25.3245676194155
6.8880672,9.516484,13.384891,15.339712,20.946675,-42.5115819482037,-24.540751863702
6.9218176,9.448867,13.315446,15.191912,21.131353,-43.2319227092164,-23.8718735274858
6.9605664,9.400569,13.246001,15.103233,21.374350,-44.19741789676,-23.2848299968772
6.99184,9.217037,12.978142,15.093380,21.840906,-47.5178118755431,-22.5306598144385
7.0430736,8.965888,12.769807,14.935727,22.433820,-50.8173416118802,-20.9921138612273
7.0830352,8.714740,12.591234,14.866754,22.492139,-52.7937674988619,-20.4400851588876
7.1143424,8.627804,12.531710,14.876607,22.667098,-53.9768088913172,-20.0808248405189
7.1455632,8.502229,12.591234,14.758368,22.861496,-54.4907875621854,-19.1183118151429
7.1856112,8.502229,12.660679,14.620422,22.997574,-54.1580732740413,-18.479400569023
7.2155968,8.318698,12.581314,14.659835,23.337771,-56.3997468325616,-17.7437715957481
7.2480768,8.328357,12.492027,14.728808,23.347491,-56.9827151177833,-18.0495832330483
7.29684,8.280059,12.363058,14.797781,23.522449,-58.4575432653003,-18.028613852883
7.3280656,8.135166,12.095199,14.916020,23.434970,-60.5198757182079,-18.5067683069506
7.3593392,8.299378,12.085278,14.984993,23.454410,-60.0011008448589,-19.040425454835
7.3893232,8.241421,11.976151,15.063820,23.687688,-61.5969873459912,-18.8991689885849
7.4405712,8.260740,11.906706,15.122939,23.891806,-62.4983029127424,-18.8768807361274
7.4696896,8.164144,11.827340,15.122939,24.232002,-64.190479729226,-18.2564710853769
7.500584,8.144825,11.777737,15.162352,24.280602,-64.7400915594784,-18.3048752044969
7.5405904,8.115847,11.787657,15.024407,24.280602,-64.494142040409,-17.8994471983463
7.5718416,8.038570,11.857102,14.817488,24.562479,-64.7161868960297,-16.7053965168131
7.6020912,7.951634,11.886864,14.679542,24.756877,-65.1320698357512,-15.8414620402105
7.6343184,7.845379,11.995992,14.649982,24.766597,-65.0695852849993,-15.343827290465
7.6805408,7.613549,12.154723,14.285410,25.174833,-65.5319338452707,-13.0909959894308
7.7156032,7.217507,12.462265,13.920839,25.378951,-65.5716431724162,-10.506488745925
7.7480944,7.140230,12.482107,13.713920,25.378951,-65.344711376671,-9.77082338618592
7.7885072,6.753848,12.839252,13.260669,25.709428,-65.1852715531082,-6.71213452046109
7.8180464,6.666912,12.759886,13.349349,25.728868,-66.2720160666956,-6.7964203010059
7.8481376,6.811805,12.680521,13.447882,25.709428,-66.1427724540926,-7.55038898999315
7.8993248,6.850443,12.769807,13.447882,25.738588,-65.5852580016879,-7.4898119239617
7.9292896,7.111252,12.541631,13.536561,25.767747,-65.7143057612102,-8.6404995446996
7.960632,7.265805,12.144803,13.644947,25.855226,-67.3813430927786,-9.72104764554042
7.994376,7.323762,12.055516,13.684360,25.913546,-67.7719895303831,-10.0063517487633
8.0317968,7.352741,11.678530,13.773040,25.952426,-69.8027728290668,-10.7676246472671
8.06184,7.545932,11.609085,13.930692,26.127384,-69.9787675593871,-11.4867523836038
8.120624,7.526613,11.440433,13.930692,26.137104,-70.9345321302547,-11.6618329400032
8.155624,7.700485,11.450353,13.881426,26.214863,-70.089768152227,-11.8444211451573
8.1943376,7.903336,11.519798,13.970105,26.214863,-68.9593604129206,-12.4565644810753
8.2280512,7.990272,11.499957,13.910986,26.001025,-67.9813236277338,-12.8532797196325
8.2655872,8.077208,11.509878,13.930692,25.728868,-66.900347486747,-13.484439620737
8.3182064,8.260740,11.519798,13.861719,25.544190,-65.3394764677719,-14.0118886979557
8.3518752,8.405634,11.628926,13.999665,25.340072,-63.9448120649923,-14.8283820497562
8.3880912,8.550527,11.718212,14.157318,25.242872,-62.9668816623828,-15.5596003567687
8.4205504,8.685761,11.708292,14.147465,24.970715,-61.6678486556715,-16.2684159402434
8.4505696,8.685761,11.668609,14.196731,24.892956,-61.7867256168019,-16.5577059097145
8.5005712,8.772697,11.648767,14.354383,25.155393,-62.5072208647672,-16.774748276556
8.5318064,8.734059,11.370988,14.600715,25.349791,-65.0940007753941,-17.3811323976478
8.5618496,8.724399,11.212256,14.778075,25.194273,-65.9564707983856,-18.2360688318627
8.6043376,8.676101,11.073367,14.906167,25.077634,-66.8894507616872,-18.8037884406375
8.633072,8.801676,11.043604,15.221472,24.883236,-66.7149585280995,-20.1551315232872
8.663104,8.888612,11.192415,15.369271,24.912396,-66.0038796941261,-20.4171007648441
8.6956032,8.811335,11.172574,15.457951,24.795757,-66.4028832281357,-20.6505134646902
8.7343184,8.811335,11.212256,15.536777,24.377801,-65.3985533429199,-21.4092857284007
8.7643536,8.917591,11.321384,15.605750,24.144523,-63.9670930435848,-21.996411785511
8.8055536,9.052825,11.351146,15.586044,23.619648,-61.8383328494362,-23.0318084173282
8.8568912,9.265335,11.609085,15.438244,23.055894,-57.8052355334053,-23.6630529842524
8.8856448,9.381250,11.995992,15.290445,22.599058,-53.8701015779877,-23.703370811747
8.920592,9.458526,12.452345,14.994847,22.015864,-49.0336836793787,-23.414561715173
8.9680432,9.700015,13.394811,14.443063,21.141073,-39.6313546696472,-22.6001353865432
8.9980528,9.912526,14.168626,14.117905,20.499559,-32.4126227688131,-22.1311741374802
9.029336,10.086398,14.634900,13.861719,19.926085,-27.099808591265,-22.1127481101701
9.069312,10.163675,14.724186,13.566121,19.624768,-24.5023811777925,-21.9471773258888
9.1005632,10.298909,14.912679,13.428175,19.342890,-21.7773523628317,-22.090902765545
9.1318672,10.414823,15.140855,13.240963,19.216532,-19.3081665306244,-21.7616095412647
9.1643792,10.511419,15.349190,13.132577,19.138772,-17.4266291461554,-21.5253927792892
9.2143808,10.617674,15.309507,13.132577,19.109613,-17.0549688046537,-21.8822257384499
9.2455936,10.550057,15.230142,13.112870,19.216532,-17.9516887827427,-21.6353528951802
9.2868784,10.521079,15.200380,13.152283,19.099893,-17.9398845293219,-21.8941390364484
9.324336,10.501759,15.249983,13.142430,19.031853,-17.5556147709194,-21.8558343890038
9.3705712,10.443802,15.577366,13.103017,19.148492,-16.6987381624179,-20.9212360683612
9.4506592,10.434142,15.587287,13.063604,19.381770,-17.3387870928883,-20.4239723556664
9.4880992,10.405164,15.279745,13.073457,19.469249,-19.0496398210311,-20.7254945771833
9.5218752,10.318228,14.912679,13.231109,19.673367,-22.1280842199001,-21.1486897098225
9.5642816,10.231292,14.396803,13.467588,19.906645,-26.197120356017,-21.9483902803455
9.6055184,10.173334,13.791640,13.575974,20.003844,-29.7250052519727,-22.88888417596
9.6431248,10.289249,13.801560,13.861719,20.062163,-30.2463994952815,-23.7052613819909
9.6806048,10.405164,13.652750,13.861719,19.712247,-29.2992218557704,-24.7942926336969
9.7118752,10.723929,14.218230,14.048932,19.819166,-26.41053449945,-24.8322948707618
9.7418096,11.071674,14.426565,14.048932,19.294291,-22.4158699293724,-26.1288094933667
9.7831216,11.303503,14.902759,14.078492,19.235971,-19.4064939415025,-26.0192467640505
9.8168512,11.767163,15.388873,14.009519,18.769416,-13.862512967507,-26.8486809772856
9.844344,12.085928,15.795622,13.842013,18.147342,-8.40549409336553,-27.5296349627722
9.890608,12.559247,16.390864,13.851866,17.777986,-3.12803245355038,-28.1924253814622
9.9268304,12.935970,16.390864,13.575974,16.728236,2.90027582650853,-30.1597454561629
9.9568384,13.225757,16.291657,13.536561,16.475518,4.64976972241549,-31.2916097060231
9.9873376,13.476906,16.083322,13.704067,15.927121,6.18924963843671,-33.4896711703019
10.0405904,13.728055,15.755939,13.782893,15.722177,6.37144138058643,-35.1242176393905
10.0707024,14.143416,15.676574,14.226291,15.839288,5.56093310687027,-36.8018981769063
10.1006848,14.133756,15.210300,14.305117,15.448917,4.94688211939321,-38.5079786074355
10.1418384,14.114437,15.031728,14.324824,15.283010,4.74761279384083,-39.1520394205154
10.1718736,14.027501,14.882917,14.364237,15.214695,3.97427298388512,-39.4661415857034
10.20556,14.153075,15.190459,14.482476,15.136621,5.43697951888723,-39.5205666722595
10.2605616,14.066139,15.111093,14.718955,15.078065,4.17349712116542,-40.0768923403024
10.2956192,14.133756,14.872996,15.113086,15.341565,1.17697021252462,-40.9356933543058
10.3243456,14.104778,14.545613,15.320005,15.136621,-0.167169277355585,-42.2944669534761
10.3580992,14.075799,14.347199,15.388978,14.902398,-0.440556339750765,-43.2088075889829
10.3968592,14.075799,14.426565,15.379125,14.687695,0.665810510385162,-43.4540891576614
10.4267872,14.008182,14.605137,15.477657,14.824324,0.243353572542942,-42.9001045689605
10.4580864,13.998522,14.714265,15.448098,15.039028,-0.0401378741323262,-42.2004605958552
10.5093808,13.757033,14.386882,15.359418,15.156139,-2.30444756661086,-41.9620102154373
10.5393696,13.573501,14.109102,15.280592,15.224454,-4.05272577733356,-41.8516610183507
10.5708848,13.505884,14.267833,15.329858,15.478195,-4.76516510267146,-41.0196006198976
10.6106,13.467246,14.436485,15.300298,15.683140,-4.87381524018277,-40.173514712205
10.6418448,13.467246,14.406723,15.487511,15.663621,-5.57161093619541,-40.6363895989409
10.673096,13.554182,14.277754,15.477657,15.605066,-5.49721849266816,-41.1443667627157
10.7043648,13.689416,14.138864,15.438244,15.429399,-4.76189882995896,-41.9352708789209
10.7443472,13.689416,14.119023,15.448098,15.234213,-4.18867003021149,-42.3705661014862
10.7756192,13.766693,14.247992,15.398831,15.136621,-2.87221022621296,-42.3644380406184
10.8068256,13.766693,14.486089,15.349565,15.048787,-1.47118902817543,-41.9773469914081
10.8467984,13.843969,14.595217,15.270739,15.078065,-0.583802625056778,-41.7078438886264
10.8968752,13.863288,14.664662,15.083526,14.970713,0.808143874309123,-41.451087583807
10.9281248,13.969544,14.684503,15.113086,14.970713,1.17891367057978,-41.6797232353879
10.9780608,14.075799,14.753948,15.083526,14.902398,2.19291362793696,-41.8276588392093
11.010608,14.046820,14.813472,15.063820,14.834084,2.62562150964662,-41.7493147449115
11.0405568,14.075799,14.694424,15.093380,14.756009,2.4631060730467,-42.2440468687749
11.0830992,14.095118,14.724186,15.132793,14.716972,2.64619732835499,-42.37665290992
11.11436,14.162735,14.734107,15.132793,14.736491,2.86622559346867,-42.4513979643437
11.1418464,14.133756,14.753948,15.122939,14.775528,2.72631694906463,-42.2620305848969
11.1755968,14.095118,14.793631,15.063820,14.785287,2.90904106610884,-41.9759056953607
11.2156096,14.153075,14.952362,15.044113,14.726732,4.00195738589089,-41.8579193048818
11.2443616,14.075799,15.041648,14.935727,14.765769,4.29903668864129,-41.2484573149464
11.2743408,14.046820,15.130935,14.896314,14.863361,4.31117592701871,-40.7577996773361
11.3243488,14.056480,15.200380,14.886461,14.795046,4.88892400209339,-40.7552714734305
11.3556352,13.969544,15.121014,14.699248,14.736491,5.17190207074489,-40.4755891630627
11.3855776,13.853629,15.240063,14.679542,14.853602,4.82596345602561,-39.7566309481734
11.4205808,13.766693,15.507922,14.551449,15.009750,5.39423835882269,-38.5292155120045
11.45684,13.834310,15.676574,14.551449,15.029269,6.19293403216782,-38.3150905025555
11.5006096,13.679757,15.646811,14.413503,15.039028,5.98483665317587,-37.7627973288149
11.5293856,13.660438,15.676574,14.334677,15.048787,6.27752346731372,-37.4905109576036
11.569352,13.583161,15.894829,14.265704,15.126861,6.76294868921924,-36.6469904652188
11.59932,13.592821,15.974195,14.127758,15.126861,7.59860416203867,-36.2394380490878
11.6306064,13.583161,16.073402,14.058785,15.156139,8.0729205973098,-35.8439194179947
11.6806384,13.496225,16.212292,13.999665,15.068306,8.80820821436684,-35.4503816681071
11.7118784,13.409289,16.341261,13.910986,15.078065,9.2554946882618,-34.8357026933534
11.7430992,13.457587,16.331340,13.891279,15.039028,9.61455599784609,-34.9835003985155
11.7943344,13.399629,16.341261,13.842013,15.136621,9.25924839590579,-34.5666411613481
11.82436,13.380310,16.371023,13.910986,15.195176,8.82197544074394,-34.5110330928773
11.8567776,13.341672,16.261895,13.970105,15.214695,7.99098682410916,-34.7147801456817
11.8856976,13.389970,16.192450,13.970105,15.165899,8.09476895929825,-35.0284904862975
11.9256272,13.370651,16.162688,13.970105,15.126861,8.06015332218056,-35.1130321657826
11.9593264,13.389970,16.172609,14.029225,15.204936,7.65808646810536,-35.1162379505716
11.9874064,13.380310,16.132926,14.058785,15.224454,7.29568761435135,-35.1938843445589
12.0280576,13.341672,16.103164,14.029225,15.195176,7.26223608517454,-35.1596129197163
12.0618624,15.833840,16.083322,13.989812,15.234213,15.9851504517169,-40.0056130473134
12.089352,13.351331,16.063481,14.068638,15.263491,6.75350575849415,-35.2093726217558
12.1230912,13.283714,15.994036,13.989812,15.214695,6.71994071122564,-35.1200845916249
12.1743168,13.351331,16.093243,13.901132,15.283010,7.41050056188582,-34.7725560777007
12.2018352,13.399629,16.073402,13.999665,15.370843,6.8260003027505,-34.9545667807397
12.2356944,13.370651,16.123005,14.019372,15.341565,6.93700739621653,-34.8987081764575
12.2718752,13.322353,16.073402,14.009519,15.292769,6.79353459460634,-34.9558277664231
12.3031472,13.360991,15.894829,14.039078,15.292769,6.16784903280761,-35.4212339872871
12.3331344,13.389970,16.003957,14.029225,15.331806,6.57000670906338,-35.191847405586
12.3781168,13.360991,15.904750,14.078492,15.292769,6.0591932552678,-35.4847726298677
12.4055952,13.418948,15.934512,14.117905,15.224454,6.4897420582885,-35.7560864898018
12.4355856,13.409289,15.874988,14.236144,15.195176,5.90660427020395,-36.1416853026483
12.4693408,13.438268,15.865067,14.196731,15.185417,6.15803869401663,-36.1562332165287
12.508136,13.457587,15.805543,14.255851,15.175658,5.82771426335751,-36.4441826441158
12.53812,13.563842,15.805543,14.245997,15.195176,6.18451628153644,-36.6057256950311
12.5718832,13.534863,15.716256,14.255851,15.195176,5.71151368909973,-36.7305556691609
12.6043936,13.525204,15.775781,14.275557,15.224454,5.71599431148496,-36.5880580352186
12.6406,13.554182,15.686494,14.324824,15.117102,5.70631768286944,-37.1095467730106
12.6709424,13.554182,15.666653,14.324824,15.224454,5.23886271274329,-36.9482571375503
12.7018304,13.534863,15.676574,14.354383,15.224454,5.09581061906522,-36.9508813657736
12.7556576,13.563842,15.636891,14.344530,15.263491,4.94939146627511,-36.9910426905622
12.8030816,13.554182,15.696415,14.364237,15.195176,5.31193653361675,-37.0276823093131
12.838136,13.467246,15.636891,14.305117,15.322047,4.5207709877732,-36.6057359593252
12.8819536,13.399629,15.607129,14.216437,15.292769,4.5898122831342,-36.393500437165
12.9331152,13.389970,15.686494,14.226291,15.351325,4.59897782466706,-36.1408778650534
13.0068368,13.389970,15.815463,14.226291,15.487954,4.57916778517877,-35.6569647812813
13.0405968,13.235417,15.994036,14.088345,15.478195,5.20756401821049,-34.747515141377
13.071888,13.206438,15.944433,14.078492,15.497714,4.88077915561179,-34.7210964897337
13.1093456,13.216098,15.954353,13.970105,15.575788,5.0644561715495,-34.3570949658704
13.1405968,13.080864,16.093243,13.950399,15.605066,5.0429618889649,-33.7318090768002
13.171888,13.061544,16.162688,13.842013,15.644103,5.48307641304474,-33.270229620232
13.2130352,13.080864,16.212292,13.861719,15.712417,5.4154103305476,-33.1428322957354
13.2418544,12.916651,16.222212,13.832160,15.712417,4.95200049298154,-32.7169053767179
13.2731072,12.906991,16.261895,13.861719,15.770973,4.74111961435993,-32.5852693678625
13.3055968,12.955289,16.341261,13.753333,15.810010,5.46746799920718,-32.2496787559297
13.3443488,12.887672,16.351181,13.684360,15.731936,5.79384233946094,-32.0798721681241
13.3756128,12.858694,16.460309,13.635094,15.819769,5.94833739389308,-31.5677069887704
13.4168448,12.800736,16.430547,13.664654,15.780732,5.6588168861683,-31.6276101216572
13.4681056,12.762098,16.499992,13.605534,15.819769,5.84669376126277,-31.2290298508116
13.4981152,12.820055,16.499992,13.575974,15.751454,6.42154569718326,-31.4091516946888
13.5281328,12.781417,16.569437,13.556268,15.722177,6.71618101922189,-31.2140741461834
13.5781184,12.733119,16.609120,13.605534,15.770973,6.32244561775504,-31.0618114605444
13.6093488,12.742779,16.599199,13.566121,15.780732,6.43080941223921,-30.9983516722765
13.6393536,12.733119,16.589278,13.556268,15.790492,6.358895509735,-30.9567953776321
13.6805696,12.694481,16.539675,13.566121,15.800251,5.96032174126023,-30.9644503236498
13.7118512,12.665502,16.609120,13.526708,16.368600,4.17773593574353,-29.7176839973105
13.7418656,12.646183,16.688485,13.595681,16.368600,4.15008673243659,-29.6890084307096
13.7756128,12.626864,16.807534,13.536561,16.358880,4.76640691555315,-29.335042139309
13.8130512,12.597885,16.728168,13.438028,16.349160,4.75990692760491,-29.211633502859
13.8443584,12.549587,16.738089,13.467588,16.329720,4.58139527449665,-29.1873521000281
13.875592,12.501290,16.867058,13.388762,16.417199,4.84770672805257,-28.5459907382182
13.9155488,12.443332,16.827375,13.339495,16.417199,4.66629708605256,-28.3800955739658
13.9456,12.366056,16.906741,13.300082,16.436639,4.74670168327976,-27.9594148051226
13.9768368,12.395034,16.986107,13.181843,16.514398,5.29405176541756,-27.5010089402335
14.0106048,12.385375,17.065472,13.240963,16.504678,5.3706415788856,-27.4928998370999
14.056872,12.230822,17.075393,13.171990,16.582437,4.80577142142931,-26.8570166460883
14.0993824,12.279120,17.035710,13.171990,16.572718,4.87295267926245,-27.0453055886381
14.1293568,12.279120,17.095234,13.181843,16.669917,4.7036466969691,-26.8068919495233
14.1680768,12.269460,17.154759,13.083310,16.640757,5.35126158613149,-26.5188109702278
14.1993568,12.163205,17.134917,13.162136,16.669917,4.49385231649267,-26.4429801360771
14.229296,12.221162,17.194441,13.053750,16.679636,5.28562889055284,-26.2175306850898
14.270656,12.182524,17.124996,13.142430,16.679636,4.56481038125562,-26.4424576852938
14.301864,12.221162,17.293648,13.083310,16.776836,5.1895928049912,-25.9602601028857
14.3318544,12.143886,17.214283,13.034044,16.728236,4.96893256889463,-25.890547681734
14.3656512,12.085928,17.164679,13.014337,16.679636,4.82033654541535,-25.8798464685285
14.4031104,12.037630,17.115076,12.984777,16.718516,4.42347597409421,-25.7243607446488
14.4355888,12.114907,17.244045,12.965071,16.728236,5.22296766699712,-25.6244815435387
14.4643392,12.095588,16.349423,13.024190,16.825435,1.23220586700071,-27.0386381418869
14.5068464,12.163205,17.244045,12.994631,16.776836,5.11634135580909,-25.7175261595706
14.538216,12.105247,17.204362,13.053750,16.767116,4.57688285228459,-25.8010833987613
14.566848,12.163205,17.154759,12.974924,16.708796,5.10669088716245,-25.9321983540494
14.6007408,12.182524,17.194441,13.053750,16.699076,5.07260203072138,-26.1001772251673
14.648128,12.192184,17.214283,13.043897,16.757396,5.00506591948729,-25.9712906981465
14.6780336,12.192184,17.085314,13.063604,16.679636,4.74035509410577,-26.3553579084778
14.7380768,12.182524,17.134917,13.122723,16.708796,4.56713883046316,-26.3345102044722
14.7707712,12.221162,17.214283,13.004484,16.757396,5.25493811246518,-25.9482317355644
14.8018672,12.163205,17.134917,13.024190,16.776836,4.60648823598956,-25.9620624117659
14.8455984,12.211503,17.105155,13.063604,16.747676,4.63771133376785,-26.2529676766417
14.90184,12.201843,17.204362,12.965071,16.835155,5.00798037359987,-25.7071144306079
14.9330768,12.114907,17.293648,12.984777,16.767116,5.19233700664724,-25.523344921704
14.9743456,12.134226,16.369038,13.004484,16.815715,1.56025691906332,-27.0640867095255
15.0031168,12.095588,16.329808,12.965071,16.864315,1.230959377796,-26.8744695051421
