0.032352,10.030384,18.222670,11.277348,18.458379,-1.31065234421246,-0.538959561934519
0.067232,9.982086,18.330553,11.208377,18.575018,-1.25602380878714,0.0759325883172863
0.1024736,9.924127,18.310938,11.208377,18.652777,-1.83486488542183,0.303656914530702
0.133776,9.817871,18.409014,11.188671,18.643057,-1.75956761443558,0.74460018288077
0.1650608,9.827530,18.438437,11.099994,18.701377,-1.49976703302922,1.06725426987799
0.2059504,9.769572,18.399206,11.109847,18.701377,-1.90808776775183,1.13264751653993
0.2447712,9.730934,18.575743,11.070435,18.798576,-1.58932842325117,1.71471974929836
0.2775376,9.586038,18.624781,11.001464,18.808296,-1.74146682449086,2.33719626950548
0.3234432,9.557059,18.634588,11.031023,18.856895,-2.09821878955415,2.41708539394766
0.3900656,9.557059,18.546320,11.040876,18.818015,-2.3322928094524,2.21477390397346
0.4409248,9.595698,18.556127,10.952199,18.818015,-1.82431067070943,2.35546370993335
0.4822528,9.576378,18.624781,10.873375,18.827735,-1.3835311052142,2.71430227671554
0.5109536,9.615017,18.693434,11.011317,18.866615,-1.6148517271397,2.41556721550296
0.5535168,9.586038,18.683626,11.011317,18.856895,-1.72796588588968,2.46178113680523
0.5822336,9.537740,18.683626,11.070435,18.788856,-1.8806112070775,2.3397289601551
0.6212864,9.624677,18.654203,10.991611,18.798576,-1.40975589762798,2.2917269586761
0.6572512,9.586038,18.624781,11.001464,18.788856,-1.67090382844986,2.31008112426538
0.693488,9.643996,18.624781,10.981758,18.769416,-1.30665131541241,2.18600238688397
0.7247968,9.605358,18.614973,11.031023,18.759696,-1.6358879156172,2.13180179931558
0.7547456,9.605358,18.605165,10.981758,18.827735,-1.7416351438359,2.3379318395042
0.8047024,9.643996,18.673818,10.991611,18.798576,-1.26091736383562,2.27016042788693
0.835928,9.566719,18.693434,10.971905,18.759696,-1.26846747709849,2.48915385720578
0.8659856,9.586038,18.683626,11.001464,18.779136,-1.41019812459903,2.37856766990687
0.9059376,9.595698,18.683626,10.962052,18.779136,-1.22998004288576,2.45401921844349
0.9372096,9.615017,18.732664,10.912787,18.759696,-0.718571295214666,2.57121135050467
0.967248,9.557059,18.732664,10.962052,18.759696,-1.11947068695837,2.59328978606703
1.0222368,9.663316,18.762087,10.981758,18.808296,-0.850184623883316,2.38253762926041
1.0597824,9.663316,18.742471,10.952199,18.681937,-0.357098873006334,2.25411789481187
1.0900832,9.634337,18.556127,10.942346,18.672217,-1.10887078958776,2.07819491354038
1.1248112,9.643996,18.556127,10.962052,18.613897,-0.930653267181706,1.9216375427475
1.1609888,9.692295,18.673818,11.021170,18.633337,-0.582678072629776,1.84226782041325
1.192648,9.711614,18.673818,10.952199,18.711097,-0.541073575610413,2.07669850958714
1.2222832,9.701954,18.693434,11.001464,18.672217,-0.541006582182837,1.94962414819704
1.2634752,9.721274,18.644396,11.021170,18.720816,-0.903063676322795,1.85047923428711
1.2934944,9.740593,18.673818,10.962052,18.681937,-0.360221584987895,1.93772323035297
1.3247552,9.701954,18.575743,10.922640,18.701377,-0.809140291902437,2.02505712847264
1.3585712,9.730934,18.624781,10.971905,18.711097,-0.726262247436765,1.90938923773146
1.4047152,9.653656,18.713049,10.942346,18.740256,-0.68287940057869,2.34384937175999
1.436016,9.653656,18.722856,11.001464,18.759696,-0.931439743538314,2.23495989137139
1.466,9.672975,18.693434,10.981758,18.779136,-0.968999064885932,2.2220256976117
1.5084736,9.643996,18.673818,10.942346,18.749976,-0.904931653552644,2.32719283612793
1.5397392,9.692295,18.673818,10.971905,18.759696,-0.863587424984775,2.14361457797361
1.5684736,9.653656,18.683626,10.952199,18.711097,-0.724762859085237,2.23715318680501
1.603488,9.634337,18.654203,10.971905,18.798576,-1.30122744862359,2.31717232736721
1.6509952,9.672975,18.673818,10.922640,18.759696,-0.757878252798028,2.31724061749372
1.6809792,9.634337,18.713049,11.011317,18.749976,-1.04302891547052,2.23168548545697
1.7160352,9.721274,18.683626,10.981758,18.759696,-0.751600304151811,2.05918495175726
1.7522416,9.605358,18.556127,10.922640,18.613897,-0.934726359046093,2.12006210614095
1.7847328,9.663316,18.565935,10.971905,18.613897,-0.855002028765275,1.8614185269182
1.8147296,9.759913,18.614973,11.001464,18.691657,-0.690014010902638,1.72056786427694
1.8534704,9.711614,18.624781,11.031023,18.769416,-1.22718434137017,1.8905682411582
1.884704,9.750253,18.605165,11.090141,18.672217,-1.01624565056474,1.48038721183972
1.914728,9.769572,18.477667,11.119700,18.652777,-1.4665324344163,1.15012925571295
1.9472304,9.798551,18.448244,11.109847,18.584738,-1.1848375118303,0.963885220795813
1.9897488,9.769572,18.448244,11.188671,18.613897,-1.68854001151166,0.880043568305329
2.0184784,9.808211,18.399206,11.218230,18.652777,-1.97651513973342,0.69462139463344
2.0497696,9.866169,18.389399,11.188671,18.652777,-1.68494416188139,0.609584427315735
2.0922368,9.895148,18.369784,11.208377,18.565298,-1.40314902421403,0.33517239971588
2.1209616,9.904808,18.320746,11.198524,18.545858,-1.44748186759216,0.237725409048419
2.1510064,9.943447,18.330553,11.237936,18.545858,-1.40520811830019,0.0568153940772262
2.1847456,9.972426,18.281515,11.228083,18.575018,-1.552078739271,-0.0193736379039784
2.222216,9.943447,18.222670,11.316759,18.477819,-1.85789866601382,-0.392604566228748
2.2547504,10.001405,18.359976,11.287201,18.468099,-0.967837531794348,-0.279552102733316
2.2934704,9.982086,18.330553,11.287201,18.429219,-1.0124742291849,-0.329754394684585
2.3434688,10.078683,18.320746,11.287201,18.419499,-0.64593982813697,-0.597945174236955
2.3747792,10.069023,18.340361,11.316759,18.332020,-0.396854176314653,-0.745353016320916
2.4059792,10.194599,18.281515,11.287201,18.341740,-0.0705652883488286,-1.05434086042255
2.445984,10.107662,18.261900,11.297053,18.244541,-0.156749869243505,-1.03308543984295
2.4772416,10.146300,18.252093,11.316759,18.293141,-0.296739592449976,-1.12129212584831
2.5099504,10.184939,18.271708,11.287201,18.263981,0.139795629278754,-1.15765631814697
2.5397392,10.194599,18.252093,11.277348,18.195942,0.38754195722727,-1.2849001583222
2.5797472,10.300855,18.252093,11.385730,18.127902,0.642986047512517,-1.91429174144371
2.6109824,10.329835,18.173632,11.395583,18.195942,0.170059346729318,-2.0250490877403
2.6410032,10.378133,18.144209,11.385730,18.089023,0.669580365210074,-2.32010809689508
2.680944,10.397452,18.134402,11.415289,18.059863,0.704198825811102,-2.49760873899578
2.71224,10.426431,17.987288,11.395583,18.079303,0.256176889066889,-2.70948998703093
2.7426624,10.445751,17.977480,11.425142,18.001544,0.469507019411402,-2.9596106823922
2.7934704,10.455411,18.016711,11.464554,18.040423,0.367952844262009,-2.96350007062899
2.8235056,10.580987,17.957865,11.474407,18.079303,0.44269374742131,-3.32369481211979
2.8547904,10.552007,17.948058,11.474407,18.059863,0.366724657407825,-3.29669339298241
2.88724,10.513369,17.859790,11.464554,18.069583,-0.115713475181844,-3.29561126945454
2.9421952,10.532688,17.899020,11.523672,18.040423,-0.00235619677568621,-3.47191246765986
2.9784896,10.619625,17.948058,11.494113,18.020983,0.693452631574788,-3.5673018664326
3.0122704,10.638945,17.908827,11.533525,18.040423,0.40243243987774,-3.73953422661192
3.0509568,10.609966,17.830367,11.523672,18.011263,0.137246044525766,-3.80653619467804
3.0810032,10.552007,17.742099,11.612349,17.991824,-0.673875052537734,-4.04325140950415
3.1122656,10.629285,17.761714,11.533525,17.972384,0.0557775265736602,-4.03922888039964
3.1522256,10.629285,17.800944,11.523672,18.001544,0.134415514569595,-3.91231295105551
3.18224,10.629285,17.889212,11.553231,18.079303,0.0772491772694668,-3.73508293670685
3.2134976,10.542348,17.869597,11.602496,18.108462,-0.613772431110088,-3.62939452641126
3.2447648,10.561667,17.751906,11.543378,18.108462,-0.773530739197192,-3.70886859959531
3.2847504,10.600306,17.840174,11.563084,18.166782,-0.573992678156825,-3.63123856281566
3.3172768,10.532688,17.840174,11.553231,18.089023,-0.51221825831395,-3.55921376764267
3.3459616,10.571327,17.859790,11.582790,18.108462,-0.469002293545146,-3.66656953449695
3.398472,10.638945,17.908827,11.563084,18.069583,0.187787486482234,-3.76758821880232
3.4285248,10.590646,17.859790,11.572937,18.118182,-0.395018796931788,-3.67501358341861
3.4597456,10.532688,17.781329,11.592643,18.166782,-1.16365718178825,-3.62677250729973
3.4934608,10.561667,17.810752,11.582790,18.157062,-0.869558336720647,-3.6437716594591
3.5335376,10.600306,17.810752,11.563084,18.118182,-0.508969335678478,-3.74791122917944
3.579784,10.580987,17.781329,11.563084,18.059863,-0.481950833575839,-3.83255511664983
3.6259808,10.590646,17.781329,11.553231,18.127902,-0.657422622137939,-3.7300367905853
3.6622528,10.600306,17.859790,11.592643,18.030703,-0.11101805263391,-3.87724377639416
3.6922512,10.629285,17.810752,11.632055,18.059863,-0.437484631458368,-4.07278006021971
3.7372416,10.677583,17.761714,11.582790,17.982104,0.0236020253752578,-4.26129880487049
3.7647728,10.648604,17.732291,11.671467,17.972384,-0.48741787562999,-4.46487590133763
3.7947616,10.706563,17.693061,11.612349,17.855745,0.227418390023919,-4.69829753609889
3.8284608,10.706563,17.722483,11.543378,18.011263,0.0221200320865629,-4.25121604116364
3.8672416,10.687243,17.781329,11.622202,18.030703,-0.186711250942559,-4.27722714672328
3.8972624,10.677583,17.781329,11.612349,17.982104,-0.00992288296158428,-4.30327234193958
3.9486512,10.764521,17.800944,11.612349,17.982104,0.394476269263651,-4.4837039396341
3.9997504,10.716222,17.810752,11.553231,17.991824,0.429342109331244,-4.19473342546533
4.02972,10.706563,17.800944,11.523672,18.020983,0.356930720564151,-4.07062346496477
4.0598624,10.629285,17.810752,11.494113,18.001544,0.280129771656743,-3.82569819249795
4.1009632,10.619625,17.918635,11.484260,18.050143,0.511169730639073,-3.54373914395481
4.1322176,10.629285,17.869597,11.543378,18.059863,0.109818649718901,-3.76962949798662
4.1610032,10.677583,17.879405,11.503966,18.020983,0.616809468965703,-3.83475198520873
4.2022464,10.619625,17.908827,11.484260,18.050143,0.473972751735626,-3.55839782992505
4.2472912,10.600306,17.928443,11.464554,18.040423,0.582969157605238,-3.44864490973772
4.2763328,10.590646,17.869597,11.464554,18.079303,0.180295958222043,-3.45495046573062
4.308552,10.590646,18.006903,11.434995,18.108462,0.702593861463934,-3.13489430182642
4.356,10.503709,18.026518,11.395583,18.050143,0.806123632352529,-2.88390485681973
4.3872176,10.561667,18.134402,11.415289,18.118182,1.11137731936821,-2.81294207035268
4.4172096,10.532688,18.016711,11.444848,18.079303,0.590971677669643,-3.04636084171146
4.471016,10.474730,17.938250,11.385730,18.030703,0.468179168172375,-2.9490395069671
4.5010704,10.484390,17.997096,11.395583,18.079303,0.513960866224256,-2.837001762781
4.5309712,10.532688,17.997096,11.366024,18.098743,0.734483102221434,-2.85400855659868
4.570976,10.532688,17.997096,11.415289,18.157062,0.340065725370315,-2.88791731761761
4.6035568,10.609966,18.016711,11.425142,18.089023,0.92012238971108,-3.1722632859528
4.6322944,10.552007,17.849982,11.425142,18.127902,-0.0750666193435627,-3.22128968041676
4.6747696,10.629285,17.869597,11.444848,18.118182,0.25690423327184,-3.44297554369969
4.704776,10.609966,17.820559,11.464554,18.098743,-0.0039365335781687,-3.54626910412877
4.7347184,10.658264,17.781329,11.563084,18.040423,-0.116506192955588,-4.04934708207032
4.764688,10.667924,17.712676,11.494113,18.040423,-0.0888003856305613,-4.00871520661666
4.8060272,10.725882,17.732291,11.543378,18.089023,-0.151396425097052,-4.16606209152616
4.8559632,10.812819,17.653830,11.602496,17.972384,0.0910826047139004,-4.81365483048724
4.887272,10.870777,17.536140,11.632055,17.933504,-0.102106768677811,-5.26273369259888
4.9285008,10.909416,17.565562,11.701026,17.923784,-0.0597939178352007,-5.4910935831228
4.95848,10.919076,17.506717,11.750290,17.894625,-0.320270998963403,-5.76688009826974
4.9885104,10.967374,17.506717,11.809408,17.914064,-0.422930577106523,-5.99369409019065
5.0234624,10.957715,17.506717,11.750290,17.884905,-0.137806928812384,-5.87420781718333
5.069776,10.851458,17.516524,11.730584,17.962664,-0.716803678721948,-5.43849692160809
5.1010176,10.822479,17.565562,11.760143,17.962664,-0.747978276785402,-5.36505530872269
5.1348224,10.841798,17.545947,11.691173,17.894625,-0.249201348687333,-5.37963588092207
5.1922544,10.735542,17.575370,11.750290,17.962664,-1.0064573449001,-5.11755054695875
5.2236112,10.735542,17.634215,11.661614,17.933504,-0.351870522130349,-4.85866821184417
5.2560128,10.774180,17.614600,11.720731,17.991824,-0.707835004271717,-5.0353710178596
5.2947248,10.841798,17.663638,11.720731,17.875185,0.161479741699041,-5.30068980517918
5.3272672,10.880437,17.614600,11.691173,17.797426,0.515107857766393,-5.51614399442621
5.356048,11.025332,17.673446,11.681320,17.729386,1.57243010842189,-5.85378263753423
5.397256,10.948055,17.634215,11.710879,17.661347,1.27385031647483,-5.90431262383973
5.4285264,11.102610,17.653830,11.710879,17.564148,2.29017127666777,-6.39330799404782
5.5147648,11.179888,17.673446,11.760143,17.496108,2.72371547947663,-6.76931791275164
5.5484624,11.208867,17.624408,11.760143,17.398909,3.00866420294199,-7.06524281651894
5.5797616,11.189547,17.712676,11.769996,17.360030,3.37501632708652,-6.96592788223948
5.6109648,11.189547,17.722483,11.750290,17.330870,3.59348272064821,-6.94920630146486
5.6509984,11.218526,17.869597,11.858673,17.321150,3.88415798541332,-7.06142706170579
5.6910048,11.247505,18.006903,11.898085,17.223951,4.71580539205335,-7.16070962941919
5.733504,11.353762,18.114787,11.907938,17.165632,5.68558506627603,-7.35708457909276
5.7734976,11.460019,18.428629,11.750290,16.728236,9.45540738132094,-7.42787881773688
5.8034736,11.643553,18.575743,11.691173,16.349160,12.322174916847,-8.08215305224496
5.8336624,11.798108,18.526705,11.701026,15.747474,15.0035873978394,-9.49968933160438
5.8847712,11.740150,18.409014,11.740437,15.727954,14.2979748282928,-9.67699912659046
5.9235552,11.749809,18.075556,12.065586,15.776755,11.6696851566604,-10.9199194265867
5.9597152,11.662872,17.938250,12.193674,15.845076,10.0932720416988,-11.1281653405618
6.006048,11.556616,17.869597,12.499117,15.913398,8.01932022215622,-11.5889137722203
6.0372352,11.498657,17.447871,12.696176,15.884117,5.60319145502463,-12.6543700630217
6.0722384,11.392401,16.869224,12.962207,15.952438,1.75219472079327,-13.8794219883452
6.1572544,11.266825,17.119873,13.563238,16.640757,-2.49026396397649,-13.3851079679216
6.2123872,10.899756,15.929357,14.587948,17.651627,-15.6056776593084,-15.1416480630581
6.2522688,10.484390,14.937260,14.834272,18.429219,-24.7050822615747,-15.1278764274396
6.2810416,10.194599,14.490816,14.962361,19.012414,-30.0598103354129,-14.5412146543356
6.3147728,9.933787,14.123740,14.962361,19.508129,-34.2935345544906,-13.7460183341282
6.3522576,9.663316,13.637613,15.248097,20.742557,-42.1109662821585,-12.5557356242707
6.3835264,9.489441,13.429273,15.326921,21.150793,-45.1976819341397,-12.0217790358211
6.413472,9.383185,13.320142,15.307215,21.150793,-46.1101684545154,-11.9148784867867
6.457264,9.209310,12.933224,15.346627,21.325751,-49.2600473642503,-11.9540832934318
6.5010096,8.987137,12.516543,15.474716,21.840906,-53.97515383448,-11.5822818289263
6.5372416,8.977477,12.526464,15.583098,22.249142,-55.3522049823778,-11.1356369508602
6.5772944,8.948498,12.318124,15.770305,22.258862,-56.9783024779509,-11.8083309987858
6.6072176,8.900200,12.228835,15.849129,22.394940,-58.1839337729659,-11.8017824562853
6.6410032,9.035436,12.149467,15.957511,22.278302,-57.9002909840363,-12.6604048212054
6.694744,9.074074,12.000653,16.036335,22.103343,-58.1680805507894,-13.4468085882451
6.7310096,9.325226,12.000653,16.065894,21.529869,-55.5567186562261,-15.0134327793018
6.7810112,9.373525,11.941127,15.996923,21.500709,-55.3479705556424,-15.1159852300768
6.8322256,9.528080,12.000653,15.987070,21.267431,-53.6934897555028,-15.7258404664288
6.8634576,9.576378,11.881601,15.937805,21.150793,-53.5757490279815,-16.1221111603256
6.8947024,9.576378,11.851838,15.888541,21.199392,-53.7134613080834,-15.9818248165469
6.933456,9.653656,11.941127,15.918100,21.102193,-52.7506151476366,-16.2299386992575
6.9647408,9.672975,11.841917,15.967364,21.043874,-53.0992392527464,-16.6482891765187
6.9959584,9.682635,11.742708,16.036335,21.082753,-53.811316233672,-16.9232902965989
7.0260624,9.769572,11.772471,16.164424,20.985554,-53.3488424133123,-17.5067261475088
7.065992,9.914468,11.653419,16.105306,20.936955,-52.9359067600768,-17.9811434763346
7.0972848,9.953106,11.574051,16.312219,21.063313,-54.0266737279997,-18.4289093709908
7.1277968,10.030384,11.375632,16.460013,20.966114,-54.7285109091697,-19.4230721398407
7.1784432,9.953106,11.147449,16.519131,20.927235,-56.2201079669726,-19.8524873639914
7.2097696,9.875829,10.919267,16.515212,21.121633,-58.1765866272542,-19.738521129515
7.239744,10.126981,10.919267,16.661622,21.121633,-57.3694201340355,-20.5834073542936
7.2822016,10.204259,10.750611,16.837313,20.723117,-57.2138217773208,-22.1265622457021
7.3097712,10.262217,10.572033,17.032525,20.382920,-57.4034078079719,-23.5979566308708
7.3409888,10.310515,10.423219,17.227738,20.344041,-58.2981413527739,-24.4479142571586
7.3722672,10.368473,10.343851,17.501035,20.344041,-59.1187939613262,-25.2744764453442
7.424736,10.349154,10.115669,17.715769,20.363480,-60.9144827714226,-26.0602220162494
7.4635008,10.329835,10.135511,17.871939,20.509279,-61.6886822460151,-26.0286142087183
7.4947424,10.310515,10.075985,17.959785,20.664797,-62.687041924087,-25.9887479008553
7.5447344,10.291196,9.917249,18.096433,20.839756,-64.3283670490353,-26.1944053630161
7.5747376,10.233238,9.818040,18.096433,20.936955,-65.3300058115566,-26.0818230384846
7.6048,10.107662,9.708909,18.057391,20.975834,-66.4704525689016,-25.8803446384185
7.6547168,10.011065,9.609699,17.998827,21.102193,-67.5964330220853,-25.5157758158139
7.686008,9.953106,9.550173,18.096433,21.316031,-68.9361846204515,-25.3111739590861
7.7160336,9.933787,9.480727,18.223321,21.422950,-69.938977883427,-25.4598597649943
7.7572608,9.933787,9.381517,18.194039,21.461830,-70.4511396427405,-25.5118244985184
7.7885376,9.885489,9.242623,18.194039,21.471549,-71.401655560914,-25.6527942422208
7.8185024,9.953106,9.302149,18.184279,21.549309,-70.9344004381973,-25.5161941506528
7.84972,10.001405,9.242623,18.203800,21.568749,-71.0831949823591,-25.7270962332651
7.899712,10.001405,9.282307,18.154997,21.247992,-69.9967655356354,-26.1499874846615
7.932248,9.914468,9.262465,18.086673,21.199392,-70.2431997145245,-25.963047604279
7.9611136,9.904808,9.193018,18.028109,21.199392,-70.4952264311298,-25.9541129436113
8.0222016,9.875829,9.272386,18.057391,21.500709,-71.0436867356754,-25.2466582011834
8.0622368,9.982086,9.292228,18.037870,21.510429,-70.3946870865708,-25.3683652043183
8.0960048,9.962766,9.381517,17.969545,21.393790,-69.6007167961024,-25.2407219843702
8.13348,10.059363,9.450964,17.842657,21.568749,-68.8989662881132,-24.7293091196801
8.1647536,10.069023,9.599778,17.696248,21.627068,-67.9068352461605,-24.0719641259848
8.1959936,10.049703,9.609699,17.676727,21.607628,-67.8574312111233,-24.009766220252
8.2547664,10.030384,9.778356,17.413190,21.733987,-66.7904139455355,-22.8937586145756
8.2860096,10.194599,9.986696,17.188695,21.607628,-64.1087346280019,-22.621671901627
8.3159936,10.339494,10.056143,17.081329,21.267431,-61.9406005737149,-23.1876050226379
8.36728,10.494049,10.145432,16.964201,21.073033,-59.967769007893,-23.4557968294895
8.3997504,10.580987,10.234720,16.905637,21.131353,-59.1266428558403,-23.246679635826
8.4284912,10.716222,10.294246,17.081329,20.898075,-58.053177314765,-24.2008130042219
8.469744,10.764521,10.274404,17.208217,20.927235,-58.3258112093832,-24.5408163225754
8.5010192,10.754861,10.125590,17.413190,20.907795,-59.5552588136657,-25.2437560727064
8.5310256,10.735542,9.996617,17.627923,20.878635,-60.7353001021805,-25.9275997313562
8.5622416,10.783840,9.907328,18.008588,20.810596,-61.7252497798632,-27.0727813076591
8.6034992,10.803160,9.798198,18.359970,20.518999,-62.3030521187645,-28.5494413687607
8.6335008,10.783840,9.708909,18.613746,20.577318,-63.6023114927435,-29.0639638798073
8.6734928,10.822479,9.689067,18.926086,20.528719,-64.1670711321373,-29.8693066216305
8.7247376,10.822479,9.570015,19.345793,20.363480,-65.3584781707555,-31.2066454438391
8.7560144,10.832139,9.391438,19.355554,19.760846,-64.704982451346,-32.7504828011103
8.7860064,10.909416,9.321991,19.375075,19.410930,-63.8409727462531,-33.7583907118423
8.8260608,10.986694,9.361675,19.492202,19.459529,-63.6945365309265,-33.94811431142
8.857232,11.179888,9.450964,19.511724,19.372050,-62.1748973166362,-34.3406159069137
8.8884816,11.305464,9.371596,19.414117,18.827735,-60.3176876297924,-35.637662591663
8.9247408,11.411720,9.470806,19.414117,18.575018,-58.6845234389868,-36.1445883291189
8.9612736,11.517977,9.560094,19.287229,18.497259,-57.2223186501725,-36.0831341466902
8.9909952,11.508317,9.629541,19.170102,18.487539,-56.6051677317677,-35.7275674859603
9.021032,11.440699,9.689067,18.935847,18.536138,-56.1502870370323,-34.9464032825481
9.060976,11.402060,9.976775,18.760156,18.876335,-55.4169567113649,-33.2901283554212
9.0922576,11.353762,9.996617,18.555183,18.915215,-55.1076259324284,-32.6938214610296
9.1222432,11.286144,10.125590,18.496619,18.886055,-54.5852818705458,-32.2564939275248
9.1623072,11.295804,10.185115,18.301406,18.652777,-53.1030218097646,-32.2426652990372
9.1948224,11.247505,10.562112,17.862178,18.322300,-49.4384710307208,-31.2041453170022
9.2260096,11.373081,11.028398,17.608402,17.826585,-44.5636233642663,-31.0106679480608
9.2560224,11.411720,11.345869,17.432711,17.612747,-41.7990572584207,-30.5361285986489
9.2997344,11.585595,12.080021,17.100850,17.301710,-35.8064915100369,-29.3963327882659
9.338432,11.885045,13.211011,16.622579,16.708796,-26.290696060779,-28.0059618651623
9.3685376,12.232794,13.538403,16.417606,15.854836,-20.0244562651109,-29.3023606117646
9.4084688,12.406669,13.330063,16.519131,15.493709,-19.303911902433,-30.9627334247534
9.4384832,12.435648,13.230853,16.144718,15.796275,-19.3558667696736,-29.8772234603453
9.4697504,12.464627,13.389589,15.908247,16.436639,-19.9203418723747,-27.9145057979013
9.49976,12.339051,13.597929,15.740746,16.631037,-19.6674985023945,-26.5594653729173
9.5510048,12.300412,13.955084,15.218538,16.874035,-17.4335453383519,-24.2939450694317
9.5822608,12.300412,14.183266,14.893390,16.767116,-15.0510510158362,-23.3960131053562
9.6122592,12.232794,14.381686,14.647066,16.718516,-13.5159378709679,-22.4633183950175
9.6534864,12.213475,14.401528,14.469712,16.864315,-13.4055951927255,-21.7461149411747
9.6834944,12.020281,14.738840,14.006622,16.922634,-11.4253144022696,-19.6266538838757
9.7147968,11.981642,15.324178,13.819415,16.815715,-8.21530150620212,-18.2895385722265
9.7459808,12.087899,15.691254,13.671621,16.737956,-5.56201596362424,-17.6944544424834
9.7959728,12.010621,16.425405,13.198678,16.631037,-0.953697992657974,-15.4079760848672
9.8259904,11.962323,16.643667,12.972060,16.572718,0.72969523971065,-14.525113108991
9.8597776,12.029941,16.901612,12.883383,16.582437,2.24415553874737,-14.0300464624254
9.907208,12.271433,17.268688,12.696176,15.903637,7.72636926374094,-14.6736293351038
9.9422352,12.474286,16.486729,12.548382,15.230183,8.73672769580456,-17.3113877849095
9.982256,12.918632,17.065376,12.518823,14.937377,13.7525321294058,-17.7313591532111
10.0197504,13.285701,16.957492,12.745441,14.625051,15.0198785615895,-19.7767865477214
10.0497456,13.440256,17.045761,13.001618,14.664092,14.7249319143778,-20.4340398748289
10.0797664,13.604471,16.986915,13.247943,14.751934,13.8007382163333,-21.2538736323476
10.1210368,13.546512,16.692688,13.090295,14.410327,14.4933928089688,-21.9433635946651
10.152256,13.662429,16.967300,13.228237,14.615291,14.5409189066092,-21.6139053249016
10.1822448,13.614130,16.967300,13.149413,14.342005,15.7446776580926,-21.837760743104
10.2160016,13.594811,17.320373,12.991765,14.498168,16.9218229380414,-20.5491387894197
10.25476,13.749366,17.545947,13.129707,14.703133,16.9028563586935,-20.4078696316201
10.2847584,13.643109,17.349796,12.972060,14.166322,18.5803900883535,-21.150183027396
10.3160096,13.816984,17.428256,12.863677,13.961357,20.7044720435309,-21.5169985027476
10.3559712,13.913581,17.545947,12.853824,14.039439,21.1665932951946,-21.3487532132794
10.3859776,14.087455,17.526332,12.903089,13.746633,22.6707318322309,-22.382222214661
10.4172848,14.203372,17.555755,12.903089,13.639271,23.5971114405915,-22.766736824897
10.451008,14.280649,17.369411,12.873530,13.668551,23.2287735887217,-23.1528882547646
10.488496,14.135754,17.026146,12.962207,13.697832,21.0809860247031,-23.6123791292591
10.5197728,14.116434,16.967300,12.962207,13.746633,20.6139165579906,-23.5904513520478
10.549768,14.184052,17.084991,13.011471,13.649031,21.448369910834,-23.7978878590102
10.5909952,14.087455,17.084991,13.021324,13.531909,21.5492242853228,-23.8332886192338
10.6409984,14.039157,17.016338,12.873530,13.434306,22.1434335232189,-23.730227978997
10.6709712,13.981199,16.986915,12.952354,13.570949,20.9630556106142,-23.5746600335109
10.7122608,13.903921,16.888839,12.922795,13.678312,20.0365525596094,-23.3317931015971
10.7449984,13.942560,16.584805,13.100148,14.000398,17.098953598763,-23.7535343454067
10.7747552,13.942560,16.496536,13.169119,14.068720,16.241332208807,-23.9352388529858
10.806,13.990858,16.408268,13.385885,14.185842,14.7841856490607,-24.4343555461529
10.8459872,14.019837,17.288530,13.405590,14.166322,17.963645833464,-22.959829941014
10.8760144,14.077796,17.040505,13.425296,14.107760,17.459104278293,-23.6762416733978
10.9060192,14.019837,16.990901,13.395738,14.098000,17.2397889564776,-23.6035975734005
10.9484592,14.068136,17.030584,13.445002,14.215123,16.8945597475324,-23.519644488944
10.9773072,14.068136,17.199241,13.425296,14.205362,17.5928861585666,-23.191065060858
11.0098944,13.971539,17.248846,13.385885,14.107760,17.9667238971195,-22.9964556139844
11.0398192,13.990858,16.349423,13.287355,14.146801,15.1150933064979,-24.4115759609171
11.0797424,13.874942,17.298451,13.208531,14.156561,18.309577897213,-22.2480299052562
11.1097504,13.874942,16.467114,13.149413,14.107760,15.8201193849643,-23.7341632379383
11.141,13.855623,16.486729,13.129707,14.176082,15.6288148705031,-23.4890564687088
11.181024,13.768685,16.545574,13.100148,14.332245,15.0293839665834,-22.8470254436534
11.2147536,13.720387,16.555382,13.119854,14.459128,14.3166050921372,-22.5361311726648
11.263584,13.749366,16.555382,13.060736,14.546969,14.3075036431418,-22.3120831906671
11.3135584,13.604471,16.398461,13.031177,14.478648,13.6098808156299,-22.3540344035648
11.343504,13.546512,16.329808,13.041030,14.615291,12.5789133830828,-22.12689986763
11.3747664,13.517533,16.388653,13.080442,14.683612,12.2666604188334,-21.9167466592896
11.4084928,13.527193,16.467114,13.080442,14.722653,12.4328116656182,-21.7234980083174
11.4372592,13.546512,16.476921,13.031177,14.712893,12.7674343988886,-21.659631625657
11.4672848,13.498214,16.398461,13.090295,14.703133,12.1179630628949,-21.8431310322221
11.4984944,13.488554,16.349423,13.060736,14.761694,11.7927376373709,-21.7421707629927
11.5409744,13.469235,16.339615,13.110001,14.800735,11.3445011398207,-21.7528246998776
11.5697312,13.391957,17.278609,13.129707,14.859296,14.1219568074884,-19.8466298892619
11.6047024,13.382298,17.229004,13.100148,14.937377,13.7258769386464,-19.7130463528025
11.6797008,13.198763,16.329808,13.100148,15.142342,9.04453234972224,-20.5529435848026
11.7135424,13.150465,17.298451,12.981912,15.220423,12.5177022428499,-18.3479404936223
11.74232,13.121486,17.298451,12.972060,15.181382,12.6023365715556,-18.331843271621
11.7923328,13.073187,16.427883,12.942501,15.308265,8.91201956866941,-19.4693477027844
11.8234672,12.976590,16.457306,12.863677,15.396107,8.63082716717101,-18.8796328350334
11.8572528,13.044208,16.349423,12.952354,15.376586,8.21821338463277,-19.4458738799024
11.9072096,13.034549,16.369038,12.962207,15.347306,8.32909399562862,-19.4634905682124
11.9360448,13.092507,16.398461,12.863677,15.327785,9.10232247428868,-19.3577300269079
11.9660048,13.044208,16.398461,12.912942,15.327785,8.7360614658116,-19.3598310145791
12.0059424,13.073187,16.437691,12.883383,15.415627,8.7633657776347,-19.1330510743222
12.0360544,13.131146,16.339615,12.932648,15.337546,8.72641135730207,-19.6786565405562
12.0672832,13.131146,17.209162,12.912942,15.249704,12.2836814278617,-18.2613629182352
12.1010128,13.160125,17.159557,12.972060,15.220423,12.0956952437121,-18.5886647010483
12.140968,13.189104,17.248846,12.981912,15.288745,12.2172117637993,-18.3987525727621
12.1710096,13.179444,17.298451,12.962207,15.288745,12.4343572946689,-18.2497214172011
12.2010144,13.276041,17.268688,13.001618,15.200903,12.8565651703258,-18.7457822626437
12.2347904,13.237402,17.219083,13.031177,15.171622,12.5427919459502,-18.8634258449894
12.2722624,13.305020,17.238925,12.972060,15.171622,13.0795033053161,-18.8471400896948
12.3034976,13.285701,17.169478,13.011471,15.161862,12.6511445857225,-19.028209722013
12.3334992,13.324339,17.258767,12.962207,15.083780,13.5937128575038,-18.9858728725567
12.384736,13.314680,17.268688,13.001618,15.093541,13.4053589778609,-19.0153589461098
12.414752,13.391957,17.298451,13.041030,15.093541,13.6314037276359,-19.2130615350814
12.446048,13.420936,17.278609,13.070589,15.005699,13.8876097889377,-19.5258045674257
12.4972384,13.440256,17.209162,13.080442,14.966658,13.8234319457258,-19.7779845489462
12.5360112,13.440256,17.129794,13.070589,15.015459,13.3933420287089,-19.8106738486072
12.5660048,13.430596,17.229004,13.031177,14.947138,14.1245847897576,-19.6518253195736
12.6160112,13.420936,17.179399,13.001618,14.956898,13.9920404356474,-19.6380445385908
12.647248,13.420936,17.159557,13.080442,14.937377,13.6930489796896,-19.8754602908196
12.6787856,13.478895,17.159557,13.060736,14.986178,13.7854847712986,-19.8711165609575
12.728512,13.527193,17.209162,13.080442,14.986178,14.0542690048258,-19.9285684278343
12.7597696,13.498214,17.179399,13.021324,14.966658,14.1507123671915,-19.8277774854067
12.7936192,13.517533,17.080189,13.129707,14.917857,13.6392625906004,-20.359946727835
12.824744,13.440256,17.040505,13.080442,14.888576,13.5284585203343,-20.2128558806278
12.8622448,13.411277,17.139715,13.050883,14.956898,13.6274842673756,-19.7923865446809
12.8923072,13.411277,17.189320,13.119854,15.103301,12.975018585441,-19.5956006338093
12.923496,13.411277,17.199241,13.060736,15.005699,13.6117635206199,-19.6231597724034
12.9735392,13.411277,17.179399,13.080442,15.093541,13.1284261653611,-19.5460960330319
13.0047152,13.343659,17.129794,13.041030,15.152102,12.6400504296017,-19.301965016736
13.0347728,13.295360,17.189320,12.972060,15.074020,13.245041156884,-19.0831089951641
13.0860032,13.276041,17.219083,12.962207,15.181382,12.9069798841853,-18.7813080799551
13.1160208,13.208423,17.298451,12.932648,15.298505,12.6128622662791,-18.2316087066692
13.1597632,13.266381,16.349423,12.873530,15.259464,9.78392681010234,-19.9652011098797
13.2084864,13.218083,17.298451,12.912942,15.278984,12.797364367521,-18.2436953848618
13.2410032,13.247062,17.278609,12.922795,15.288745,12.7545546443998,-18.3447566795511
13.2700928,13.160125,17.268688,12.873530,15.298505,12.5625112220911,-18.051213590466
13.3097568,13.208423,17.258767,12.893236,15.318025,12.5483525276032,-18.1814917787173
13.3397328,13.140805,17.278609,12.863677,15.357066,12.3423917631659,-17.8698875880917
13.3709808,13.092507,16.349423,12.863677,15.474188,8.36178943309304,-19.184844120463
13.4022608,13.150465,16.378845,12.942501,15.435148,8.53066162925964,-19.4984802749842
13.4423104,13.111826,17.278609,12.863677,15.444908,11.9033803207892,-17.6559358718571
13.473512,13.092507,17.209162,12.873530,15.386347,11.7733129266468,-17.8559320417401
13.5035168,13.053868,17.129794,12.834118,15.376586,11.5397164989351,-17.8406104187715
13.554744,13.053868,17.179399,12.853824,15.415627,11.4923375421709,-17.7302028077521
13.5860144,13.082847,16.329808,12.863677,15.522989,8.06794169466518,-19.1121382862666
13.6172352,13.111826,16.339615,12.883383,15.435148,8.47059923178685,-19.3562807255205
13.6522656,13.131146,16.359230,12.903089,15.435148,8.53828229841955,-19.4061100164014
13.6872672,13.102167,17.209162,12.883383,15.376586,11.8074187404957,-17.9150559960517
13.7185152,13.189104,17.219083,12.883383,15.386347,12.1150009037394,-18.0690635238011
13.7485232,13.150465,17.278609,12.883383,15.415627,12.0773181782329,-17.8325155173041
13.8059792,13.150465,17.248846,12.942501,15.396107,11.8203505317329,-18.0450678651528
13.8423152,13.102167,17.219083,12.893236,15.522989,11.2465915048225,-17.6671232969805
13.8822592,13.121486,17.278609,12.873530,15.493709,11.7139585892016,-17.6143550710737
13.9210032,13.092507,17.199241,12.853824,15.493709,11.4030449242099,-17.6452954951708
13.9535312,13.111826,17.159557,12.893236,15.474188,11.2544738934152,-17.8744688399249
13.982272,13.140805,17.238925,12.893236,15.513229,11.4920922761861,-17.7333541224811
14.022224,13.111826,17.229004,12.863677,15.493709,11.5405295170573,-17.6573175748124
14.053512,13.111826,17.288530,12.853824,15.483949,11.8272530806076,-17.5505129446049
14.0835232,13.063528,16.359230,12.794706,15.552270,8.25651818564817,-18.8161021551944
14.1160416,13.024889,16.329808,12.755294,15.581551,8.044586893523,-18.6459627321203
14.1560576,12.947611,16.418076,12.745441,15.698673,7.6762051182987,-18.0938998716152
14.1860464,12.928292,16.359230,12.784853,15.649872,7.42348155158651,-18.3269670455497
14.2160048,12.908973,16.339615,12.696176,15.737714,7.28268754014579,-17.9701184502553
14.2698528,12.822035,16.349423,12.715882,15.776755,6.77351396385602,-17.736555058903
14.2972576,12.744758,16.584805,12.587793,15.893877,7.40018766006626,-16.669620586772
14.3288032,12.706119,16.565189,12.558234,16.339440,5.61551221268923,-15.7878576716242
14.3774016,12.599862,16.604420,12.508970,16.349160,5.51559371975348,-15.358913756334
14.4111024,12.706119,16.682880,12.459705,16.388039,6.23703995007715,-15.2868871543503
14.4609776,12.628842,16.663265,12.420293,16.378319,6.06409653405308,-15.0765601244488
14.5122432,12.503266,16.722111,12.371028,16.407479,5.89282031689742,-14.5364850778283
14.5447984,12.541904,16.722111,12.262645,16.475518,6.18767968839433,-14.2652029593875
14.5747216,12.503266,16.879032,12.272498,16.562998,6.25832027041242,-13.7913543848672
14.6248144,12.377690,16.937877,12.114851,16.640757,6.3125091627846,-12.9243398939913
14.6560064,12.319731,17.006530,12.144409,16.621317,6.31390693360502,-12.778423711426
14.6860304,12.310072,16.986915,12.055733,16.679636,6.32009206786456,-12.4907392600123
14.725984,12.242454,17.035953,12.036027,16.767116,5.99643456582671,-12.06686857923
14.7585104,12.203815,17.094799,11.986762,16.815715,6.07361348732185,-11.689863084496
14.7884784,12.078239,17.153644,11.967056,16.893474,5.6088426647333,-11.1338426680338
14.819776,12.000961,17.232105,11.858673,16.980954,5.69165363601298,-10.436966605147
14.8585168,12.049260,17.271335,11.858673,17.058713,5.72380900992889,-10.3601883614252
14.8898256,11.875385,17.134029,11.858673,17.097592,4.42338664132461,-10.1159693044393
14.9197792,11.904365,17.183067,11.888232,17.029553,4.85806877734596,-10.282432690183
14.9610032,11.817427,17.192874,11.779849,17.107312,4.68534351092846,-9.68731576289948
14.9923472,11.788448,17.398833,11.720731,17.282271,4.91049949980557,-8.87452143147076
15.0222624,11.711171,17.398833,11.720731,17.291990,4.58724162054788,-8.67844786258321
