0.0415824,12.223336,17.103490,13.199988,16.465799,2.16531816087974,0.111792569186193
0.071424,12.223336,17.103490,13.160563,16.475518,2.2737626786232,0.21474081205718
0.1051088,12.232996,17.153101,13.101425,16.485238,2.67297084348299,0.422430305306793
0.1551376,12.204015,17.222557,13.130994,16.514398,2.60730730788124,0.584651496148169
0.1851472,12.184695,17.252324,13.111281,16.621317,2.32776693073395,0.89644271112105
0.2164032,12.194355,17.242402,13.081712,16.524118,2.7893174726344,0.763607438181293
0.2563808,12.252317,17.282091,13.052144,16.592157,3.00724981817729,0.878728305434695
0.2864128,12.194355,17.282091,13.012719,16.533838,3.15211374508285,0.997736016720197
0.3176592,12.184695,17.292013,13.042287,16.601877,2.79605885635977,1.08215153155875
0.3476016,12.165374,17.311857,13.002862,16.582437,3.0131486449338,1.21282891142515
0.4000912,12.194355,16.329808,13.012719,16.621317,-0.722334010016849,-0.450177563773249
0.4313504,12.146053,17.311857,12.904300,16.640757,3.08951962682216,1.57027384515525
0.460096,12.146053,16.447498,12.924012,16.621317,-0.134983926391088,0.0542850949455822
0.5001056,12.097752,16.398461,12.864875,16.650477,-0.394157431694537,0.260775219900593
0.5326448,12.136393,16.398461,12.795881,16.708796,-0.208366606177504,0.427285565869283
0.5613984,12.039790,16.476921,12.756456,16.767116,-0.34647434265456,0.962914961894946
0.6026224,12.078431,16.555382,12.795881,16.805995,-0.18963726154346,0.984120021597452
0.6325984,12.039790,16.545574,12.756456,16.796275,-0.193086696409604,1.12679495341933
0.6639056,12.078431,16.545574,12.726887,16.864315,-0.187679992093183,1.22007086425275
0.7051728,11.962507,16.584805,12.746600,16.835155,-0.443467697668812,1.45347592928176
0.745144,11.894885,16.555382,12.628325,16.796275,-0.235530033028932,1.76014452176984
0.7763776,11.894885,16.594612,12.648037,16.854595,-0.373016850527936,1.8779925039692
0.8063824,11.923866,16.682880,12.510050,16.971234,0.149795927959184,2.46515550121794
0.856384,11.904545,16.673073,12.608612,16.961514,-0.286094658422938,2.25293336490709
0.8876416,11.846583,16.643650,12.529762,16.893474,-0.0785949949294307,2.40273208506356
0.9189248,11.923866,16.692688,12.529762,16.932354,0.257279668711832,2.37231456921861
0.9588832,11.856243,16.722111,12.529762,16.912914,0.184148089908317,2.54267743789617
0.9926352,11.856243,16.741726,12.539619,16.893474,0.293639000148759,2.52051821806777
1.0440032,11.933526,16.663265,12.490337,16.903194,0.434750025285347,2.3430892458719
1.091392,11.991488,16.692688,12.519906,16.864315,0.799265403130946,2.12851805030182
1.1239456,11.962507,16.702495,12.500194,16.951794,0.477574775746416,2.40001883984633
1.153936,11.943186,16.722111,12.470625,16.883754,0.837980350558048,2.43117357923747
1.1939296,12.030129,16.712303,12.500194,16.786555,1.37850511326326,1.98910696326668
1.2251504,12.020469,16.682880,12.510050,16.796275,1.15889803854817,1.95592687106301
1.2589424,12.097752,16.702495,12.510050,16.844875,1.34433297001513,1.89415369993311
1.2876336,12.059110,16.643650,12.569187,16.796275,0.938484330967544,1.6692181910615
1.3276224,12.136393,16.653458,12.608612,16.786555,1.15696760367168,1.40600392718617
1.3614016,12.107412,16.594612,12.638181,16.737956,0.896371499095835,1.22529346607115
1.388904,12.059110,16.467114,12.628325,16.767116,0.160322322851418,1.19175078501048
1.4325968,12.039790,16.447498,12.579044,16.776836,0.158254613996262,1.33028069393127
1.4626416,12.097752,16.545574,12.657894,16.776836,0.459138796995176,1.1856536695266
1.4914,12.039790,16.545574,12.687462,16.864315,-0.189591539167599,1.39577562931406
1.5226368,12.097752,16.525959,12.726887,16.786555,0.0959658232696383,1.01386817707767
1.5726928,12.059110,16.476921,12.657894,16.708796,0.303429835566781,1.04352740910232
1.6039392,12.136393,16.408268,12.667750,16.708796,0.299836058067942,0.731577743682507
1.6353152,12.068771,16.447498,12.756456,16.767116,-0.348150708311995,0.848326531368517
1.6902016,12.088091,16.349423,12.776169,16.825435,-0.933051259680041,0.693774095097321
1.7251088,12.165374,16.349423,12.835306,16.737956,-0.535720537967313,0.240610138484811
1.7639488,12.117072,17.272168,12.845162,16.728236,2.73309197497484,1.84480762715163
1.8064016,12.146053,16.329808,12.864875,16.757396,-0.862757247332533,0.217405744246951
1.837632,12.155714,17.272168,12.835306,16.776836,2.73360441684872,1.86016297003725
1.868096,12.184695,17.232479,12.864875,16.679636,2.94171812613311,1.50552971617453
1.907584,12.175034,17.262246,12.864875,16.699076,2.94447766452781,1.60778500586769
1.9389456,12.281298,17.252324,12.874731,16.718516,3.19095961975797,1.36562173003876
1.9689328,12.213676,16.329808,12.835306,16.718516,-0.355749658846902,0.0666708713231525
2.00264,12.242657,16.359230,12.825450,16.699076,-0.0272140907277514,0.0408812956183375
2.0401632,12.252317,16.329808,12.874731,16.660197,-0.140135937908576,-0.206191113238194
2.0701648,12.204015,17.252324,12.795881,16.679636,3.33882873054856,1.64868036957482
2.1039104,12.194355,16.339615,12.746600,16.689356,0.0406424080130425,0.275543565850011
2.1426368,12.165374,16.418076,12.717031,16.650477,0.480109068497169,0.473790681377327
2.1739808,12.204015,16.496536,12.726887,16.767116,0.45742508877412,0.693567592761251
2.202608,12.146053,16.496536,12.648037,16.728236,0.671512067264689,0.935423042297682
2.2351584,12.165374,16.476921,12.756456,16.747676,0.200358392962412,0.648295869181133
2.2763888,12.068771,16.486729,12.726887,16.728236,0.0518217332971913,0.915422473811194
2.3201248,12.088091,16.467114,12.726887,16.776836,-0.127709180002109,0.920631726338208
2.350152,12.030129,16.457306,12.648037,16.796275,-0.166714225032643,1.24514339925546
2.387632,12.088091,16.486729,12.677606,16.844875,-0.12217905201291,1.17839896797647
2.4189488,12.107412,16.467114,12.687462,16.844875,-0.159418539976262,1.07990781542232
2.4501648,12.088091,16.418076,12.717031,16.874035,-0.633601298829396,1.02356298308087
2.5052,12.078431,16.447498,12.677606,16.883754,-0.449920521001176,1.19956653699811
2.5539424,12.020469,16.457306,12.667750,16.883754,-0.596664099311103,1.36888842318548
2.5813504,12.097752,16.418076,12.707175,16.883754,-0.59643719940511,1.04028733344461
2.6326048,12.049450,16.398461,12.736744,16.912914,-1.06901305698743,1.09841024292849
2.6638912,12.175034,16.467114,12.795881,16.815715,-0.193668421383112,0.63620683777831
2.6939792,12.117072,16.408268,12.746600,16.796275,-0.38446381292975,0.745027553891418
2.7363904,12.155714,16.339615,12.756456,16.747676,-0.356368004301885,0.438651235086919
2.7651888,12.107412,17.282091,12.736744,16.679636,3.31033310370214,2.04531603163756
2.7950992,12.213676,16.339615,12.756456,16.708796,0.00624129506814208,0.243083298466253
2.8301264,12.204015,16.398461,12.776169,16.728236,0.0487959886675182,0.352818994464156
2.8663648,12.204015,16.437691,12.815594,16.660197,0.302145447395512,0.216055493699518
2.8963648,12.271638,16.359230,12.884587,16.650477,0.0437675722806636,-0.237720736014962
2.9451264,12.339260,17.242402,12.825450,16.631037,3.8683158629243,1.18632221455618
2.9889568,12.310279,17.311857,12.855019,16.514398,4.33677039153122,1.10728851313993
3.0201392,12.319939,16.339615,12.815594,16.631037,0.476689079805601,-0.257920462365814
3.0518752,12.368241,16.388653,12.815594,16.553278,1.12986421537189,-0.414161140328204
3.1014288,12.339260,17.232479,12.914156,16.543558,3.82749127646595,0.829380790616241
3.1326256,12.368241,17.242402,12.914156,16.475518,4.22012057470448,0.669218564490873
3.1626192,12.406882,17.232479,12.963437,16.524118,3.96514083535097,0.539372036594735
3.2050976,12.426203,17.232479,12.924012,16.475518,4.35930149990267,0.503177889556255
3.2352848,12.464844,17.202712,13.002862,16.358880,4.53091272059699,0.00143077497376787
3.2651552,12.493825,17.232479,12.973294,16.397759,4.71073045126436,0.116983346053431
3.3001392,12.532466,17.242402,13.042287,16.368600,4.7407190068581,-0.150909709239453
3.3376112,12.561447,17.163023,13.022575,16.397759,4.52258044510109,-0.254851849892663
3.3689424,12.580768,17.103490,13.042287,16.339440,4.51817959365516,-0.53713217945138
3.3989104,12.590428,17.043956,13.052144,15.823902,6.2152869205901,-1.55230439088884
3.4401376,12.619409,16.994345,13.071856,15.784863,6.21237958764869,-1.81046496790377
3.4713392,12.783635,16.994345,13.170419,15.794623,6.40540764085945,-2.36562298880383
3.5019808,12.831937,16.914967,13.199988,15.745823,6.36428118423651,-2.75446511488197
3.5339216,12.967181,16.815744,13.249269,15.716543,6.42050208214136,-3.37416429119811
3.58392,13.044464,16.706600,13.337975,15.609184,6.37437327088738,-4.10647106267769
3.6226704,13.179709,16.607377,13.436538,15.618944,6.10108412204414,-4.76103275910747
3.6526352,13.160388,16.627222,13.456250,15.570144,6.21139239902701,-4.81263797222053
3.7051728,13.083105,16.607377,13.436538,15.589664,5.85862007240991,-4.60702069543029
3.7339808,13.034804,16.627222,13.367544,15.638464,5.83015853321149,-4.23657383089845
3.7677024,12.976842,16.696677,13.416825,15.716543,5.39787350453552,-3.96064332112672
3.8251408,12.812616,16.795900,13.209844,15.911742,5.20428421674234,-2.6533471239315
3.8564192,12.706352,16.865356,13.160563,15.950781,5.10771204678292,-2.1300078792748
3.8876288,12.658051,16.964578,13.121137,16.388039,3.82466982741031,-1.02905205972207
3.9390128,12.658051,17.053879,13.160563,16.378319,4.0415939114814,-0.981117834793764
3.9692544,12.648390,17.024112,13.130994,16.456079,3.72139676983315,-0.815492527438417
3.9989024,12.542127,17.043956,13.052144,16.436639,3.76587696419498,-0.411167690600522
4.061472,12.513146,16.964578,13.081712,16.426919,3.29584541604114,-0.561662928994643
4.090144,12.561447,16.974501,13.022575,16.436639,3.690884393197,-0.505017586243319
4.125136,12.474504,17.053879,13.062000,16.436639,3.51838219341832,-0.268104628304322
4.1601312,12.580768,16.994345,13.140850,16.465799,3.29392238333871,-0.723357129725608
4.1939792,12.493825,17.014190,13.180275,16.494958,2.79757859754008,-0.537808451738252
4.2426432,12.445523,16.984423,13.081712,16.514398,2.79981663652808,-0.233915932902766
4.2825968,12.406882,17.043956,13.111281,16.504678,2.80406130607481,-0.130883777131514
4.3138704,12.435863,17.004267,13.101425,16.611597,2.41050493254603,-0.0608015538811291
4.343976,12.387561,17.063801,13.062000,16.572718,2.73744600856168,0.16598019682195
4.3851136,12.368241,17.093568,13.101425,16.601877,2.52559962741643,0.219683566562811
4.41516,12.406882,17.083645,12.993006,16.640757,2.88478930836743,0.421000994196735
4.4451408,12.368241,17.073723,13.071856,16.601877,2.56047418332006,0.251684221404526
4.4789456,12.329600,17.093568,12.983150,16.689356,2.49581921064963,0.709764014548977
4.516368,12.204015,17.093568,12.963437,16.669917,2.17573261856147,0.998906320043403
4.5551472,12.319939,17.222557,12.983150,16.669917,3.00488936369001,0.911768577411767
4.5963456,12.300619,17.272168,12.953581,16.796275,2.76306393021249,1.30844444349321
4.6613728,12.213676,17.262246,12.855019,16.796275,2.7671429017918,1.70296159997114
4.6913968,12.175034,17.222557,12.845162,16.737956,2.72827320076121,1.65031929169412
4.7251504,12.088091,17.311857,12.776169,16.747676,2.95406309027605,2.16027661340913
4.7613824,12.107412,16.427883,12.746600,16.805995,-0.382303277262482,0.816011421566166
4.7913936,12.078431,16.339615,12.756456,16.854595,-1.04168013045436,0.792314678403852
4.825144,12.088091,16.378845,12.746600,16.844875,-0.784119884095984,0.842352462452563
4.8676448,12.107412,16.339615,12.795881,16.825435,-0.968892957479573,0.589674139494591
4.9138912,12.136393,16.388653,12.756456,16.805995,-0.457265131311074,0.662910724365933
4.9463648,12.184695,16.378845,12.805737,16.757396,-0.313822478964,0.345996945841231
4.9951376,12.252317,16.378845,12.795881,16.650477,0.370419198702712,0.0362586533985301
5.0264,12.271638,17.301935,12.845162,16.718516,3.4455078875837,1.53389726256868
5.0564176,12.290958,16.329808,12.855019,16.689356,-0.0285362483359841,-0.198890824446465
5.0989184,12.223336,17.242402,12.914156,16.592157,3.26032160392884,1.18262624629203
5.1276096,12.387561,17.212635,12.914156,16.553278,3.89589836379113,0.705980586244181
5.1576448,12.329600,17.182868,12.953581,16.572718,3.3585656127884,0.729820113404354
5.1926736,12.358581,17.212635,12.993006,16.533838,3.57183520584631,0.563872787016997
5.2289136,12.406882,17.163023,13.071856,16.456079,3.56304204819268,0.072958291497665
5.2601808,12.513146,17.163023,13.111281,16.426919,3.91372923426254,-0.294563018576628
5.2901424,12.464844,17.103490,13.081712,16.349160,3.91370772363897,-0.353454708003673
5.3300928,12.532466,17.024112,13.121137,15.931262,5.27171029405887,-1.42720811499803
5.361424,12.522806,17.004267,13.130994,15.950781,5.05420919663822,-1.42818948182722
5.3913904,12.493825,16.974501,13.150706,15.901982,4.94694793530899,-1.54186772697127
5.4239808,12.522806,17.053879,13.229556,16.329720,3.4730195058665,-0.91864043151981
5.4626592,12.687032,17.014190,13.219700,15.921502,5.46977615781508,-2.01209025338219
5.5026208,12.600089,16.974501,13.229556,15.862942,5.1883530356955,-2.01251273005457
5.5358208,12.667711,16.696677,13.308406,15.804382,4.34078298404729,-2.90960478939412
5.5839136,12.696692,16.706600,13.397113,15.775103,4.26336369222576,-3.1976754695195
5.615168,12.764314,16.686755,13.406969,15.736063,4.54745773484448,-3.46692659618109
5.6463824,12.812616,16.686755,13.544956,15.765343,4.10532927425375,-3.8158661189362
5.6863632,12.880238,16.597455,13.554813,15.687263,4.27800729985924,-4.27315266069388
5.7176752,12.957521,16.399010,13.742081,15.599424,3.46470464403045,-5.33875027362107
5.7489856,12.976842,16.339476,13.801219,15.628704,2.99061285398128,-5.55815554907329
5.7789184,12.947861,16.190642,13.820931,15.687263,2.04453230405626,-5.69852311823068
5.8189424,12.909219,16.091420,13.939207,15.736063,0.920061596827451,-5.95615111674529
5.8501104,12.928540,16.012042,13.988488,15.823902,0.196741196516747,-6.08553201084478
5.8901456,12.841597,15.912819,14.116619,16.388039,-2.9851350509239,-5.3518996790185
5.9513408,12.793295,15.714374,14.303888,16.533838,-5.09107430399159,-5.73493130951899
5.982592,12.687032,15.585385,14.353169,16.456079,-5.88672883733971,-5.97974084909934
6.0139104,12.638730,15.625074,14.244750,16.426919,-5.43603052289322,-5.63228914917082
6.0526336,12.677371,15.773908,14.323600,16.446359,-5.06730628162525,-5.58277594173584
6.086392,12.725673,16.061653,14.284175,16.562998,-4.06888349077031,-4.89633075677279
6.1164,12.667711,16.021964,14.146188,16.660197,-4.29320096422333,-4.38570315659777
6.168976,12.667711,16.031886,14.067338,16.699076,-4.11544704252689,-4.1353049512642
6.1951248,12.677371,16.091420,13.850500,16.864315,-3.67357580845195,-3.31087674840316
6.2264224,12.735333,16.190642,13.791363,16.854595,-2.84157837737511,-3.15561543066445
6.2613936,12.793295,16.299787,13.623806,16.786555,-1.38356253314773,-2.85253843828246
6.2976768,12.773975,16.339476,13.584381,16.854595,-1.40959811094902,-2.54437008827299
6.3289136,12.793295,16.389087,13.515388,16.786555,-0.665481723093867,-2.46950879999322
6.3678384,12.783635,16.359321,13.436538,16.631037,0.0284684935784782,-2.59497797312808
6.410144,12.812616,16.607377,13.219700,16.543558,2.15357888667797,-1.91780931731869
6.440144,12.841597,16.607377,13.052144,15.892222,5.28017954494428,-2.73337186524084
6.4714032,12.802956,16.666911,13.052144,15.628704,6.34686955270077,-3.00370600997142
6.5125856,12.860918,16.974501,12.864875,15.560384,8.64951777234097,-2.3063335348096
6.5426576,13.054124,17.262246,12.924012,15.521344,10.3027933415368,-2.42699913047563
6.57268,12.967181,17.252324,12.825450,15.365185,10.9293890529189,-2.30961687035971
6.605144,12.899559,17.282091,12.598756,15.335906,11.7799625317467,-1.6639904778833
6.6450992,12.957521,17.242402,12.490337,15.062628,13.3320162580792,-2.09428335657958
6.6751296,12.976842,17.212635,12.441056,14.828389,14.4116983709118,-2.48938458155269
6.7063952,13.189369,16.457306,12.401631,14.711270,13.0739470791681,-4.42743629691961
6.7464224,13.314953,16.712303,12.342493,14.691750,14.7652306909441,-4.14901410373181
6.7976848,13.643404,16.761341,12.539619,14.311113,16.8480711139758,-5.89461227869967
6.8276608,14.058799,16.516152,12.608612,13.891436,18.8664276221298,-8.15931694549477
6.8801792,14.329288,17.282091,12.746600,13.686477,22.7238315912097,-7.98457051601055
6.908952,14.686720,16.954656,12.756456,13.120401,25.1070734050968,-10.4135043818912
6.9401376,14.986190,17.034034,12.855019,13.208240,25.6132405814112,-10.9172875118462
6.9826096,15.169736,17.073723,12.973294,13.139921,26.1521533555436,-11.5848878088546
7.0113904,15.662413,16.682880,12.904300,12.964242,27.4966315484502,-13.5140779369191
7.0413952,15.923242,16.731918,12.845162,12.603124,30.2629104733297,-14.5180862398615
7.0851872,16.029506,16.692688,12.746600,12.300566,32.1726901273216,-15.2013266664128
7.1226752,16.464221,16.565189,12.657894,11.783290,35.7623719546052,-17.1644401550404
7.1531296,16.763691,17.272168,12.736744,11.392892,40.2816149266103,-17.2671095737434
7.1876096,16.665795,17.143179,12.638181,11.246493,40.6510079240438,-17.4364620547952
7.2251104,17.242120,17.182868,12.608612,10.895136,44.2257888668986,-19.1184549885981
7.2576512,17.780024,17.093568,12.677606,10.621858,46.4841866942873,-21.0036557743386
7.2901488,18.164240,16.875278,12.687462,10.270500,48.5087763706325,-22.9142148054383
7.3214096,18.519641,16.895123,12.549475,9.997222,51.4746105013021,-23.8448141193868
7.3576416,18.894252,17.232479,12.450912,9.723944,55.2188696796998,-24.2113644102405
7.3889456,19.182415,16.584805,12.234075,9.411626,56.6605186006937,-26.3919941737053
7.4426528,19.412945,17.055568,12.017237,9.421386,59.6022075913259,-25.3811069936277
7.4901552,19.595448,17.104606,12.155225,9.089548,61.155050435771,-26.5616708662963
7.5213984,19.518604,16.986915,12.115800,8.972429,61.3642476226926,-26.8629482148867
7.5626848,19.249653,16.771149,11.829968,8.904109,61.7227854664156,-26.4852479969481
7.6026192,18.951885,17.290950,11.406149,8.796750,64.9311350955329,-24.2543720012695
7.6339344,19.124782,18.409014,11.090749,8.826030,69.7982489083054,-21.5440642096996
7.6651664,19.307285,19.262273,10.666930,8.601551,75.6572907700998,-19.7894651246754
7.7151744,19.508999,19.811497,10.331818,8.338033,80.5059903587021,-18.9546451097884
7.7475984,19.691502,20.282261,9.927711,8.035475,85.6588650519945,-18.1906989432625
7.7776544,19.816372,20.272453,10.006561,7.752437,86.9804070671977,-19.1732211885966
7.8289664,19.729923,20.213608,9.888286,7.586518,88.129248928037,-19.2395146481787
7.858952,19.643475,20.292069,9.779868,7.791477,87.6052699752772,-18.2858143746183
7.888952,19.508999,20.488220,9.701018,7.967156,87.2418616385966,-17.1217055339412
7.930096,19.393734,20.615719,9.730586,8.142835,86.2049479113264,-16.3502158747778
7.9601488,19.124782,20.615719,9.701018,8.230674,85.2790222904891,-15.5891340771102
7.9904544,18.932674,20.556873,9.661593,8.279474,84.6420259154698,-15.1493090946506
8.0226528,18.827014,20.703987,9.612311,8.386833,84.438926360147,-14.338858444913
8.071416,18.644511,20.772640,9.671449,8.533232,83.1099769994334,-13.6713818294821
8.1126464,18.433192,20.664756,9.858718,8.582032,81.1358215150629,-13.7379627739205
8.1439552,18.385165,20.537258,9.927711,8.747950,79.5129233179538,-13.7053685005575
8.1825984,18.279505,20.086109,10.124836,8.962669,76.054786090271,-14.3511315509984
8.215448,17.981737,19.821305,10.193830,9.109068,73.547018214737,-14.1230298078476
8.2439504,17.731996,19.752652,10.252968,9.304267,71.4520101542574,-13.487505426694
8.2851264,17.655153,19.762459,10.272680,9.431146,70.5475593115046,-13.103678161093
8.3154096,17.722391,20.115532,10.272680,9.470186,71.4455179514327,-12.4806351668954
8.345168,17.751207,20.409759,10.105124,9.509225,72.9085629199368,-11.5598924238007
8.3789504,18.020159,20.605911,10.124836,9.411626,74.4670591839387,-11.9596123041965
8.4176672,18.154635,20.488220,10.144549,9.216427,75.3791308175589,-12.8675595196067
8.4489616,18.231478,20.429375,10.262824,9.177388,75.0305010628172,-13.4470840778375
8.47896,18.289111,20.390144,10.381099,9.294507,73.9139533328621,-13.6480630902351
8.5201904,18.423587,20.360722,10.420524,9.353066,73.6956262307455,-13.9367597733941
8.55136,18.471614,20.027264,10.459949,9.343306,72.833884516293,-14.77143434762
8.5813616,18.538852,19.733037,10.538799,9.294507,72.1114587346405,-15.7281482616175
8.6139504,18.452403,19.438809,10.607793,9.528745,69.6515051543516,-15.8118406072576
8.6529632,18.500430,19.026891,10.785205,9.782503,66.6118703858877,-16.564368138939
8.686688,18.423587,18.968046,10.844343,9.870343,65.5463998727921,-16.4725653432908
8.723992,18.289111,18.605165,10.893624,10.085061,62.9487536337372,-16.5999982098147
8.7739968,18.135424,18.095171,11.051324,10.133861,60.1416203995556,-17.5314009226461
8.805136,17.818445,17.330180,11.228737,10.446179,54.7446674960016,-18.1793781767188
8.8476528,17.549494,17.104606,11.228737,10.768257,51.7801699611375,-17.4517269809008
8.886384,17.059617,16.810379,11.238593,11.402652,46.4277087261088,-15.8016713905854
8.920192,16.829087,16.731918,11.406149,11.724730,43.2407753697304,-15.1846094381632
8.9476256,16.483292,16.633842,11.356868,12.115128,40.3098805524512,-13.799023379848
8.9889488,16.348816,16.525959,11.484999,12.603124,36.8048840259839,-13.0376172944434
9.0217728,16.135769,17.252324,11.484999,12.759283,37.758641713036,-10.9006309792171
9.0513712,15.739696,17.083645,11.544137,13.081361,34.3034363285284,-9.91251313812379
9.0826064,15.266340,16.895123,11.642699,13.501038,29.9223664492308,-8.6927408940834
9.1239712,14.995851,16.776055,11.721549,13.813356,26.9721147023918,-7.92727726285005
9.1530048,14.744682,16.547844,11.987668,14.272073,22.3416033031377,-7.53315548525981
9.185136,14.522494,16.160876,12.332637,14.564871,17.6438563632709,-7.96670399558552
9.2351008,14.223024,15.892975,12.539619,14.603911,14.6482827238512,-8.19520557694013
9.2664288,14.107100,15.674685,12.983150,14.760070,11.0815920592252,-9.00187866001885
9.297616,13.759328,15.109116,13.377400,14.906469,5.6237315227221,-9.88747144815871
9.3389472,13.382575,14.980127,13.781506,15.287106,0.74820232826162,-9.47014777723368
9.3890208,13.044464,14.811449,14.274319,16.631037,-7.82608309672827,-7.62963681868337
9.4202368,12.513146,14.732071,13.939207,17.573868,-12.3160053946495,-4.27299495187492
9.4651664,12.030129,14.960282,13.791363,17.846025,-13.7510085981359,-2.04807549473495
9.5038864,11.508471,15.446473,12.746600,19.080453,-14.5351781289454,4.29107936488429
9.5339152,10.967493,15.714374,12.569187,19.401210,-16.1119854245543,6.87559970592187
9.5851344,10.484477,16.329554,12.184793,20.149642,-16.7969484713874,10.9867691396946
9.632688,10.262289,16.567688,11.839825,20.868915,-17.9675968313111,13.7314217824785
9.6651728,9.904857,16.805822,11.406149,21.627068,-19.5023358491715,17.0411925134269
9.715176,9.682669,16.448621,11.416006,21.568749,-21.6900754330951,16.9963483147652
9.7476528,9.508783,16.270020,11.209024,21.870066,-23.4437305051927,18.1148222113303
9.776408,9.528104,16.270020,11.337156,21.957545,-24.0561251345285,17.8649683363255
9.8176496,9.711650,16.230331,11.573706,21.967265,-24.2487409319954,16.7827305135024
9.8589952,10.107724,16.041808,12.155225,21.238272,-22.9299565626854,13.1216877036691
9.8901504,10.271949,15.883052,12.450912,21.111913,-23.4469126267634,11.6152879426754
9.9226624,10.358892,15.972353,12.539619,21.092473,-22.9507104734652,11.3026158525291
9.9651728,10.716324,16.111264,12.539619,20.480119,-18.9910508551675,9.77213370862077
10.0013776,10.832248,16.250176,12.421343,20.276001,-16.9258592160362,9.68097556630543
10.0313712,10.948172,16.200565,12.401631,19.887205,-15.3134074407316,8.80130814787362
10.0726656,11.102738,16.309709,12.342493,19.634487,-13.230402872497,8.36234424351034
10.1026592,11.237982,16.438699,12.312925,19.517849,-11.7041315495277,8.13597256647915
10.1339152,11.324925,16.498232,12.273500,18.963814,-9.10610417728511,7.26961903927179
10.1764096,11.537452,16.508155,12.184793,18.506979,-6.34420884952554,6.28787513250991
10.2151344,11.740319,16.587533,12.303068,18.244541,-4.75332567413352,5.26019049419251
10.2451888,11.778961,16.508155,12.303068,18.137622,-4.52986774497538,4.87607198798751
10.2851008,11.836923,16.448621,12.273500,18.001544,-3.94594519411563,4.4985545908533
10.3163632,11.885224,16.607377,12.263643,18.011263,-3.15674245991342,4.67992172508615
10.3476544,11.933526,16.835589,12.352350,18.098743,-2.73976529704928,4.86863546540919
10.3776592,11.972167,17.053879,12.362206,18.166782,-2.05434842189825,5.2086461287076
10.4289648,11.682357,16.855434,12.401631,18.137622,-3.92548488047766,5.42120763554714
10.4589152,11.566433,16.815744,12.421343,18.312580,-5.20347775316437,5.85368866687688
10.4889104,11.392548,16.756211,12.470625,18.225101,-5.96149021092722,5.9094421563082
10.5301008,11.373227,16.716522,12.490337,18.302861,-6.53071801357867,5.96831978456888
10.5614064,11.373227,16.736366,12.529762,18.380620,-6.8647064080891,6.03054967849104
10.5939568,11.334586,16.845511,12.490337,18.468099,-6.76192485494301,6.51664035379647
10.6351248,11.286284,16.964578,12.480481,18.545858,-6.72767651682269,6.95521004022084
10.6714464,11.266963,17.063801,12.381918,18.545858,-6.07885207410517,7.37998438742955
10.7026752,11.131719,17.113412,12.253787,18.613897,-6.19578726006861,8.1715240414138
10.736816,11.054436,17.242402,12.194650,18.711097,-6.13132368007416,8.8336702702567
10.7726528,10.938512,17.282091,12.066518,18.720816,-6.00804942697196,9.48132295579485
10.8042112,10.899871,16.388653,12.036950,18.915215,-10.2096835653506,8.57734981816175
10.833896,10.832248,16.418076,11.879250,18.944374,-9.91199501019213,9.20416191293903
10.8676416,10.735645,16.427883,11.790543,19.187372,-10.7942610174577,10.0343596980814
10.905144,10.552099,16.584805,11.682124,19.333170,-11.0299234347004,11.1954174533779
10.9351072,10.561759,16.614227,11.573706,19.362330,-10.5990149719824,11.5226233243242
10.968976,10.474816,16.624035,11.534281,19.469249,-11.1402545787347,12.0040934947838
11.0176496,10.426515,16.761341,11.406149,19.615048,-10.8482636148746,12.8534377824821
11.0489248,10.262289,16.849609,11.287874,19.702527,-11.0427397132146,13.8048795423893
11.080104,10.329911,16.898647,11.169599,19.702527,-10.1677045799793,14.0013017228185
11.1189472,10.310591,16.918262,11.130174,19.692807,-9.99474895716386,14.1610306812152
11.1501824,10.204327,16.996723,11.021755,19.721967,-9.82725889579823,14.8501693926337
11.1800912,10.204327,17.006530,10.992187,19.741406,-9.75284272021828,14.9660534184732
11.2126896,10.233308,17.124221,10.972474,19.799726,-9.30841034464866,15.1955367058272
11.2651568,10.146365,17.232105,11.080893,19.712247,-9.29925166150306,15.1712442341321
11.3026128,10.156025,17.271335,10.972474,19.683087,-8.62360597267134,15.4318749658131
11.3401536,10.069082,17.212489,10.864055,19.692807,-8.85073479464372,15.8514077962228
11.3751632,9.982139,17.202682,10.785205,19.702527,-8.98968340869093,16.269501599068
11.4051472,10.030441,17.290950,10.795062,19.809446,-8.86147209443286,16.3996643310331
11.4351168,9.914517,17.457679,10.775349,19.877485,-8.83126250285563,17.0726667539739
11.4764128,9.982139,17.506717,10.745780,19.945524,-8.50766528699094,17.1403106610932
11.5064464,9.914517,17.545947,10.676787,20.003844,-8.58164779358792,17.6214696999357
11.5389632,9.895196,17.536140,10.706355,19.916365,-8.49228865955913,17.4601576045464
11.5726608,9.924177,17.585177,10.686643,19.906645,-8.08195519889524,17.4914456265378
11.6089536,9.895196,17.555755,10.716212,19.828886,-8.14120176248365,17.3404833856859
11.6401584,9.914517,17.565562,10.686643,19.780286,-7.75009856741274,17.3122311567998
11.6705392,9.972479,17.585177,10.617649,19.887205,-7.58004765551113,17.5167973623362
11.7214032,9.943498,17.604793,10.657074,19.838605,-7.584271491636,17.4499465435582
11.7526944,9.904857,17.712676,10.637362,19.896925,-7.44982782949377,17.8288140024533
11.7840864,9.904857,17.683253,10.578224,19.877485,-7.2866892524518,17.9112497319896
11.8229584,9.895196,17.604793,10.578224,19.838605,-7.49421345483584,17.7728482826661
11.8542688,9.933838,17.722483,10.597937,19.877485,-7.08988767775652,17.841961189409
11.8917344,9.914517,17.702868,10.509230,19.935805,-7.13429988623358,18.1700169782568
11.9301504,9.885536,17.732291,10.588080,19.848325,-7.10195916469913,17.9628525945265
11.9651488,9.982139,17.771521,10.548655,19.838605,-6.39748020325693,17.8585156736651
11.9963808,9.943498,17.800944,10.588080,19.731687,-6.19314931963681,17.7490690069779
12.0276896,9.953158,17.820559,10.538799,19.770566,-6.04213574721708,17.930794948682
12.0776496,10.040101,17.800944,10.568368,19.692807,-5.60857942496167,17.5000837200445
12.107664,10.011120,17.742099,10.528943,19.624768,-5.56557077681354,17.4966883951187
12.1389584,10.020781,17.732291,10.548655,19.547008,-5.35790927100823,17.299564713111
12.180088,10.049762,17.732291,10.509230,19.566448,-5.17331771299042,17.3533264356535
12.2089632,10.040101,17.820559,10.568368,19.673367,-5.46302637918117,17.5003277734231
12.2401248,10.098063,17.840174,10.617649,19.605328,-5.09545442817941,17.1617039654982
12.2851952,10.107724,17.771521,10.578224,19.644207,-5.32195734226347,17.1952890662747
12.3214032,10.117384,17.693061,10.578224,19.566448,-5.31056979509589,16.9520058828373
12.3526368,10.059422,17.673446,10.588080,19.556728,-5.612935785898,17.0325726908311
12.3826352,10.049762,17.771521,10.548655,19.595608,-5.26699229859728,17.3489433063806
12.4227488,10.098063,17.702868,10.548655,19.595608,-5.34607823288022,17.1304321752778
12.4639632,10.107724,17.673446,10.657074,19.634487,-5.94966687337849,16.8452544638426
12.49516,10.107724,17.663638,10.647218,19.585888,-5.77910308319957,16.7880530484755
12.5401984,10.088403,17.644023,10.676787,19.576168,-6.00161191221408,16.7209029981534
12.5863824,10.146365,17.644023,10.676787,19.478969,-5.42826735857883,16.4375535379298
12.6176384,10.156025,17.693061,10.647218,19.498409,-5.16392749436869,16.5844381080049
12.6676416,10.156025,17.693061,10.726068,19.527569,-5.55045187114239,16.4270590508978
12.6989248,10.223648,17.673446,10.735924,19.381770,-4.87756852192061,15.9983615937652
12.7289456,10.300930,17.673446,10.745780,19.410930,-4.71847148313414,15.8213832744118
12.7688976,10.320251,17.575370,10.854199,19.333170,-5.13303661613758,15.2515981578043
12.8001696,10.619721,17.300758,10.844343,19.109613,-4.19766048651013,13.8111200099518
12.8313712,10.745305,17.183067,10.923193,18.944374,-3.85481832967741,12.8898012339407
12.8639936,11.093077,16.790764,11.080893,18.876335,-4.35143303794787,10.9640084913392
12.901352,11.402208,16.594612,11.209024,18.808296,-4.13091434692054,9.50629089698921
12.9351248,11.479491,16.486729,11.248449,18.818015,-4.42600841196387,9.07616372965082
12.9677056,11.556773,16.506344,11.268162,18.818015,-4.12292150292264,8.87491806452186
13.0151744,11.547113,16.349423,11.376581,18.749976,-4.91153234296912,8.29219462132867
13.0551584,11.460170,16.359230,11.406149,18.876335,-5.76869051937138,8.63949409515721
13.0851216,11.469830,17.301935,11.406149,18.886055,-2.16390952828836,10.0638137309138
13.127616,11.460170,17.163023,11.475143,19.002694,-3.38467909965152,9.89029171690645
13.156408,11.382887,17.073723,11.455431,19.041573,-4.08381224444921,10.0441679346029
13.1964032,11.479491,16.974501,11.484999,19.148492,-4.57653203550096,9.75742080401812
13.2389536,11.469830,16.905045,11.534281,19.119333,-4.94848934450213,9.51582145148683
13.268992,11.498811,16.964578,11.534281,19.119333,-4.61181496747766,9.5370883353602
13.2989696,11.421529,16.914967,11.524424,19.119333,-5.06002501637776,9.66797500954274
13.3301664,11.469830,16.974501,11.504712,19.129052,-4.61420197639365,9.70454570350751
13.3789392,11.392548,17.073723,11.553993,19.070733,-4.49895136399404,9.83194676263707
13.4114416,11.450510,17.182868,11.494856,19.080453,-3.6914980391081,10.0124610532395
13.4401872,11.334586,17.133257,11.514568,19.012414,-4.14737209838528,10.0639884623863
13.4813632,11.344246,17.222557,11.416006,19.041573,-3.52603483981765,10.4516221812627
13.5126656,11.286284,17.192790,11.465287,18.963814,-3.75747511692771,10.311785516857
13.5426704,11.315265,17.252324,11.445574,18.963814,-3.35182121424963,10.3786824741939
13.5764128,11.276624,17.192790,11.366724,18.915215,-3.26990820351704,10.4967223412104
13.615176,11.266963,17.311857,11.484999,18.954094,-3.41489820132317,10.4740091205734
13.646376,11.237982,16.427883,11.386437,19.031853,-6.84996531159295,9.56164614254192
13.676416,11.315265,16.457306,11.445574,18.983254,-6.47157123654912,9.20612913824769
13.7163632,11.237982,16.476921,11.396293,18.963814,-6.45186783001905,9.50896604824996
13.757672,11.305605,16.467114,11.307587,18.944374,-5.84119331874613,9.51473327215047
13.7881456,11.228322,16.506344,11.327299,18.905495,-5.92085796527032,9.65346165145976
13.8389712,11.180020,16.565189,11.366724,19.022133,-6.43605706006605,9.94253063893409
13.8801088,11.131719,16.643650,11.307587,19.022133,-6.10824781411992,10.3200126459719
13.9101584,11.131719,16.653458,11.228737,19.012414,-5.75411360283539,10.5103188394832
13.9539984,11.083417,16.761341,11.228737,18.992974,-5.4531483082636,10.7607152540937
13.9813616,11.064096,16.859417,11.149887,19.031853,-5.00486179753389,11.2044070228755
14.0114112,11.025455,16.918262,11.061181,19.119333,-4.92228784120054,11.7324036497143
14.0476624,10.919191,17.006530,11.090749,19.099893,-5.02818693274962,12.0215630828283
14.0939664,10.793607,17.035953,11.110462,19.167932,-5.71463696363112,12.424478634566
14.12396,10.793607,17.134029,10.972474,19.235971,-5.08449772842938,13.0072252137441
14.1639472,10.764626,17.134029,10.972474,19.187372,-5.0226900600012,13.006969700549
14.2051312,10.697004,17.143836,10.962618,19.255411,-5.45518935309538,13.3117733506598
14.2364432,10.735645,17.134029,10.913337,19.265131,-5.20173687318178,13.337845403437
14.2651904,10.648702,16.986915,10.933049,19.158212,-5.80040887321259,13.1301571121811
14.3051536,10.716324,17.026146,10.923193,19.187372,-5.45269589971172,13.0883768290433
14.336416,10.725985,17.006530,11.002043,19.352610,-6.3638346831267,13.0847093741125
14.3663792,10.793607,17.045761,10.942905,19.304011,-5.56416194968653,13.0501063624919
14.3990016,10.793607,17.055568,11.002043,19.255411,-5.56374145092031,12.847935467515
14.4439792,10.928852,16.937877,11.011899,19.167932,-5.21804090023368,12.1894942282954
14.4789584,10.986814,16.869224,10.982330,19.167932,-5.15357052689504,12.0180771318364
14.5101808,10.977153,16.771149,11.071037,19.148492,-5.82032768136347,11.6498658519751
14.5639312,11.083417,16.731918,11.100606,19.197092,-5.83874979762681,11.3336225298916
14.5926672,11.112398,16.614227,11.051324,19.158212,-5.86903443790797,11.1478014522349
14.6226496,11.160700,16.643650,11.169599,19.226251,-6.23088711101787,10.8909397484525
14.6839072,11.044776,16.643650,11.228737,19.284571,-7.09876826592014,11.1156995869106
14.713968,11.122058,16.584805,11.140031,19.235971,-6.53975180205218,10.9819729345619
14.7451664,11.054436,16.467114,11.130174,19.187372,-7.05652864148178,10.9190843406435
14.7951664,11.083417,16.476921,11.189312,19.187372,-7.11487945899209,10.7201221174759
14.8264128,11.112398,16.496536,11.287874,19.197092,-7.30889410047719,10.4562474298882
14.8601376,11.151039,16.447498,11.278018,19.177652,-7.2457409067952,10.2830897998741
14.897616,11.160700,16.447498,11.317443,19.148492,-7.24434042067275,10.1206032080674
14.9276976,11.189681,16.369038,11.347012,19.187372,-7.6803530582262,9.91962653015347
14.9589616,11.160700,17.311857,11.278018,19.080453,-3.53093621958005,11.4087755835894
14.9926672,11.209001,17.311857,11.278018,19.099893,-3.41686373586121,11.3218147703447
15.0301568,11.218662,16.398461,11.297731,19.148492,-7.13954300405774,9.95401011928432
