0.05424,8.764216,19.370156,10.373332,19.634487,-1.08157285927062,8.17303669337085
0.0927488,8.696581,19.311311,10.304336,19.547008,-1.00345690759662,8.344436070812
0.1240064,8.686919,19.379964,10.324049,19.585888,-0.987980001450671,8.4567651246674
0.1552704,8.725568,19.448617,10.353619,19.644207,-0.892637080886143,8.44024887468454
0.2052848,8.735230,19.419194,10.363475,19.605328,-0.863831820068627,8.30091970457455
0.2352,8.783541,19.468232,10.314193,19.566448,-0.171873686707377,8.31656931109562
0.2665088,8.793203,19.497655,10.353619,19.478969,0.151765124403479,8.11245472821339
0.3064784,8.773879,19.458425,10.304336,19.488689,0.0711922767650846,8.25503154037606
0.3402352,8.793203,19.556500,10.284623,19.488689,0.591706375690857,8.38254823082421
0.3902304,8.831852,19.576115,10.274767,19.430369,1.06185278818196,8.25682053985652
0.4328032,8.822190,19.654576,10.245197,19.449809,1.36047607968542,8.48618915145268
0.4702784,8.793203,19.742844,10.156489,19.381770,2.15822007519114,8.82283527588075
0.5015296,8.754554,19.762459,10.186058,19.410930,1.87107183124965,8.90927401615168
0.54276,8.764216,19.762459,10.225484,19.469249,1.55095139017309,8.85412897177758
0.5727296,8.628946,19.850728,10.166345,19.488689,1.51727457047805,9.50568135039003
0.602768,8.590297,19.889958,10.166345,19.498409,1.48402374903921,9.67029186656733
0.6378,8.609621,19.978226,10.156489,19.663647,1.32674118462011,9.96447868238982
0.6777792,8.493675,19.889958,10.038211,19.566448,1.33573018686202,10.3552237677991
0.7052896,8.416377,19.860535,10.008642,19.527569,1.17859854368009,10.5559066894398
0.7402496,8.455026,19.929188,10.038211,19.517849,1.51572234914111,10.4469238947816
0.7777136,8.387391,20.056687,10.048068,19.644207,1.24615501440798,10.9189641571333
0.808968,8.416377,20.095917,10.057924,19.624768,1.54027476093175,10.8396276483013
0.8414896,8.377729,20.144955,10.126919,19.585888,1.4699661413968,10.7711592728351
0.8715344,8.377729,20.076302,10.057924,19.615048,1.35437497594846,10.906571875487
0.9114896,8.377729,19.997841,10.048068,19.547008,1.34002032469519,10.7502979575267
0.9440192,8.416377,19.997841,10.077637,19.537288,1.41474937791367,10.5553194643746
0.972768,8.455026,19.997841,10.057924,19.498409,1.77613023492781,10.4559116897894
1.0264912,8.493675,19.948803,10.087494,19.556728,1.41532454385963,10.2852254235476
1.0640208,8.561310,19.909573,10.087494,19.498409,1.73642161725848,9.98202838440756
1.0953152,8.561310,19.860535,10.156489,19.566448,1.04987982884687,9.82231864381149
1.1502864,8.590297,19.742844,10.166345,19.488689,0.959133147301352,9.47137251166357
1.1778912,8.580635,19.733037,10.186058,19.508129,0.742013604758193,9.45689184827678
1.2078016,8.657932,19.674191,10.235341,19.556728,0.456467229733305,9.10799850634916
1.2502784,8.667594,19.654576,10.245197,19.595608,0.24163504818639,9.08090248794424
1.279408,8.686919,19.546693,10.274767,19.605328,-0.239450583222803,8.82621953359178
1.310224,8.686919,19.585923,10.304336,19.624768,-0.26652682657791,8.82317134008036
1.3440048,8.725568,19.399579,10.333906,19.449809,-0.306330820186054,8.17805234568235
1.3927216,8.725568,19.458425,10.333906,19.469249,-0.150835103245159,8.27936157739612
1.422768,8.735230,19.517270,10.353619,19.508129,-0.100675796621831,8.32801336516085
1.4578176,8.764216,19.497655,10.304336,19.615048,-0.273371859678887,8.49380161471428
1.504032,8.754554,19.556500,10.383188,19.537288,-0.0892496750366334,8.28741263213482
1.5340256,8.706243,19.389771,10.363475,19.488689,-0.666695858364178,8.18865727441926
1.5652864,8.764216,19.350541,10.402901,19.498409,-0.772473678126481,7.89368285393161
1.6052368,8.744892,19.438809,10.304336,19.527569,-0.256242540747872,8.3563858122522
1.6477712,8.677257,19.448617,10.393044,19.615048,-1.11522944156354,8.42615791251938
1.6764704,8.715905,19.468232,10.324049,19.576168,-0.501960651382285,8.48139567553993
1.7177744,8.706243,19.438809,10.333906,19.595608,-0.757961632344503,8.46803560526079
1.7477712,8.715905,19.487847,10.333906,19.576168,-0.462361384739518,8.48062776407723
1.7777456,8.686919,19.448617,10.402901,19.576168,-0.97344648116896,8.32466317509146
1.8115056,8.696581,19.458425,10.343762,19.653927,-0.965785608413269,8.56770327332378
1.8502816,8.638608,19.497655,10.383188,19.712247,-1.38957072369648,8.74160244677645
1.8795328,8.638608,19.409387,10.402901,19.692807,-1.73028103014701,8.55158644906614
1.9102256,8.619283,19.478040,10.363475,19.673367,-1.32860044095883,8.76975349922193
1.9427296,8.628946,19.438809,10.304336,19.615048,-1.01876877534764,8.77552406758949
1.9914928,8.570972,19.379964,10.314193,19.653927,-1.64573463503394,8.87742970102344
2.0215424,8.561310,19.468232,10.393044,19.702527,-1.80093977401768,8.86957546481569
2.0527776,8.628946,19.448617,10.373332,19.702527,-1.54502927903367,8.71787897179092
2.0927376,8.561310,19.360349,10.422614,19.731687,-2.42856380100756,8.69056095461914
2.1228192,8.648270,19.370156,10.412757,19.712247,-1.94950124661678,8.47469805658848
2.1527424,8.590297,19.360349,10.383188,19.683087,-2.00038309356528,8.65574473993709
2.1939984,8.599959,19.281888,10.373332,19.692807,-2.26630291895308,8.56780813514346
2.2252896,8.657932,19.301503,10.383188,19.712247,-2.0711860240062,8.43886022604746
2.258976,8.599959,19.252465,10.422614,19.721967,-2.6620596663203,8.43716323187147
2.3152624,8.638608,19.193620,10.412757,19.770566,-2.87927307848738,8.3479163617654
2.356536,8.657932,19.144582,10.422614,19.770566,-3.02999321099819,8.20756174238558
2.3877088,8.677257,19.193620,10.452183,19.828886,-3.07871134439655,8.21741339696744
2.4390848,8.619283,19.144582,10.402901,19.741406,-3.00525763032627,8.32397591518587
2.470208,8.706243,19.232850,10.481753,19.780286,-2.7465815354715,8.0514086119141
2.4990512,8.667594,19.213235,10.432470,19.819166,-2.93503543458939,8.30749222425905
2.5315552,8.619283,19.223043,10.481753,19.819166,-3.26027453705866,8.31757061870413
2.5702704,8.580635,19.154390,10.393044,19.751126,-3.11708445898531,8.47755264100151
2.611528,8.570972,19.193620,10.383188,19.712247,-2.8270720018777,8.5297062196827
2.6440176,8.561310,19.252465,10.422614,19.828886,-3.19475775716451,8.6768472780556
2.6903312,8.561310,19.321118,10.452183,19.896925,-3.27646143086058,8.77390377264867
2.7415856,8.503337,19.370156,10.402901,19.867765,-3.03143428042034,9.08260920773466
2.7852624,8.464688,19.419194,10.363475,19.838605,-2.74601979147572,9.31479145095586
2.8255328,8.397053,19.438809,10.195915,19.935805,-2.68022542645815,10.088942431628
2.8552816,8.348742,19.576115,10.186058,19.974684,-2.439272497096,10.4658501506409
2.9015488,8.368066,19.634961,10.186058,20.013564,-2.27636250044634,10.5364621361
2.9577376,8.329418,19.733037,10.156489,19.984404,-1.83675709503596,10.8045648764612
2.9878144,8.261782,19.644768,10.097350,19.964964,-2.15681966216811,11.0102707383091
3.040256,8.242458,19.752652,10.107206,19.955244,-1.8147874654055,11.1577676686481
3.0693216,8.261782,19.683999,10.146632,20.003844,-2.3215126864784,10.9751996647069
3.1040272,8.271444,19.733037,10.038211,20.013564,-1.74020115316832,11.3132719749747
3.15396,8.184485,19.742844,10.166345,20.023284,-2.53317866141531,11.2268438412196
3.1818304,8.232796,19.674191,10.067781,20.052443,-2.36315849453228,11.3129542388186
3.2135328,8.232796,19.595731,10.057924,19.974684,-2.35260412909446,11.1454033692956
3.252784,8.242458,19.654576,10.057924,20.023284,-2.26160620075538,11.2529851659465
3.2852688,8.261782,19.654576,10.166345,20.023284,-2.57564579038386,10.9099462081975
3.3255568,8.213471,19.713422,10.126919,20.062163,-2.53291071004341,11.2665823131318
3.3589808,8.310093,19.683999,10.018498,20.033004,-1.77933424820514,11.2256848101289
3.395296,8.261782,19.595731,10.117063,20.033004,-2.66198423362746,10.9809810967536
3.4290192,8.290769,19.576115,10.156489,19.974684,-2.55787930146756,10.7001800833711
3.4577792,8.319755,19.487847,10.146632,19.955244,-2.68291079077789,10.5139365579882
3.5090096,8.329418,19.458425,10.215628,19.926085,-2.9026670913597,10.2295505512598
3.5415552,8.512999,19.321118,10.314193,19.828886,-2.72773454352851,9.17996419677625
3.590312,8.628946,19.213235,10.432470,19.770566,-2.91119235289545,8.34670277257609
3.6403168,8.744892,19.183812,10.452183,19.780286,-2.68112097570472,7.96417354869975
3.6715664,8.735230,19.144582,10.462040,19.780286,-2.90571545850382,7.91286844547668
3.7040304,8.802865,19.115159,10.501466,19.760846,-2.82908816015755,7.56864166856929
3.7415408,8.822190,19.105352,10.550748,19.790006,-3.07201643018104,7.4143864358418
3.7727232,8.793203,19.134775,10.501466,19.741406,-2.72111698684927,7.59417495773982
3.8027776,8.725568,19.075929,10.432470,19.702527,-2.8254945998389,7.82595625457355
3.844232,8.706243,19.124967,10.412757,19.663647,-2.49969218534406,7.94205882475619
3.8752528,8.667594,19.281888,10.373332,19.760846,-2.24874632481379,8.47668903280254
3.9065312,8.599959,19.360349,10.343762,19.790006,-2.20541684534578,8.87158614966106
3.9402816,8.590297,19.379964,10.333906,19.848325,-2.34065183772085,9.02279814529859
3.9777968,8.522661,19.419194,10.363475,19.770566,-2.2777578378917,9.07438499731389
4.0077856,8.503337,19.419194,10.373332,19.741406,-2.28327592047211,9.06223138213004
4.0390288,8.522661,19.468232,10.294480,19.702527,-1.59545018618793,9.23314947031987
4.0802896,8.464688,19.468232,10.294480,19.760846,-2.02958568910489,9.46153200693021
4.1202848,8.484013,19.527078,10.274767,19.790006,-1.76143936921783,9.57433290187168
4.1490368,8.512999,19.527078,10.284623,19.799726,-1.719992048071,9.48349680262124
4.194128,8.484013,19.595731,10.294480,19.770566,-1.49775390904775,9.58433412783793
4.2402368,8.484013,19.615346,10.195915,19.790006,-1.1372953317604,9.89578595103719
4.2715616,8.503337,19.615346,10.186058,19.780286,-0.992331174329061,9.85830364327168
4.3014576,8.464688,19.693806,10.205771,19.712247,-0.664775672710237,9.92188754630834
4.3528336,8.493675,19.644768,10.235341,19.721967,-0.883742853014444,9.71635316225748
4.3827824,8.484013,19.625153,10.245197,19.702527,-0.961720868303108,9.66639051647778
4.4152896,8.493675,19.595731,10.245197,19.751126,-1.21311182908686,9.6649824953806
4.4652672,8.484013,19.438809,10.304336,19.741406,-2.03419952861359,9.32171627090488
4.496872,8.484013,19.497655,10.304336,19.780286,-1.94641309806708,9.44608547831591
4.5290864,8.561310,19.527078,10.294480,19.770566,-1.46447221735394,9.29222230039181
4.579056,8.628946,19.389771,10.432470,19.760846,-2.19324094852512,8.56126325372115
4.6077376,8.667594,19.360349,10.373332,19.653927,-1.56141887495638,8.44005056333304
4.6378064,8.696581,19.262273,10.481753,19.634487,-2.14814174206397,7.92620783247833
4.6902688,8.783541,19.193620,10.481753,19.556728,-1.79788911604849,7.5073001598447
4.7202816,8.773879,19.232850,10.452183,19.634487,-1.85699142288607,7.76261367011818
4.7515472,8.744892,19.242658,10.462040,19.702527,-2.21057375021217,7.91380759402401
4.7914896,8.793203,19.174005,10.471896,19.653927,-2.15024072919044,7.60892384519725
4.823992,8.793203,19.164197,10.442327,19.653927,-2.08199922021817,7.67376933674387
4.8728448,8.744892,19.183812,10.491609,19.663647,-2.40472016394588,7.70937361734271
4.9139632,8.735230,19.242658,10.452183,19.721967,-2.28223581636017,7.99023345402923
4.9764768,8.657932,19.281888,10.471896,19.731687,-2.53479035577496,8.20487056977117
5.017808,8.706243,19.223043,10.432470,19.741406,-2.46919248974718,8.1180523113639
5.0628048,8.715905,19.154390,10.452183,19.731687,-2.73351140743825,7.93929964424917
5.097816,8.783541,19.026891,10.462040,19.721967,-2.96638291661942,7.5571187727813
5.1315696,8.706243,18.928815,10.471896,19.692807,-3.58081753839973,7.56831073093418
5.1690624,8.812527,18.928815,10.521179,19.721967,-3.44667593446763,7.19761794380922
5.2015344,8.870501,18.928815,10.570461,19.809446,-3.70860176618957,7.03174789486061
5.2290848,8.870501,18.938623,10.609887,19.780286,-3.70699565698375,6.90357218051756
5.2816208,8.996109,18.977853,10.590174,19.731687,-2.82521617778452,6.61576933701514
5.3115056,8.889825,18.909200,10.600031,19.692807,-3.3996315804679,6.72527531453521
5.3427392,8.870501,18.840547,10.649313,19.673367,-3.84847999311648,6.53095035761042
5.3865264,8.976785,18.752279,10.590174,19.683087,-3.60204655402026,6.30410822813157
5.422768,9.005771,18.811124,10.659169,19.673367,-3.47170125449269,6.11450933368693
5.4653168,9.044420,18.732664,10.669026,19.673367,-3.661547335143,5.884484803201
5.5165936,9.121718,18.516897,10.767591,19.653927,-4.48269977654871,5.11483451168122
5.547784,9.141042,18.301130,10.836586,19.741406,-5.8067435928654,4.71396399262236
5.6016016,9.044420,18.222670,10.915438,19.848325,-7.15085089940836,4.79824104587559
5.6377888,9.121718,18.075556,10.945007,19.945524,-7.87075410785024,4.4556664708406
5.6927184,9.141042,18.016711,11.112568,20.062163,-9.0144970066619,4.05558182133036
5.7365184,9.199015,17.869597,11.122424,20.091323,-9.50337937560931,3.72215000846349
5.7715712,9.170029,17.702868,11.151994,20.013564,-10.1184009728426,3.38577498732388
5.8015328,9.150704,17.683253,11.122424,20.071883,-10.3737583730954,3.56386622447312
5.8327808,9.285975,17.722483,11.211132,20.130203,-10.1821781676665,3.12760626934168
5.8816352,9.372935,17.722483,11.289984,20.188522,-10.3062525190326,2.78865015894252
5.9128288,9.343948,17.683253,11.378693,20.363480,-11.4749966239125,2.82444451892992
5.9440528,9.334286,17.624408,11.378693,20.334321,-11.6491053738391,2.72816328198714
5.9940512,9.488881,17.644023,11.506827,20.256561,-11.12699507405,1.94058989199372
6.0240064,9.450232,17.545947,11.585679,20.169082,-11.6411512155,1.58348366514426
6.0552992,9.488881,17.487102,11.625105,20.101043,-11.6246900010332,1.21236099591419
6.1203344,9.508206,17.447871,11.684244,20.062163,-11.7727173412576,0.908103831391674
6.1577648,9.595165,17.487102,11.595535,19.916365,-10.4726349185583,0.76274760775701
6.1889968,9.643476,17.398833,11.536396,19.809446,-10.0628099424499,0.514091831714861
6.227752,9.740098,17.477294,11.457545,19.527569,-8.12061144940727,0.180677663610119
6.2589936,9.798071,17.545947,11.506827,19.167932,-6.53437889471457,-0.50376976522297
6.3015136,9.856045,17.663638,11.487114,18.992974,-5.15607401589911,-0.681609577249045
6.3402192,10.097600,17.997096,11.467401,18.370900,-0.62153939287102,-1.65139199724846
6.3802992,10.136248,17.938250,11.546253,18.215381,-0.42106639447924,-2.25674043466239
6.411488,10.300506,17.800944,11.536396,17.573868,2.07690229920551,-3.80496053488623
6.4627936,10.416452,17.771521,11.674387,17.428069,2.4386251971203,-4.69599011048032
6.492752,10.677331,18.036326,11.733526,16.854595,6.36875473480764,-5.95191015809377
6.524064,10.831927,18.301130,11.674387,16.689356,8.79124114768262,-6.02797728317454
6.5640032,10.918886,18.085364,11.694100,16.407479,9.31665914124175,-7.06490369287586
6.5952512,11.131455,18.261900,11.526540,15.645098,14.3979702112877,-8.1095589938686
6.625256,11.488956,18.673818,11.358980,15.177025,19.7429930152519,-8.65786015367402
6.6578096,11.691862,18.683626,11.220989,14.903982,22.1816931999452,-9.24231162816025
6.7065424,11.885106,18.595358,11.211132,14.689449,23.4809349064944,-10.1797469722886
6.740344,12.348891,18.634588,11.368836,14.767461,24.2666299530555,-11.4525567880388
6.7940576,12.716055,18.399206,11.595535,14.679697,24.1529795906271,-13.3652664279815
6.8291312,13.305449,17.928443,11.970082,13.948333,26.0301300519767,-17.6132780036622
6.8590512,13.769234,17.761714,12.068646,13.772806,27.3642805443811,-19.4612603590156
6.891536,13.981803,17.487102,12.216494,13.811812,26.3804785554756,-20.6675662716479
6.9502928,14.377953,17.634215,12.216494,13.275478,30.4426360776157,-22.2257545687549
6.9806448,15.063969,17.408641,12.157355,12.378338,36.0364163702957,-25.650020914757
7.0227584,15.566403,17.791137,12.127785,11.802998,41.5193795646117,-26.999816044613
7.0602448,16.204108,18.683626,11.871517,11.022877,50.8314953513881,-27.562979714392
7.1015568,16.300730,18.987661,11.753239,10.759586,53.7465571096149,-27.4409729865892
7.1365008,16.687218,19.742844,11.289984,10.106234,62.1807460609395,-27.0903280660006
7.1828816,16.368027,20.399952,10.856299,9.423627,68.4675327866947,-25.5864448411427
7.211568,16.819482,21.380710,10.067781,8.721517,79.6353854949897,-24.3494695627306
7.2466288,17.021196,21.733782,9.712947,8.370463,84.6333887190616,-24.0212154863088
7.284008,17.213304,22.263391,9.525674,8.126675,88.6014338140927,-23.4949028398832
7.31412,17.290147,22.587041,9.545387,8.233941,88.871828233885,-22.9004498055146
7.346576,17.338174,22.135893,9.614382,8.087669,88.3351884346297,-24.2587264790371
7.3941248,17.463045,21.782820,9.742517,7.951147,87.8419387080286,-25.7184023741448
7.4377872,17.443834,21.459170,10.215628,8.126675,83.6543930408276,-26.9443285234706
7.4690464,17.366991,21.586669,10.521179,8.263196,81.5231071064793,-26.9073448914636
7.5102352,17.386201,21.665129,10.580318,8.272947,81.4131718488214,-26.8990695520951
7.5402304,17.146066,21.351287,10.767591,8.292450,79.007172791123,-27.3539324447838
7.5715632,17.146066,21.164943,10.757734,8.068165,79.7263401918863,-28.1283391504072
7.6027888,17.155671,20.782447,10.826730,8.087669,78.3386543233669,-29.0005494844199
7.6427744,17.165277,20.488220,10.935151,8.048662,77.2605919061516,-29.9020855361966
7.6740432,17.242120,20.272453,10.994290,8.038911,76.6526204558946,-30.6294774480787
7.7052976,17.463045,20.380337,11.250558,8.019408,76.3008331579292,-31.4070562378856
7.7464896,17.847261,20.596103,11.289984,7.980402,77.8175131263535,-31.8881966657911
7.7752848,18.173846,20.498028,11.358980,7.804874,78.9200036734061,-33.2048867940407
7.8064864,18.298716,20.105725,11.427975,7.736614,78.2498087955234,-34.512039675638
7.837792,18.481219,19.683999,11.526540,7.639099,77.643052204289,-36.118921901414
7.8765776,18.817409,19.095544,11.881373,7.522080,75.8099719052886,-38.8978411673437
7.9065392,18.894252,19.007276,11.989795,7.492826,75.3856511032116,-39.4897796535743
7.9378144,19.105571,18.722856,12.127785,7.483074,74.5600539548107,-40.7585391790421
7.9890576,19.364918,18.301130,12.275633,7.580589,72.9263526317851,-42.193671475268
8.0215664,19.508999,18.006903,12.374197,7.453820,72.6744508770165,-43.5484944304014
8.0590064,19.681896,17.879405,12.482619,7.580589,71.6362157400725,-44.0443055183486
8.1115728,19.710713,17.673446,12.561471,7.492826,71.2150614715017,-44.8839232073263
8.1415072,19.701107,17.555755,12.640322,7.522080,70.3493032396145,-45.2016994887034
8.1715632,19.662686,17.653830,12.699461,7.551335,70.0754593573331,-44.9534873528449
8.2178176,19.720318,17.545947,12.669892,7.561086,70.0390812462965,-45.2209661664968
8.2577536,19.701107,17.496909,12.817739,7.492826,69.4698861015343,-45.7056392167712
8.2853344,19.710713,17.447871,12.748744,7.502577,69.6538710056858,-45.6913723316234
8.3190592,19.729923,17.369411,12.768457,7.483074,69.4950472927932,-45.9788222413417
8.3565072,19.739529,17.173259,12.837452,7.483074,68.6590231026462,-46.557302271226
8.3865584,19.922032,17.114414,13.014869,7.502577,68.0338322364813,-47.2602645834686
8.4190768,19.941243,17.016338,13.034582,7.492826,67.7737767000383,-47.5710436622089
8.4590528,20.085324,16.643650,13.064151,7.405062,67.4390242074293,-48.9190441514367
8.4890624,20.200589,16.437691,13.074008,7.327050,67.524873371804,-49.7871795520082
8.5290976,20.210194,16.378845,13.143003,7.307547,67.1498512555691,-50.1007762115778
8.5702528,20.248616,16.378845,13.202142,7.307547,66.9667586419472,-50.2624401322377
8.6003504,20.315854,16.398461,13.182429,7.317298,67.2510314121601,-50.2724386041129
8.6340688,20.287038,16.359230,13.251424,7.336801,66.6369464048525,-50.3847953792739
8.6915104,20.277432,16.378845,13.290850,7.375807,66.2848081757224,-50.2972717039379
8.7328032,20.296643,16.653458,13.103577,7.395310,67.8918430644758,-49.3373179632902
8.7628768,20.277432,16.820186,13.054295,7.356304,68.7157257890926,-48.929241932682
8.8090176,20.104535,16.996723,12.955730,7.473323,68.6358509472882,-47.8026552245754
8.8452896,20.018086,17.251720,12.788170,7.463571,69.9471597926926,-46.8157931530371
8.8752928,19.960453,17.506717,12.748744,7.512329,70.4230040361595,-45.9668654802171
8.9091088,19.941243,17.810752,12.600896,7.541583,71.7463263036253,-44.9380271735068
8.946544,19.941243,17.761714,12.462906,7.444068,72.7723315088529,-45.0248962476107
8.9778144,19.902821,17.359603,12.462906,7.297795,72.3433320040877,-46.1909894834059
9.0077904,19.979664,17.320373,12.522045,7.239286,72.4391181413745,-46.6476019885412
9.0478128,20.094929,17.300758,12.600896,7.327050,71.8666415520631,-46.825521971522
9.0790304,20.363881,17.212489,12.758600,7.278292,71.8045664002941,-47.8602241794793
9.1090416,20.796125,17.006530,12.817739,7.141771,72.7728431867859,-49.4619161987204
9.1403152,21.247580,16.780956,12.896591,6.956492,73.8777831851922,-51.27701156341
9.1990688,21.718245,16.712303,12.975443,6.644443,76.0491048374808,-53.0441793810908
9.2303712,22.601943,16.594612,13.310563,6.537177,76.8414985095331,-55.4570052140736
9.267784,22.746025,16.398461,13.349989,6.556680,76.4263001968541,-56.1494302974409
9.302816,23.005371,16.717900,13.606258,6.449413,77.124138918263,-56.4192449407847
9.3415152,22.957344,16.410342,13.734392,6.556680,75.1229598735899,-57.0066996583406
9.3753536,22.842079,16.162311,13.754105,6.624940,73.7986899713833,-57.2899689437858
9.4341056,22.697998,15.953965,13.832957,6.878480,71.3240554298302,-57.0868624356568
9.464456,22.342597,15.467825,13.803387,6.966243,68.8737570933523,-57.4647269010293
9.4990688,22.044829,15.259479,13.734392,7.112516,67.1662020464704,-57.0641926286513
9.5365616,21.679823,15.031290,13.734392,7.190528,65.192608818262,-56.8742118640929
9.5678144,21.257185,14.684047,13.832957,7.395310,61.6122155751173,-56.7250025898772
9.5979728,20.728887,14.336804,13.842813,7.668353,57.7629096817853,-56.1016432864925
9.6403216,20.094929,14.019325,13.754105,7.921893,54.162422997568,-55.1126341052678
9.6690752,19.422550,14.267355,13.625971,8.399717,51.2193369410606,-52.0221262464486
9.6990688,18.769382,14.872551,13.320420,8.711766,51.0412815213735,-48.1966713680594
9.7328256,18.221873,15.844832,13.133147,9.092075,51.4370530997248,-43.7782713085816
9.78028,17.587915,16.722111,12.817739,9.950209,49.6742035334193,-38.2370535297883
9.811512,16.905931,17.820559,12.334771,10.223252,51.8837183052754,-33.1624775852407
9.8428592,16.396843,18.104979,11.822234,10.193997,53.7221801233891,-30.6194252751765
9.8927616,16.522960,18.369784,11.585679,10.281761,55.576780706205,-29.6901868703536
9.930304,15.624376,18.448244,11.211132,10.798592,52.4619911961243,-25.8790193052418
10.0377616,14.977009,18.919008,11.073142,11.481198,49.3923665751771,-21.9957635340778
10.0666,12.803015,20.409759,10.521179,13.470509,40.7932165032677,-9.74389507449797
10.1077824,12.174972,20.331299,10.580318,14.270133,34.7922803813574,-7.23565009441215
10.1378208,11.488956,20.154762,10.521179,15.196528,28.2610730870939,-4.26639418436057
10.1678128,11.218414,20.380337,10.846443,16.494958,21.5326208853372,-2.13474890926481
10.201568,10.928549,19.958611,10.974577,17.087872,16.2685574622292,-1.49552522549969
10.2390672,10.658007,19.497655,11.142137,17.758546,10.4951879121437,-0.944832936481948
10.270304,10.435776,19.124967,11.349123,18.458379,4.99458428891642,-0.444117089537514
10.3003168,10.213546,18.673818,11.516683,18.983254,0.0157151166527072,-0.207380841494377
10.3452688,10.058951,18.359976,11.644818,19.420650,-3.7379282512931,0.0302140232646089
10.3752576,9.885031,18.006903,11.575822,19.731687,-6.59674882909349,0.565350438283939
10.402824,9.575841,17.653830,11.526540,19.809446,-9.28538823279682,1.06644222198451
10.4440272,9.488881,17.496909,11.408262,19.935805,-10.2819477224049,1.53657007114233
10.484064,9.421246,17.114414,11.733526,20.353760,-14.6082280816272,0.942963479800898
10.5177504,9.305299,16.977108,11.526540,20.246841,-14.5823383185431,1.40742878797816
10.5466592,9.276313,17.124221,11.565966,20.314881,-14.4634721419156,1.68326279393101
10.6077632,9.247326,17.183067,11.654674,20.577318,-15.516994783631,1.98071222364169
10.6490448,9.141042,17.222297,11.575822,20.450959,-15.1045729054532,2.32482180869396
10.6840672,8.996109,17.084991,11.565966,20.499559,-16.3876361041198,2.59301420098448
10.7203168,8.851176,16.839802,11.565966,20.664797,-18.5499759049414,2.85048447328543
10.7540976,8.735230,17.094799,11.467401,20.732837,-17.871604646064,3.84359726497232
10.7819216,8.725568,17.271335,11.487114,20.781436,-17.4094428598373,4.12466535178032
10.8340704,8.580635,17.496909,11.280128,20.693957,-16.0963419895921,5.215508087502
10.8641376,8.368066,17.683253,11.171707,20.664797,-15.7420964427884,6.25904665169824
10.89528,8.358404,17.810752,11.073142,20.761996,-15.2537314095265,6.83899293651258
10.935312,8.310093,18.193247,11.033716,20.820316,-13.9560811350255,7.64390004038246
10.9665632,8.039552,18.497282,10.846443,20.820316,-13.1873426216928,9.23761195313006
10.9981392,7.942930,18.683626,10.767591,20.664797,-12.0263528827377,9.7423866720121
11.0277936,7.952592,18.703241,10.688739,20.616198,-11.4712806639977,9.89010221573951
11.0702992,7.971916,18.801317,10.609887,20.509279,-10.3580221069452,10.0379400882285
11.107856,7.981578,18.869970,10.511322,20.480119,-9.60072053847789,10.3258566183153
11.1415488,8.155498,18.968046,10.462040,20.344041,-7.86827239748559,9.94432145611836
11.1790432,8.165160,19.026891,10.481753,20.256561,-7.35880746313853,9.82964576351843
11.2103648,8.281107,19.154390,10.402901,20.217682,-5.98322734321106,9.84288346695413
11.2503216,8.271444,19.242658,10.412757,20.169082,-5.53776516051508,9.89246882543877
11.2952688,8.358404,19.350541,10.422614,20.081603,-4.50141999553436,9.66092861561253
11.3228272,8.281107,19.438809,10.353619,20.033004,-4.04147206594496,10.0999785500898
11.3540672,8.310093,19.389771,10.324049,20.033004,-4.01447007025253,10.0397729884315
11.3866048,8.348742,19.595731,10.343762,19.945524,-2.82304265202723,10.0335005851778
11.4240848,8.358404,19.674191,10.274767,19.867765,-1.95772714212663,10.1922787964991
11.4553216,8.213471,19.644768,10.274767,19.887205,-2.70183250550739,10.566831906047
11.48532,8.290769,19.752652,10.215628,19.799726,-1.45885120555726,10.5437779177796
11.5353232,8.281107,19.840920,10.245197,19.848325,-1.43742344828297,10.6615276852872
11.5665664,8.261782,19.821305,10.146632,19.828886,-1.16241001447386,10.9283477916221
11.5965344,8.223133,19.772267,10.117063,19.819166,-1.35874613559377,11.038383109149
11.6303328,8.261782,19.723229,10.176202,19.838605,-1.68231500912411,10.738837430898
11.6690688,8.232796,19.772267,10.166345,19.858045,-1.63939113308953,10.9284679433085
11.699072,8.261782,19.752652,10.225484,19.916365,-2.02533903598881,10.7406298219816
11.7291248,8.242458,19.703614,10.245197,19.926085,-2.39495259196432,10.6905561322382
11.7815504,8.223133,19.625153,10.284623,19.964964,-3.05392813357492,10.5873514438063
11.8102656,8.252120,19.517270,10.333906,19.935805,-3.43235652424135,10.2063287661609
11.8406496,8.300431,19.419194,10.274767,19.916365,-3.34530569847318,10.0871455419468
11.8890752,8.310093,19.242658,10.363475,19.926085,-4.34924898022975,9.61285450985061
11.9415152,8.628946,19.075929,10.471896,19.877485,-3.96763236282181,8.20352030215724
11.9727936,8.725568,18.869970,10.590174,19.751126,-4.36599630432152,7.20578947807836
12.012816,9.102393,18.526705,10.747878,19.634487,-4.38080382736543,5.20273437454384
12.0528288,9.353610,18.458052,10.856299,19.556728,-3.77834912042156,4.08014592533017
12.0865712,9.488881,18.330553,10.925295,19.410930,-3.47497600293841,3.18537941496825
12.1340624,9.827058,17.987288,11.063285,19.206812,-3.25895112570595,1.21814200775616
12.1656352,10.107262,17.791137,11.201276,18.895775,-2.31323554187211,-0.551754796816137
12.1965312,10.358479,17.693061,11.211132,18.847175,-1.5821732880277,-1.41118745451973
12.2365776,10.464763,17.555755,11.260415,18.662497,-1.21366384900571,-2.26638723641298
12.2665744,10.609696,17.555755,11.339267,18.643057,-0.87026665331654,-2.84344010869239
12.296528,10.744967,17.565562,11.358980,18.565298,-0.104998825762499,-3.32160878860389
12.332824,10.841589,17.506717,11.477258,18.458379,-0.00181069488966212,-4.08931460249936
12.3766688,11.005846,17.163452,11.526540,18.283421,-0.231942374623224,-5.38785850425621
12.4077696,11.102468,16.996723,11.496970,18.118182,0.207719456406132,-6.0594652196109
12.441568,11.189428,16.898647,11.634961,18.059863,-0.125694048911425,-6.84115282953866
12.4890432,11.363347,16.829994,11.723670,18.137622,-0.325749644319216,-7.45103751136094
12.5315456,11.691862,16.614227,11.871517,18.040423,-0.0773563627274543,-9.06214172573111
12.5602784,11.759497,16.476921,11.970082,17.894625,-0.172978084893597,-9.90002171086194
12.6015568,12.030039,16.418076,11.989795,17.855745,0.704474773603647,-10.7277240068432
12.6328736,11.981728,16.378845,11.970082,17.739106,0.866443417923537,-10.8228622830856
12.6628224,11.962404,16.388653,11.970082,17.709946,0.936375273638081,-10.8096153705058
12.7053296,11.962404,16.398461,11.881373,17.758546,1.12010836851649,-10.5100279463752
12.734104,11.817471,16.506344,11.950369,17.836305,0.444329412299076,-10.0351333579503
12.7765872,11.798146,16.692688,11.841947,17.933504,1.12119541590141,-9.28590374760772
12.81028,11.672538,16.712303,11.792665,17.952944,0.826426863236869,-8.81610542090438
12.8465408,11.421321,16.869224,11.763095,18.098743,0.0445585158861022,-7.68050323509756
12.8766144,11.237739,16.967300,11.654674,18.205662,-0.277419477289957,-6.67013096472538
12.909016,11.131455,17.075183,11.605392,18.263981,-0.304016464178542,-6.04293116814085
12.9578016,11.034833,17.232105,11.585679,18.400060,-0.493592878780525,-5.31688909520503
12.9891056,10.918886,17.173259,11.565966,18.438939,-1.23349532719436,-5.02166155670629
13.0203408,10.851251,17.300758,11.565966,18.448659,-1.03833206991436,-4.65098603807787
13.0627616,10.841589,17.330180,11.506827,18.506979,-0.959500091971798,-4.35278484506605
13.0915728,10.764291,17.467486,11.467401,18.516698,-0.622291640585826,-3.85005922076265
13.1315472,10.667669,17.467486,11.457545,18.575018,-1.1676925041434,-3.50478341137469
13.1990528,10.571047,17.418449,11.496970,18.497259,-1.59083851820915,-3.55507273544631
13.234072,10.484087,17.496909,11.447688,18.769416,-2.42398982882404,-2.7016846710063
13.2642848,10.416452,17.447871,11.496970,18.837455,-3.29436118395787,-2.62882752527127
13.315328,10.348817,17.438064,11.477258,18.886055,-3.69791126599261,-2.35802978498992
13.3465088,10.290844,17.398833,11.536396,19.012414,-4.73430233619262,-2.23285127989892
13.3778048,10.184559,17.398833,11.457545,18.973534,-4.73262453651835,-1.83521999187302
13.4290336,10.116924,17.369411,11.487114,19.041573,-5.45898001466088,-1.68481292195258
13.4603376,10.068613,17.457679,11.477258,19.177652,-5.74755538796206,-1.2143600193403
13.4903248,9.962329,17.526332,11.418119,19.216532,-5.82385810576608,-0.649551313350461
13.5302608,9.904356,17.644023,11.378693,19.284571,-5.69039373971389,-0.140800183363677
13.5715744,9.769085,17.800944,11.349123,19.304011,-5.56992861690367,0.521203448382344
13.6015728,9.566179,17.742099,11.201276,19.313731,-6.11208073156703,1.33233855908219
13.6453648,9.575841,17.889212,11.161850,19.265131,-5.18233391363193,1.54680502013743
13.6728304,9.469557,18.065749,11.102711,19.459529,-5.38539941428363,2.48490163338445
13.7040752,9.459895,18.114787,11.161850,19.440089,-5.37127113162624,2.40073339510873
13.73532,9.469557,18.163824,11.102711,19.517849,-5.20736234066455,2.70165074476409
13.7766032,9.314962,18.173632,11.151994,19.547008,-6.05059677278957,3.02249777462072
13.8252864,9.228002,18.212862,11.033716,19.595608,-5.99291701499491,3.66617444876174
13.8590688,9.131380,18.330553,10.935151,19.624768,-5.66522936117896,4.36689821343438
13.8965264,9.112056,18.340361,10.925295,19.634487,-5.70215973139861,4.46846383959696
13.9303168,9.092731,18.369784,10.787304,19.653927,-5.24286498065,4.940404071118
13.9578256,9.044420,18.428629,10.807017,19.595608,-5.06444171233571,5.01509695671862
13.999056,9.005771,18.526705,10.797160,19.741406,-5.31283561565962,5.46864324891916
14.0291008,9.092731,18.634588,10.876012,19.673367,-4.58960549473184,5.09430552372155
14.0602576,9.131380,18.693434,10.885869,19.721967,-4.41698333393556,5.11354868933518
14.0903664,9.092731,18.605165,10.826730,19.644207,-4.42660002259261,5.14260348554852
14.1403088,9.054082,18.556127,10.787304,19.566448,-4.35290022403511,5.17374862180314
14.1715776,9.054082,18.595358,10.846443,19.615048,-4.58221966685696,5.13910116916837
14.2028256,9.073407,18.673818,10.846443,19.585888,-4.0974704094211,5.15546985160551
14.2428176,9.063745,18.605165,10.787304,19.673367,-4.50329232496464,5.35821351337104
14.2753744,9.054082,18.732664,10.826730,19.663647,-4.14956327533262,5.43889168509106
14.3028352,8.986447,18.683626,10.718308,19.673367,-4.25383387639151,5.84172091992187
14.3353376,8.986447,18.732664,10.669026,19.624768,-3.71408401032933,5.97026041932108
14.3865632,8.802865,18.968046,10.619744,19.760846,-3.82147521814546,7.06738563287833
14.4157184,8.773879,19.174005,10.481753,19.751126,-2.60839016544753,7.76004042816754
14.4703264,8.648270,19.203428,10.442327,19.809446,-3.04849948275069,8.30726131179308
14.5065696,8.609621,19.379964,10.383188,19.819166,-2.33803948260967,8.80428831305304
14.5365696,8.561310,19.330926,10.294480,19.780286,-2.25704557972642,9.0544600134253
14.5715824,8.532324,19.507462,10.304336,19.858045,-2.0011672025991,9.42906297128076
14.6077792,8.522661,19.438809,10.324049,19.867765,-2.40894159496009,9.32763066386492
14.6403344,8.512999,19.429002,10.205771,19.712247,-1.49939155744937,9.45726016829386
14.669032,8.435702,19.448617,10.215628,19.751126,-1.89879223549186,9.71164904113363
14.710256,8.455026,19.468232,10.156489,19.702527,-1.35849482415025,9.78122841953454
14.7403296,8.493675,19.683999,10.255054,19.848325,-1.25908189649243,9.87293425301841
14.7715776,8.445364,19.782075,10.255054,19.858045,-1.10318272424053,10.1365227889744
14.805328,8.406715,19.752652,10.176202,19.828886,-0.975701816759139,10.3758697540414
14.8427648,8.397053,19.821305,10.136776,19.780286,-0.431634960452713,10.5320070726655
14.8765744,8.416377,19.801690,10.107206,19.692807,-0.00873624729767553,10.425260676422
14.9040944,8.348742,19.938996,10.028355,19.692807,0.544643235503941,10.9894974604105
14.9778944,8.290769,20.105725,10.087494,19.683087,0.780044184302327,11.1813440840855
15.034128,8.203809,20.174378,9.998785,19.702527,0.962300123415551,11.7623335384784
