0.0411216,8.841535,20.311684,9.378515,19.721967,-0.00446178538552469,12.0478737697941
0.0734976,8.764243,20.380337,9.299663,19.819166,-0.104771344161065,12.6707910007599
0.102256,8.715935,20.439182,9.181384,19.790006,0.483857172056056,13.1577353129528
0.1359824,8.532365,20.468605,9.151815,19.712247,0.31178148194329,13.6803251286168
0.1735552,8.551688,20.654949,9.082819,19.721967,1.29926269099476,14.051386853623
0.2047376,8.503381,20.753025,9.151815,19.644207,1.51648925862166,14.0190896549844
0.2347872,8.503381,20.772640,9.053249,19.673367,1.85024201396743,14.3470133671658
0.2772576,8.503381,20.939369,9.033536,19.653927,2.61252676448417,14.57579166411
0.3059872,8.628981,20.978599,9.082819,19.634487,3.10420715717428,14.1217324334888
0.3372656,8.590335,20.978599,8.994110,19.547008,3.62886308786934,14.3654480335636
0.3697376,8.609658,20.958984,9.033536,19.547008,3.47840763295781,14.1815276242387
0.4186528,8.619319,20.939369,8.954683,19.410930,4.25882202564723,14.1852986958868
0.4597808,8.715935,20.998214,8.984253,19.430369,4.63961408973725,13.9336825484556
0.4959936,8.715935,21.037444,8.984253,19.362330,5.04173680450005,13.8992575204105
0.5410336,8.725597,20.958984,8.984253,19.362330,4.79127936041291,13.7789490413604
0.5710624,8.744920,20.978599,8.984253,19.294291,5.19309122104045,13.6680815723773
0.6022992,8.812551,21.076675,8.934970,19.294291,5.98315454300381,13.7357086564055
0.6535264,8.754581,21.047252,8.964540,19.313731,5.47878908728543,13.8011834403949
0.6835344,8.860858,20.909946,8.954683,19.313731,5.40381193032995,13.3734067290933
0.7147376,8.870520,20.821678,8.994110,19.284571,5.07850996832885,13.0978393893364
0.7547488,8.754581,20.821678,8.994110,19.274851,4.69242748324854,13.4021866359295
0.7859856,8.783566,20.880523,8.974396,19.401210,4.60584700983955,13.6001736308695
0.8160544,8.735258,21.017829,9.043392,19.410930,4.6302436810459,13.7201368563122
0.8609904,8.628981,21.076675,8.944827,19.410930,4.83305919171389,14.3494183937798
0.8997424,8.638643,21.096290,8.984253,19.478969,4.53036606409918,14.3192557797609
0.928536,8.522704,21.096290,8.934970,19.508129,4.18417801737336,14.8062646276037
0.9747744,8.416427,21.155135,8.875831,19.576168,3.97690252697138,15.4107343771594
1.0297584,8.397104,21.204173,8.836405,19.595608,4.16161837591859,15.6529381612981
1.0647376,8.329473,21.282634,8.885687,19.624768,3.9030684051361,15.8289058939683
1.1335424,8.310149,21.184558,8.816692,19.653927,3.62450352249986,15.9931169189211
1.1622432,8.242519,21.341479,8.836405,19.858045,3.10414369670632,16.5425335081637
1.2009984,8.145903,21.557246,8.767409,20.023284,3.17676544368577,17.4341040956744
1.2547472,8.058949,21.723975,8.599847,20.198242,3.43922988659574,18.522790790066
1.296048,7.817410,21.890704,8.304150,20.460679,3.292111847042,20.4977703920579
1.3372496,7.614517,21.880896,7.959171,20.703677,2.89884895369013,22.3054823811941
1.3673104,7.392301,21.753397,7.722614,20.810596,2.09854294517028,23.6115724441039
1.3972928,7.334332,21.792628,7.594478,20.771716,2.66432794862233,24.1565664396516
1.4310224,7.382640,21.841666,7.525482,20.645358,3.77331375504851,24.1376529953135
1.4697088,7.421286,22.096663,7.357921,20.907795,4.49132349849307,25.0445102660412
1.5110256,7.488917,22.312429,7.486056,21.141073,4.15046851142085,24.9241493075762
1.5422736,7.469594,22.273199,7.466343,21.199392,3.79181720517698,25.0565724966658
1.5809936,7.488917,22.126085,7.387491,21.034154,4.25124540073903,24.9168484306569
1.6110192,7.488917,22.077048,7.377634,20.995274,4.25763043698186,24.8570114174363
1.6410288,7.479255,22.096663,7.417060,21.141073,3.5899264115886,24.9366909574798
1.6735248,7.479255,22.175123,7.377634,21.170232,3.91553141950537,25.1595909183262
1.72352,7.517902,22.135893,7.298782,21.189672,4.13883438099731,25.2571999790577
1.7748624,7.450271,22.184931,7.190359,21.267431,4.18749536755327,25.8988989003442
1.8172512,7.401963,22.253584,7.081937,21.306311,4.52649069807364,26.4658417902972
1.8460432,7.430948,22.253584,7.062224,21.316031,4.67028231754795,26.4480434597694
1.8772736,7.469594,22.312429,7.121363,21.325751,4.76282485244135,26.227744399774
1.9085328,7.546886,22.243776,7.052368,21.306311,5.13106332307278,26.1168140433726
1.947216,7.498578,22.204546,6.993228,21.316031,5.00139276762167,26.4039616941366
1.9784768,7.479255,22.067240,7.042511,21.296591,4.31535504907615,26.1612071154698
2.0097696,7.527563,22.096663,7.012941,21.218832,5.01016684045888,26.0581016051434
2.0510144,7.575871,22.155508,7.062224,21.286871,4.95212295804639,25.8964658565573
2.0822208,7.537225,22.224161,7.081937,21.335471,4.80086828825132,26.0677738852288
2.1109936,7.575871,22.233969,7.052368,21.345191,5.05246291687068,26.0603748416586
2.1422736,7.604856,22.243776,7.052368,21.335471,5.23018948966081,25.9755021819666
2.1923424,7.604856,22.126085,7.003085,21.277151,5.21362861778001,25.9463394344247
2.2235392,7.556548,21.969164,7.022798,21.393790,3.94375531101097,25.9906098929254
2.2534928,7.624179,21.998587,6.934089,21.481269,4.30354073987735,26.1681332035571
2.3048016,7.614517,21.949549,6.983372,21.627068,3.34852087679816,26.1469252891094
2.3390688,7.614517,21.802435,6.993228,21.520149,3.17642585499092,25.8669811194919
2.3873344,7.624179,21.773013,7.111507,21.442390,2.95001327005563,25.3842131153654
2.4285504,7.624179,21.841666,7.012941,21.607628,2.95005428060461,25.9061685554722
2.457304,7.662825,21.851473,7.081937,21.597908,2.90396016286826,25.5907938133153
2.4873424,7.691810,21.890704,7.022798,21.568749,3.48751307105829,25.6890340218692
2.529776,7.759441,21.959357,7.022798,21.432670,4.50111850216651,25.4241744524766
2.5585424,7.817410,21.822051,7.081937,21.257712,4.65317223907411,24.7686416102951
2.5888864,7.778764,21.831858,7.032654,21.121633,5.25780978880367,24.8984372046987
2.6247872,7.817410,21.802435,7.072081,21.111913,5.17741686387147,24.6298626414638
2.6597696,7.971995,21.969164,7.180503,20.917515,6.67489858205084,23.8348083970536
2.6897792,7.971995,21.939741,7.259355,20.966114,6.07911206851824,23.6259371278936
2.721064,8.039626,21.949549,7.298782,20.917515,6.3939068019043,23.2766348969735
2.7622032,8.049287,21.949549,7.308638,20.907795,6.42821960765466,23.2103047843684
2.7922848,8.087934,21.851473,7.328351,20.800876,6.54851810543486,22.8292738472378
2.822568,8.087934,21.792628,7.377634,20.791156,6.18373763733707,22.6155995069408
2.8610048,8.039626,21.773013,7.417060,20.771716,5.86087750854441,22.6003092092535
2.8935248,8.078272,21.802435,7.367777,20.849476,5.99834511611131,22.7430192793284
2.924776,8.029964,21.763205,7.348064,20.907795,5.53310136115903,22.9590899312592
2.9548304,8.010641,21.792628,7.348064,20.907795,5.5697649972346,23.0454793261915
2.9984752,8.107257,21.782820,7.387491,20.830036,6.03120755440912,22.5620002448429
3.037408,8.097595,21.763205,7.407204,20.800876,5.96142991322815,22.4819911421191
3.0672832,8.145903,21.792628,7.466343,20.693957,6.42595542553101,22.0917146175221
3.101048,8.252180,21.773013,7.515626,20.616198,6.84794945391743,21.5431520263835
3.1397504,8.242519,21.694552,7.584622,20.509279,6.67597759779896,21.1757637559137
3.1697536,8.281165,21.655322,7.762040,20.344041,6.62699482383102,20.3394534028508
3.2035056,8.339134,21.429747,7.781753,20.110763,6.84469143144835,19.6156943238856
3.2410608,8.464734,21.459170,7.909888,20.013564,7.2864520044255,18.8205337413262
3.2725536,8.686950,21.361094,8.008454,19.955244,7.57832907109902,17.7426685274478
3.30224,8.657966,21.312057,8.077450,20.023284,6.76864334126009,17.6522558979927
3.3422864,8.744920,21.263019,8.107019,20.013564,6.82900607259441,17.2605073789646
3.3726544,8.831874,21.106097,8.284437,20.013564,5.89634840850727,16.3474216810105
3.4035088,8.793227,20.998214,8.274581,19.984404,5.51486293076918,16.3237320630324
3.434728,8.744920,20.880523,8.353433,19.955244,4.7202970018272,16.0689451694541
3.487272,8.783566,20.792255,8.422429,19.935805,4.34967347622204,15.6452420226274
3.5160064,8.851197,20.694179,8.442142,20.033004,3.79303887504686,15.4029249598068
3.5472736,8.841535,20.713794,8.570278,20.062163,3.23334539591719,15.1340308590216
3.5872464,8.793227,20.566681,8.609704,20.101043,2.21975584279654,15.0313063385778
3.6198032,8.870520,20.527450,8.609704,20.033004,2.61677959339239,14.6923893168164
3.6573264,8.841535,20.448990,8.698413,20.071883,1.73939626707654,14.4816798751914
3.6910608,8.841535,20.458797,8.708269,20.188522,1.30076076227782,14.6043830209016
3.7285296,8.841535,20.498028,8.678700,20.149642,1.7022965853767,14.6857496847996
3.759776,8.773904,20.419567,8.777265,20.285721,0.284465934400825,14.6690674496786
3.7897968,8.764243,20.243031,8.796978,20.198242,-0.155469566880399,14.328794613569
3.8422784,8.764243,20.095917,8.796978,20.120483,-0.415174158828444,14.0601238962297
3.8710384,8.773904,20.076302,8.925114,20.071883,-0.749840288006516,13.6003666743181
3.9022768,8.773904,20.223416,9.033536,20.130203,-0.819939058397588,13.5517782994559
3.9434624,8.802889,20.184185,8.984253,20.149642,-0.747366392991757,13.5832552565081
3.9735568,8.841535,20.174378,9.072962,20.159362,-1.00482807415651,13.2372064291957
4.0063152,8.802889,20.174378,9.013823,20.237122,-1.2180275688562,13.5959813044647
4.0360208,8.744920,20.213608,8.984253,20.149642,-0.854023297959917,13.7764841563812
4.0847344,8.725597,20.184185,8.865974,20.130203,-0.523475027686587,14.0942139014148
4.1159744,8.773904,20.203800,8.846261,20.256561,-0.666846207457226,14.1901491885072
4.1460624,8.725597,20.301876,8.777265,20.295441,-0.369013962545428,14.6738747440778
4.197248,8.667627,20.321491,8.767409,20.324601,-0.583989648925619,14.9175989104759
4.2285424,8.638643,20.360722,8.629417,20.382920,-0.248874096904575,15.4919474454978
4.2585232,8.561350,20.478413,8.658987,20.470399,-0.534028421215381,15.8627002400862
4.3098032,8.474396,20.488220,8.580134,20.567598,-0.890141547876047,16.4449558179949
4.339776,8.368119,20.703987,8.471712,20.723117,-0.656456338241107,17.4649052611774
4.3730256,8.300488,20.654949,8.442142,20.791156,-1.2342852855897,17.7572097359816
4.4110192,8.203872,20.645141,8.353433,20.800876,-1.3399888426275,18.2759821956276
4.4422752,8.174888,20.576488,8.323864,20.820316,-1.66934494011122,18.3854291075547
4.4729888,8.087934,20.645141,8.294294,20.946675,-2.09715216304806,18.931658126662
4.514784,8.097595,20.654949,8.333720,20.985554,-2.31331036315065,18.84740768373
4.5535136,8.049287,20.733410,8.314007,21.053594,-2.37812047555551,19.2011741091275
4.5873552,8.097595,20.654949,8.363290,21.034154,-2.60150426094918,18.8181897896688
4.616008,8.116918,20.674564,8.383003,21.004994,-2.4202352721848,18.6979269752516
4.6647408,8.126580,20.694179,8.274581,20.966114,-1.76632036194155,18.9543056149304
4.6947776,8.097595,20.772640,8.294294,20.907795,-1.43764699758756,19.0027620474552
4.7260368,8.107257,20.802063,8.254868,20.956395,-1.32520085191618,19.1729607999005
4.7659776,8.087934,20.880523,8.274581,20.859195,-0.816471115344212,19.1511605440993
4.8072816,8.116918,20.939369,8.245011,20.878635,-0.451118242646409,19.2392045019977
4.8385056,8.107257,20.890331,8.274581,20.849476,-0.671548982904856,19.0968032564793
4.8710592,8.136241,20.880523,8.195728,20.800876,-0.125223327342414,19.1728514027506
4.947312,8.174888,20.870716,8.284437,20.761996,-0.203554451394501,18.7599281359523
4.9810304,8.184549,20.831485,8.402716,20.703677,-0.537035399673766,18.291827216075
5.0211472,8.232857,20.811870,8.373146,20.557878,0.224141717901329,18.0535181717502
5.0509728,8.290826,20.772640,8.373146,20.548159,0.330333999747863,17.8357366945883
5.082288,8.155565,20.703987,8.412573,20.664797,-1.01440892549651,18.1587641482238
5.1235728,8.261842,20.625526,8.432286,20.703677,-1.12803066094401,17.7607892903808
5.1535216,8.290826,20.498028,8.580134,20.742557,-2.18931766393246,17.1665667030372
5.1834992,8.290826,20.488220,8.599847,20.888355,-2.83542585943447,17.2663128838748
5.2173728,8.358457,20.282261,8.718126,20.946675,-4.00308046820363,16.5827067872759
5.2535056,8.358457,20.056687,8.767409,21.014714,-5.28576459058882,16.2654201105232
5.2847696,8.493719,19.978226,8.925114,21.034154,-5.71130229613295,15.3908872784179
5.3159824,8.445411,19.870343,8.994110,20.956395,-6.27470144914749,15.117510695155
5.3560336,8.513042,19.782075,8.994110,20.907795,-6.1779049642322,14.7713638915811
5.3872176,8.706273,19.762459,9.151815,20.849476,-5.87513845407257,13.7231558800297
5.4173344,8.754581,19.938996,9.132101,20.917515,-5.19818693499612,13.9359979875493
5.4485344,8.841535,19.919381,9.151815,20.849476,-4.77042022997162,13.544586812202
5.4872288,8.812551,19.919381,9.072962,20.820316,-4.48925477524898,13.8008320910032
5.5185056,8.841535,19.948803,9.171528,20.820316,-4.62570802048825,13.491850477826
5.576024,8.957474,19.850728,9.250380,20.655077,-4.24646664881822,12.653886429214
5.6110592,9.083074,19.723229,9.437655,20.285721,-3.59268970753036,11.2128412833654
5.641032,9.189351,19.742844,9.486938,20.101043,-2.62658610527998,10.5950494647214
5.6710208,9.372921,19.860535,9.388372,19.731687,0.220263407475104,10.055099708894
5.7135296,9.517845,20.066494,9.329233,19.449809,2.78680431663437,9.73237085143288
5.742288,9.701414,20.527450,9.230667,18.954094,7.37565669921576,9.46391424136704
5.772912,9.769045,20.615719,9.230667,18.847175,8.34258299993826,9.26206850157525
5.8073168,9.836676,20.782447,9.171528,18.545858,10.5685464809549,9.06871567057649
5.8422752,9.778707,20.900138,8.944827,18.302861,12.6234679991521,9.66338726480598
5.8748176,9.595137,20.870716,8.846261,18.215381,12.6110053823556,10.2703893931775
5.9073168,9.614460,20.782447,8.895544,18.215381,12.1702927309186,9.97339944560077
5.9472832,9.643445,20.703987,8.875831,18.118182,12.4608031955391,9.7235887622755
5.985984,9.730399,20.556873,9.112388,17.836305,12.4280037369769,8.29917505049384
6.0273216,9.884984,20.645141,9.260237,17.622467,13.5537264265963,7.32936839268373
6.0772912,10.049230,20.566681,9.368659,17.262831,14.8679500283502,6.02370184654484
6.1085248,10.377723,21.292441,9.240524,16.514398,22.1007722769434,5.467497446604
6.148504,10.686893,22.283007,9.171528,15.567908,30.6766153820389,4.90227016981745
6.1998016,10.967079,23.047998,8.895544,14.700011,38.9559656649121,4.75122033446929
6.2498352,11.479141,24.077793,8.245011,13.169001,53.5452277705281,4.42274834898682
6.2847664,11.981542,24.479904,8.038023,12.164581,61.9207505249506,2.8065614814814
6.3222864,12.416313,24.519134,7.978884,11.803769,65.2738736013221,1.37333379758353
6.3522672,12.870406,24.519134,7.978884,11.442958,68.2718513423131,-0.314451761535405
6.3835344,13.401792,24.489711,7.949314,11.160160,71.1370754483148,-2.04336711318534
6.4247584,13.913854,24.548557,8.146446,11.023637,72.2723582571623,-3.91319514490402
6.4535056,14.203701,24.538749,8.087306,11.013885,73.3138018363139,-4.50399137905008
6.483496,14.377609,24.391636,7.988741,10.838355,74.7604699717693,-5.17950021800165
6.5147904,14.338963,24.234714,7.870462,10.623819,75.9752000593299,-5.37231643917327
6.5548256,14.319640,24.450481,7.831036,10.311766,78.2670384610926,-5.37867273601826
6.5848176,14.493548,24.842784,7.643761,9.941203,82.5308113010407,-5.31207850295161
6.61596,14.706102,25.284125,7.643761,9.755922,85.0210180970645,-5.43247623816752
6.65856,14.696441,25.087974,7.643761,9.638902,85.1662606386583,-5.89617916085427
6.69728,14.831703,25.127204,7.900032,9.590144,84.474181480099,-6.85656495341058
6.7285296,15.015272,25.313548,7.919745,9.453620,85.9289655645935,-7.26407881673683
6.770992,15.111888,25.421431,7.860605,9.278091,87.6226541611722,-7.45964541467275
6.799816,15.131211,25.323355,7.870462,9.229332,87.6522791391514,-7.76089533473788
6.860968,15.334104,25.460661,7.752183,9.092809,89.7569947526138,-7.96059418978292
6.9110336,15.372750,25.009513,7.771896,9.190326,88.2202297799077,-8.66284627265308
6.9422864,15.479027,25.401816,7.742327,9.053803,90.20547543308,-8.43559799749673
6.972304,15.652935,25.882387,7.811323,8.975789,91.6679218323031,-8.36927364684023
7.013544,15.565981,25.951040,7.919745,8.868521,91.6226991627874,-8.48020026636727
7.0460112,15.604627,26.098154,7.752183,8.741750,93.5800199904058,-8.14648134690173
7.0822608,15.701243,26.166807,7.633905,8.439448,96.1822948776957,-8.46444664263131
7.1247648,15.894474,25.745081,7.446630,8.039630,98.9173975409576,-9.7991952472074
7.1547968,16.358229,25.980463,7.397347,7.834846,101.735739231307,-10.7204514264857
7.1847536,16.667399,25.882387,7.417060,7.688571,102.854204474768,-11.8830918303135
7.2160432,16.764015,25.852965,7.377634,7.649564,103.421240108801,-12.1278642046129
7.2672448,16.812322,26.098154,7.338208,7.532544,104.861348949914,-11.9364237342794
7.297256,16.464081,26.657186,7.219929,7.532544,105.924422499954,-9.94618497253017
7.3285024,16.339211,26.686609,7.121363,7.532544,106.293090301362,-9.37681938543964
7.368496,16.580445,26.892568,6.983372,7.513041,108.019242656333,-9.31943902927929
7.3985008,16.193983,27.324101,6.855236,7.708074,107.729257339814,-7.12070686303959
7.4297536,15.836505,27.343716,6.865093,7.795839,106.547518499718,-6.12624988263823
7.4610464,15.730228,27.216218,6.973515,7.990872,104.410635957381,-6.02702351901036
7.51348,15.565981,27.255448,7.003085,8.195657,102.872520221745,-5.32934037832663
7.542256,15.247150,27.520253,7.022798,8.273670,102.229111230601,-4.08804101158752
7.5710256,15.034595,27.481022,6.914376,8.273670,102.330627251747,-3.36567085207989
7.6222624,14.928318,27.569290,6.993228,8.244415,102.021013849065,-3.20991932030531
7.6522496,14.899334,27.775250,7.012941,8.215160,102.422818523637,-2.92308506692068
7.6822912,14.947641,27.745827,7.072081,8.244415,101.973617864253,-3.18582609822399
7.7247856,15.024934,27.686981,7.111507,8.205408,102.007657033615,-3.61628533946056
7.7534832,15.295458,27.500637,7.170646,8.185905,101.955874906026,-4.72361563576388
7.7835216,15.421058,27.373139,7.259355,8.156650,101.626680696245,-5.47593768876002
7.8147568,15.479027,27.392754,7.239642,8.039630,102.528171788476,-5.71629290520451
7.8573344,15.614289,27.461407,7.042511,7.981120,104.33211063229,-5.55280310704051
7.8947968,15.836505,27.481022,6.983372,7.864101,105.76991766885,-6.09165655871
7.9347904,15.797859,27.637943,6.953802,7.815342,106.428475681709,-5.76304976227703
7.9760448,15.585304,27.706597,6.953802,7.766584,106.427521093837,-5.22364581423012
8.0060704,15.392073,27.853710,6.796097,7.893356,106.51258889767,-3.96037288047685
8.0372208,15.208503,28.020439,6.697531,7.844597,107.304820869553,-3.09502669579649
8.0772176,15.015272,28.049862,6.687675,7.854349,106.995479628714,-2.53723244750069
8.127264,14.841364,28.196975,6.638392,7.971369,106.56433002721,-1.59350035574513
8.1585488,14.561179,28.383319,6.727101,8.185905,104.692035864263,-0.531475484922531
8.2097632,14.213363,28.451972,6.727101,8.215160,103.987978940036,0.481186507741782
8.2410368,13.865547,28.765815,6.677818,8.351683,103.436606288245,2.12793985853339
8.2723376,13.749608,28.903121,6.608822,8.332180,103.970405050352,2.7653679708488
8.3122864,13.720623,29.030619,6.667962,8.400442,103.455220348327,2.96135948042559
8.3422896,13.595023,29.079657,6.628536,8.390690,103.578369378699,3.43830324822204
8.37232,13.575700,28.981581,6.628536,8.419945,103.185993934616,3.39249351863729
8.4060496,13.720623,28.981581,6.667962,8.449200,103.08953170155,2.96097068548186
8.4435744,13.894531,29.256194,6.727101,8.458952,103.582296754615,2.76322810965203
8.4741072,14.290655,29.481768,6.776384,8.419945,104.714842873292,1.90484294022188
8.504768,14.889672,29.305232,6.727101,8.185905,107.053050003491,-0.0239052175167203
8.5472896,15.585304,28.961966,6.855236,7.951865,108.279275050907,-2.8420310617151
8.5760704,16.116690,28.677547,6.865093,7.688571,110.116570047738,-4.9307513113678
8.6060768,16.280937,28.383319,6.766527,7.493538,111.51075339477,-5.8195732813472
8.6372432,16.570783,28.295051,6.934089,7.464283,111.101221641244,-7.0678548933886
8.6886304,16.677061,28.157745,6.884806,7.366766,111.860396337112,-7.55993568762312
8.718496,16.812322,27.608521,6.993228,7.259498,111.117080014441,-9.14654965061481
8.768504,16.802661,27.176987,7.052368,7.122975,110.755319245779,-10.1654244881054
8.819736,16.464081,26.706224,7.239642,7.239995,107.545177297632,-10.3863640586948
8.8497856,16.598557,26.000078,7.466343,7.581303,103.271771696524,-11.8208274637382
8.8923056,16.329605,25.323355,7.614191,7.844597,99.0967666073353,-12.2281931377532
8.9335344,16.193983,24.372020,7.732470,8.302925,93.6289653813319,-13.0202034625818
8.9622944,15.759212,24.166061,7.722614,8.800259,89.5566021124245,-11.4859713558361
8.9935488,15.198842,23.989525,7.919745,9.512130,82.9902927121345,-9.7349893254905
9.0423616,14.715764,23.989525,8.057737,10.233753,77.3405483481221,-7.73955826311903
9.0739984,13.797916,23.911064,8.047880,10.848107,71.7545863876786,-4.63341688272725
9.1035808,13.237545,24.038563,7.890175,11.150408,69.9029325386104,-2.17668593933823
9.1560416,12.754467,24.440673,7.988741,11.306435,68.4014309627664,-0.361860831154718
9.18856,12.483944,24.793746,7.890175,11.140657,69.9566795346226,0.862327610957401
9.2285376,12.029850,24.666248,7.880318,11.423455,67.0396652114241,2.2965766682272
9.2760464,11.740003,24.401443,7.909888,11.842776,63.2797781637803,3.20489989801426
9.3074512,11.401849,24.205292,8.057737,12.798438,56.3598770203104,4.7813965865933
9.3372592,11.169971,23.862026,8.166159,13.588322,50.4204363918107,5.72425169405063
9.3785424,10.715878,23.420686,8.254868,14.348951,43.8041644343188,7.12940492830475
9.418528,10.068553,23.087228,8.156302,15.587412,35.6120318067101,10.3314038743879
9.449744,9.740060,22.920499,8.294294,16.903194,27.7257327213302,12.2919892875167
9.4910288,9.392244,22.165316,8.314007,17.505828,21.449484299428,13.0004335043013
9.5222624,9.073413,21.439555,8.580134,18.380620,13.1805136618922,13.3274359104756
9.5523808,8.918828,20.958984,8.865974,19.090173,6.99324433693846,13.2462030527945
9.586072,8.686950,20.135147,9.072962,19.848325,-0.572355924674547,13.2345035981736
9.6248016,8.580673,19.546693,9.536220,20.518999,-7.37408698498073,12.3649520850294
9.6550528,8.590335,18.742471,9.871343,20.995274,-13.3461241768266,11.0347769298911
9.684728,8.445411,17.938250,10.255749,21.636788,-20.6663020578736,10.1931081156945
9.7260432,8.319811,17.251720,10.620442,22.404660,-27.7395527582303,9.66290703386861
9.7575456,8.126580,16.506344,10.945708,23.007294,-34.6421274388619,9.13559496931117
9.787264,7.885041,16.870826,11.290688,23.609928,-37.0168827571833,10.0722327668392
9.8197712,7.788425,16.513653,11.665237,24.154243,-41.6750580688398,9.58514130050842
9.858544,7.720794,15.858836,11.852512,24.280602,-45.7155168752732,8.62322283427305
9.8899616,7.730456,15.749700,12.069356,24.241722,-46.6603560421955,7.8576045185284
9.9197488,7.827071,15.561193,12.148208,24.027884,-46.6806873003835,6.89836591870813
9.9597264,7.904364,15.402449,12.227061,23.911246,-46.9329459333166,6.14610772448692
9.9911968,8.078272,15.442135,12.414335,23.930685,-46.579963094914,5.31263532301438
10.0285456,8.039626,15.293313,12.345339,23.989005,-47.3754618639271,5.46477604202141
10.0672752,8.039626,15.084962,12.512901,23.736287,-48.0578814204707,4.43626351340163
10.1050512,8.165226,15.620721,12.207348,23.211412,-42.7393725291414,4.90389197592295
10.1335424,8.387442,16.027501,12.158065,22.851776,-38.8004363468969,4.53094177346699
10.1635392,8.387442,16.156480,12.098926,22.725417,-37.6903709144928,4.68301707579593
10.2113568,8.348796,16.077109,12.039786,22.579619,-37.576719372448,4.63027883291677
10.2460704,8.464734,16.156480,11.931364,22.414380,-35.9045325082041,4.49660685138756
10.2760752,8.513042,16.245773,12.010216,22.326901,-35.2908999402407,4.17812056540205
10.3210048,8.561350,16.434281,11.990503,22.054744,-33.3849556736245,3.99385985881926
10.3489504,8.764243,16.870826,11.842655,21.656228,-28.9912935161112,3.9065437851625
10.3801376,8.880182,17.029569,11.763803,21.413230,-26.8285219434655,3.7000118858922
10.4210416,8.986459,17.089098,11.773659,21.170232,-25.3954516162282,3.16048843441622
10.4613296,9.131382,17.237920,11.753946,20.927235,-23.3420449590404,2.71918808490901
10.4911504,9.218336,16.359230,11.724376,20.849476,-26.2479025641796,1.24743493729435
10.534832,9.305290,16.496536,11.694807,20.781436,-24.9955686501408,1.20137919269386
10.5722576,9.517845,16.427883,11.773659,20.382920,-23.3432460187073,-0.190666531451303
10.6034896,9.643445,16.388653,11.832798,20.246841,-22.7310682625104,-0.901929072104672
10.6335072,9.769045,16.378845,11.882081,20.052443,-21.7699180167543,-1.63096396966476
10.676112,9.798030,17.218077,11.882081,20.062163,-18.2963806714745,-0.477515192715057
10.7160352,9.855999,17.178391,11.951077,20.062163,-18.4555713409627,-0.843843647881464
10.7472368,9.952615,17.069255,11.970790,20.003844,-18.3756639282846,-1.36638307447515
10.7872592,9.962276,17.099019,12.010216,20.120483,-18.7422554794402,-1.27564189095426
10.818552,9.904307,17.039490,12.118639,20.266281,-20.055987701928,-1.27449044984027
10.8485536,9.817353,16.940276,12.167921,20.256561,-20.9309449091435,-1.33901670619409
10.8822944,9.817353,16.801375,12.167921,20.382920,-21.9059159608295,-1.35696959695375
10.931112,9.749722,16.712082,12.158065,20.421800,-22.6347860301019,-1.24125791140305
10.9723216,9.711076,16.622789,12.227061,20.577318,-23.8884527577497,-1.22011082209907
11.037328,9.575814,16.583103,12.167921,20.761996,-25.0092352199017,-0.540718746833985
11.0738912,9.488860,16.523574,12.207348,21.004994,-26.5201866799368,-0.16516923464054
11.1034656,9.527506,16.503731,12.187635,20.946675,-26.1921906051969,-0.32174446978636
11.1447472,9.508183,16.553339,12.197491,20.917515,-26.0059499393978,-0.269742709303745
11.1747952,9.469537,16.672396,12.138352,20.898075,-25.4234952411319,0.109590809815987
11.2060544,9.469537,16.672396,12.098926,20.781436,-24.9177260801159,0.0417649532742388
11.2398832,9.469537,16.751768,12.108782,20.820316,-24.7520625286231,0.18422170411452
11.2773008,9.459875,16.890668,12.138352,20.752277,-24.1015447769198,0.235043039791531
11.317248,9.498521,16.920433,12.079212,20.752277,-23.6317396238825,0.326909012968013
11.3485664,9.479198,16.940276,11.980647,20.703677,-23.1488993169847,0.57566242759551
11.3997504,9.479198,17.039490,11.960934,20.664797,-22.5554789944383,0.708514008374422
11.4298,9.527506,17.178391,11.951077,20.655077,-21.7374950495613,0.794298697542597
11.4610448,9.508183,17.198234,11.921507,20.577318,-21.3819708694997,0.833633591082311
11.5009744,9.527506,17.079176,11.911651,20.499559,-21.4936665384641,0.535086291156262
11.5310736,9.498521,16.950197,11.872225,20.470399,-21.9048537448343,0.481231885487148
11.5710192,9.469537,17.069255,11.931364,20.528719,-21.9290017118719,0.656228736953356
11.6060912,9.537168,17.128784,11.882081,20.567598,-21.382288279866,0.748806338834431
11.6435472,9.537168,17.118862,11.970790,20.567598,-21.7148303748844,0.517079164238311
11.673552,9.624122,16.960119,12.069356,20.489839,-22.0723313289864,-0.269517595307288
11.7048208,9.604799,16.870826,12.108782,20.392640,-22.3206796539932,-0.58317320312884
11.7561008,9.730399,16.831140,12.128495,20.363480,-21.9424269871118,-1.035517719579
11.7847424,9.817353,16.791454,12.197491,20.363480,-21.9792065676829,-1.47061258993812
11.8160512,9.788368,16.801375,12.128495,20.402360,-21.9568468165018,-1.16331416909136
11.85852,9.788368,16.771611,12.148208,20.412080,-22.1737512454488,-1.23981244408865
11.8860624,9.759384,16.850983,12.059499,20.402360,-21.6462103833123,-0.854354687301644
11.9173184,9.691753,16.850983,12.029930,20.489839,-22.1099221484142,-0.492990833875425
11.9760816,9.624122,16.900590,12.000360,20.480119,-22.0531749284404,-0.198849308608377
12.0197616,9.614460,17.029569,12.059499,20.509279,-21.8631406485848,-0.0963854014665166
12.0622992,9.614460,17.039490,11.960934,20.470399,-21.369915008999,0.103839324725929
12.1098144,9.624122,17.099019,11.951077,20.441240,-20.9628218576375,0.147087294574607
12.141416,9.595137,17.148626,12.029930,20.431520,-21.1087358868238,0.0811961179068099
12.1722288,9.662768,17.168469,11.980647,20.344041,-20.3054939889618,-0.0589083022857722
12.2135472,9.614460,17.208155,11.941221,20.412080,-20.4349295243802,0.307304725206183
12.2423008,9.662768,17.198234,11.872225,20.373200,-19.9229781330334,0.289466606625759
12.2748384,9.566152,17.138705,11.872225,20.353760,-20.4839662159591,0.415759679999454
12.3035024,9.556491,17.118862,11.882081,20.276001,-20.3762476994032,0.277678621600415
12.3448384,9.575814,17.277605,11.872225,20.314881,-19.7589411656537,0.532537831989991
12.3748096,9.604799,16.349423,11.931364,20.305161,-23.5739130804485,-1.02229592291453
12.404768,9.556491,16.398461,11.872225,20.305161,-23.3744284822548,-0.685662866974166
12.4459728,9.595137,16.369038,11.882081,20.285721,-23.3045301662221,-0.876416273684189
12.4797584,9.614460,16.369038,11.842655,20.285721,-23.0936477668914,-0.826682826696832
12.511024,9.624122,16.378845,11.793372,20.246841,-22.719277828889,-0.770679520693946
12.541296,9.614460,16.329808,11.901794,20.256561,-23.3551803655373,-1.07215455536772
12.5810608,9.643445,16.369038,11.891938,20.188522,-22.8145149218651,-1.16129769828118
12.629864,9.682091,17.257763,11.891938,20.159362,-18.959681520976,-0.0237328287748753
12.6686144,9.711076,17.267684,11.921507,20.207962,-19.0663368785745,-0.0844394675741711
12.7022816,9.778707,17.208155,11.970790,20.159362,-19.0363635666435,-0.522946657059475
12.7323056,9.798030,17.188312,12.029930,20.071883,-18.9436304139584,-0.866674761564695
12.7622944,9.846338,17.138705,12.128495,19.994124,-19.0184142467491,-1.4054229153966
12.8009888,9.884984,17.138705,12.118639,20.052443,-19.0266258629371,-1.39157443706886
12.834768,9.981599,17.049412,12.187635,19.964964,-18.9357761353374,-2.04556148199212
12.8660144,9.952615,17.029569,12.138352,19.974684,-18.9977411306917,-1.87133452511011
12.897312,10.029907,17.069255,12.158065,19.955244,-18.5338076283311,-2.07608549398274
12.9473872,10.097538,17.099019,12.187635,19.896925,-18.0518850570557,-2.35099523824078
12.9785488,10.126523,17.059333,12.236917,19.799726,-17.9335067021462,-2.73715113620151
13.0110448,10.203815,16.999805,12.197491,19.692807,-17.3708526092616,-3.07058563235123
13.058568,10.223138,16.880747,12.227061,19.595608,-17.5375761751122,-3.50524264176213
13.0885504,10.223138,16.860904,12.236917,19.566448,-17.5510856830275,-3.60114961442099
13.1197664,10.290769,16.970040,12.227061,19.556728,-16.7849577849129,-3.59273477194888
13.1697488,10.445354,16.950197,12.355196,19.449809,-16.3260970347371,-4.4525116432674
13.201088,10.416370,16.920433,12.414335,19.401210,-16.5928396198223,-4.64030840679316
13.2423264,10.493662,16.841061,12.414335,19.401210,-16.601026101103,-4.94133250635939
13.2985504,10.541970,16.682318,12.473475,19.255411,-16.7431736649711,-5.65209329688175
13.3435232,10.667570,16.702161,12.503044,19.226251,-16.171040641377,-6.03105239926138
13.3785584,10.715878,16.602946,12.542471,19.197092,-16.4062837146369,-6.43127027954561
13.4260528,10.725540,16.543417,12.512901,19.294291,-16.8320081384393,-6.32743937349486
13.4560368,10.715878,16.543417,12.591753,19.284571,-17.1037535412325,-6.50401229563933
13.4872592,10.822155,16.513653,12.552327,19.284571,-16.6689638826902,-6.70527537800647
13.527336,10.783509,16.593025,12.522758,19.235971,-16.2441065563812,-6.49929230851905
13.5585568,10.764186,16.533496,12.542471,19.206812,-16.5225777050841,-6.63517267062949
13.5998336,10.773847,16.553339,12.562184,19.235971,-16.5718622130164,-6.62914950642348
13.6497344,10.860801,16.672396,12.512901,19.090173,-15.100420687303,-6.75775836158136
13.6809936,10.909109,16.751768,12.512901,19.051293,-14.4692156599176,-6.80861130250417
13.7110496,10.812494,16.821218,12.512901,19.109613,-14.7740431958574,-6.3894576597791
13.76228,10.831817,16.850983,12.522758,19.012414,-14.2846717905161,-6.55978290184401
13.7948352,10.802832,16.811297,12.463618,18.934654,-14.0834243294682,-6.53254061669222
13.8347872,10.899448,16.781532,12.355196,18.847175,-13.1477724358059,-6.68383456335071
13.8810608,10.880125,16.960119,12.394622,18.973534,-13.100540453135,-6.26691833296475
13.9172848,10.909109,16.960119,12.414335,18.915215,-12.8554453611937,-6.4690416107572
13.9485744,10.870463,17.039490,12.443905,18.963814,-12.9667437407132,-6.25410396116962
14.001072,10.851140,17.079176,12.384766,18.886055,-12.4167653715861,-6.12832539495659
14.0385184,10.735201,17.168469,12.325626,18.866615,-12.2482568409499,-5.61219055589324
14.0711328,10.812494,17.168469,12.246774,18.876335,-11.7102341581529,-5.59388929060085
14.1098032,10.715878,17.188312,12.197491,18.876335,-11.8357458496109,-5.21999131539819
14.1418896,10.648247,17.218077,12.227061,18.847175,-11.9837369755888,-5.12905094558105
14.1710064,10.706216,16.329808,12.177778,18.934654,-15.3778593347824,-6.36851104739103
14.2047552,10.619262,16.339615,12.167921,18.983254,-15.8196577101627,-6.04796507088914
14.2422912,10.561293,16.398461,12.118639,19.022133,-15.7801889247579,-5.64174329901453
14.2735792,10.561293,16.359230,12.089069,19.051293,-15.9355807922162,-5.58639021343696
14.3086,10.541970,16.418076,12.118639,19.051293,-15.8798105474936,-5.52086046744467
14.354736,10.522647,16.467114,12.128495,19.080453,-15.8958954188982,-5.37880883248327
14.3972976,10.474339,16.525959,12.098926,19.090173,-15.7853474282801,-5.08786711864537
14.4385184,10.377723,16.545574,12.000360,19.138772,-15.9202316181116,-4.51483830585414
14.4760608,10.358400,16.673073,11.951077,19.216532,-15.586842265338,-4.0397389003289
14.5198352,10.329416,16.653458,11.931364,19.255411,-15.8468452845922,-3.89308777707159
14.548592,10.213477,16.565189,11.901794,19.206812,-16.3945534348233,-3.74559694178544
14.5885504,10.155507,16.633842,11.891938,19.255411,-16.4855910083741,-3.40436889559271
14.6185344,10.165169,16.731918,11.882081,19.342890,-16.3214802942101,-3.12690075254201
14.6497984,10.165169,16.780956,11.872225,19.362330,-16.1584199708417,-3.00113337289555
14.6897728,10.078215,16.810379,11.832798,19.440089,-16.520532309498,-2.53421399184514
14.7235712,10.029907,16.839802,11.882081,19.478969,-16.8991151918693,-2.43584336184566
14.7522336,10.000923,16.810379,11.842655,19.410930,-16.763900341306,-2.41230858547928
14.7835648,9.913968,16.869224,11.803229,19.459529,-16.908357597499,-1.94387648120212
14.8347792,9.855999,16.986915,11.714520,19.556728,-16.6978873834203,-1.26828631335906
14.8648224,9.846338,17.035953,11.724376,19.556728,-16.5740423952619,-1.19741674434839
14.8948272,9.836676,17.065376,11.694807,19.576168,-16.460087378402,-1.02965658915214
14.946128,9.759384,17.065376,11.615954,19.644207,-16.7325392112448,-0.544747921351448
14.9760528,9.769045,17.104606,11.635667,19.624768,-16.5374949357455,-0.588994851367474
15.0310176,9.730399,17.114414,11.586384,19.644207,-16.550258500298,-0.328616498100491
