0.0350864,8.765554,18.860162,9.954354,20.674517,1.47636965597337,-1.45214258734168
0.0649504,8.697927,18.791509,9.885355,20.635638,1.32339771764845,-1.22352883386377
0.0974992,8.746232,18.781702,9.914926,20.635638,1.36993299670616,-1.4436470314176
0.1474832,8.736571,18.771894,9.924783,20.703677,1.01867304536411,-1.37079073564593
0.1786944,8.736571,18.830740,9.914926,20.810596,0.907811791200579,-1.13649805889133
0.2087392,8.668944,18.840547,9.905069,20.820316,0.681692267202591,-0.905736734243
0.249872,8.678605,18.820932,9.895212,20.771716,0.848160490349214,-0.990496501650689
0.2799152,8.649622,18.781702,9.855784,20.781436,0.684719279458941,-0.844659895021834
0.3111968,8.553012,18.830740,9.816356,20.761996,0.704961213699582,-0.44296961880012
0.3436752,8.543351,18.899393,9.796642,20.810596,0.835308562256964,-0.218209028438068
0.3811072,8.553012,18.928815,9.767071,20.946675,0.614003364052634,0.0400044478843782
0.4125296,8.514368,18.977853,9.885355,20.995274,0.0701105822405559,-0.0530847936062031
0.4436288,8.475724,18.919008,9.786785,20.946675,0.202250429997495,0.182630164374423
0.4875344,8.485385,18.977853,9.836070,20.975834,0.196685763077852,0.132638667200972
0.5248688,8.466063,18.948431,9.776928,20.946675,0.314665936599837,0.271377580019909
0.5549264,8.408097,18.928815,9.757214,20.936955,0.112315643507758,0.444643752538731
0.5887472,8.398436,18.919008,9.767071,20.927235,0.034973340635073,0.420090430673675
0.6261696,8.427419,19.036699,9.806499,20.946675,0.406003094148279,0.404234012438522
0.6566048,8.446741,19.017084,9.737500,21.024434,0.374119131659254,0.609143506060569
0.686152,8.408097,18.977853,9.678357,20.966114,0.480531596817197,0.753657491410756
0.7375104,8.408097,18.987661,9.668500,21.034154,0.314492894540638,0.875499775307965
0.76988,8.408097,18.987661,9.707929,21.014714,0.244271707596086,0.74522012962148
0.7986528,8.379113,18.997468,9.658643,21.014714,0.341951270805302,0.968814901100188
0.8411856,8.301825,19.046506,9.707929,21.014714,0.0573383314726801,1.10442345009051
0.8711616,8.282503,19.085737,9.688215,21.073033,0.000365251913539311,1.32871146370168
0.8999328,8.282503,19.046506,9.668500,21.014714,0.119633435917898,1.26371357770205
0.932496,8.263181,19.036699,9.698072,21.082753,-0.338039654413848,1.3066644850897
0.9761904,8.185893,19.213235,9.619215,21.131353,0.159521223959921,2.00254700429063
1.0111328,8.185893,19.252465,9.599501,21.131353,0.383092610973751,2.10324074304999
1.0424912,8.234198,19.242658,9.609358,21.179952,0.329321576799417,1.99164718732391
1.0936608,8.195554,19.291696,9.550216,21.199392,0.509363599596409,2.33934500059018
1.1336624,8.127927,19.330926,9.471360,21.179952,0.743343926821886,2.76261219566464
1.172552,8.011995,19.311311,9.540359,21.170232,0.000897361403509933,2.85625129385523
1.2186656,8.050639,19.330926,9.481217,21.141073,0.541392836279988,2.90110797721186
1.2461824,8.185893,19.370156,9.540359,21.209112,0.779621752841141,2.49748562743278
1.2761632,8.147249,19.281888,9.569930,21.189672,0.245932994295991,2.39392073991478
1.3274624,8.098944,19.272081,9.520645,21.179952,0.224268958932955,2.63707106588943
1.357488,8.127927,19.183812,9.569930,21.189672,-0.216797048863148,2.32944066591583
1.3874896,8.214876,19.223043,9.550216,21.102193,0.65717307922678,2.08825894178804
1.4286224,8.253520,19.223043,9.668500,21.063313,0.529864880442835,1.6149850127036
1.458696,8.311486,19.134775,9.609358,21.102193,0.481964157582505,1.55856109510746
1.4901776,8.330808,19.115159,9.638929,21.014714,0.684481437659144,1.29631111661251
1.5211728,8.340469,19.046506,9.648786,20.956395,0.623023825646753,1.08890995451198
1.5699632,8.417758,19.007276,9.698072,20.936955,0.667698584277371,0.674577426556532
1.60992,8.379113,19.007276,9.727643,20.985554,0.240548556006443,0.758580948945102
1.6511408,8.427419,18.958238,9.855784,20.966114,-0.143491608323496,0.199239448860304
1.6924928,8.504707,18.968046,9.796642,20.956395,0.440405559622157,0.150610342397073
1.7237072,8.504707,18.909200,9.836070,20.888355,0.309469322860931,-0.111817540197144
1.7737488,8.495046,18.919008,9.885355,20.888355,0.137111843641936,-0.205975378624835
1.8237664,8.485385,19.017084,9.816356,20.849476,0.86352527997712,0.0782463708649956
1.8567424,8.475724,18.997468,9.786785,20.830036,0.921208473958792,0.135551630584594
1.9048864,8.533690,18.958238,9.816356,20.868915,0.753758248249493,-0.100090464204008
1.9374736,8.581995,18.997468,9.786785,20.781436,1.50945514722205,-0.21005028870016
1.96744,8.572334,18.919008,9.836070,20.752277,1.09292168307405,-0.449922659524447
2.0161248,8.562673,18.938623,9.796642,20.810596,1.06535429030753,-0.221439472369291
2.0575472,8.543351,18.987661,9.855784,20.830036,0.905155478763211,-0.243385140540596
2.0904944,8.591656,18.948431,9.826213,20.820316,1.07902135141727,-0.35421266338755
2.1299232,8.553012,18.889585,9.875498,20.752277,0.762340532668844,-0.540458445761097
2.161136,8.630300,18.830740,9.895212,20.713397,0.902406627638962,-0.922220535351151
2.193656,8.591656,18.869970,9.865641,20.732837,0.940441880109038,-0.666300119541113
2.2224832,8.610978,18.919008,9.826213,20.791156,1.14217960936643,-0.478703425758297
2.2725008,8.610978,18.968046,9.865641,20.800876,1.16114823305279,-0.511176186148965
2.3036384,8.591656,18.879778,9.914926,20.742557,0.771053912314928,-0.773809159695162
2.3339472,8.601317,18.840547,9.845927,20.781436,0.760907873756095,-0.615440294380122
2.3861456,8.659283,18.840547,9.845927,20.752277,1.09146721076832,-0.807009740768919
2.4411248,8.591656,18.840547,9.836070,20.752277,0.860482790310872,-0.599508587242859
2.4925216,8.649622,18.879778,9.865641,20.781436,1.03519511378997,-0.748487956965519
2.527712,8.688266,18.879778,9.875498,20.781436,1.1518994981071,-0.877965738377611
2.558984,8.620639,18.899393,9.855784,20.800876,0.964714557312911,-0.596002061131358
2.6026,8.610978,18.830740,9.875498,20.732837,0.827405662763077,-0.793455001648127
2.6387104,8.649622,18.899393,9.895212,20.800876,0.939599872000533,-0.778747425697304
2.6698864,8.649622,18.948431,9.806499,20.732837,1.68427704554601,-0.565335603115066
2.7011888,8.572334,18.928815,9.875498,20.810596,0.787058745762257,-0.470840559804145
2.7511568,8.620639,18.899393,9.895212,20.761996,0.962783621795175,-0.749840317841674
2.7824992,8.736571,18.820932,9.895212,20.742557,1.17812430841129,-1.18156020518333
2.8124432,8.630300,18.742471,9.796642,20.674517,1.04069266190435,-0.81752622445665
2.8636448,8.678605,18.811124,9.905069,20.703677,1.01462922987829,-1.11437975321228
2.8936752,8.678605,18.938623,9.865641,20.752277,1.48180916751074,-0.788857520609071
2.923984,8.668944,18.869970,9.885355,20.761996,1.07152804516143,-0.889241466653701
2.9661344,8.659283,18.830740,9.895212,20.752277,0.879250449834423,-0.950979924174874
2.996504,8.784876,18.713049,9.954354,20.723117,0.804736001214442,-1.62760488212811
3.026168,8.736571,18.605165,9.983925,20.625918,0.42818586319059,-1.83754352739261
3.0824528,8.910469,18.605165,10.033210,20.616198,0.973003077186496,-2.44209376578784
3.117456,9.026401,18.418821,10.003639,20.518999,1.14381400926261,-3.03436077481304
3.1486624,9.123011,18.389399,10.052924,20.518999,1.23358920630517,-3.45695711975537
3.183648,9.229282,18.350168,10.181065,20.528719,1.01063326567589,-4.10926739132605
3.2199104,9.306570,18.232477,10.131780,20.431520,1.36851379106282,-4.46336516700577
3.2486976,9.219621,18.242285,10.230350,20.402360,0.8208620691489,-4.51912451351043
3.2799008,9.287248,18.163824,10.240207,20.402360,0.743555025222939,-4.82450927287476
3.3212,9.345214,18.193247,10.200779,20.353760,1.39716294750884,-4.89810882476219
3.3511856,9.441824,18.173632,10.259921,20.412080,1.28435524586692,-5.25142952511329
3.3836656,9.451485,18.144209,10.299349,20.412080,1.06840710604701,-5.41739031642762
3.4224624,9.364536,18.065749,10.259921,20.392640,0.626607544101553,-5.21952592109128
3.4737104,9.441824,18.104979,10.210636,20.295441,1.60123838796463,-5.36926999193906
3.5036848,9.393519,18.173632,10.220493,20.363480,1.40562780955534,-5.08812230750328
3.5386704,9.383858,18.242285,10.190922,20.499559,1.26110186076245,-4.71649028768269
3.5741344,9.258265,18.330553,10.190922,20.538439,0.97850394197445,-4.22343284406369
3.6062,9.180977,18.340361,10.171208,20.528719,0.817617751068271,-3.97013585280774
3.6361536,9.123011,18.389399,10.072638,20.616198,0.821597627927069,-3.38298171827993
3.6686752,8.949113,18.379591,10.072638,20.645358,-0.00379742544846096,-2.90014199744101
3.7174192,8.997418,18.507090,9.983925,20.635638,1.03450355660335,-2.64218030977988
3.7486768,8.862164,18.654203,9.826213,20.781436,1.12304307955099,-1.49304600010157
3.799904,8.775215,18.654203,9.826213,20.868915,0.47344478598912,-1.15131004155389
3.8299408,8.688266,18.683626,9.875498,20.936955,-0.164661682985079,-0.92873080051978
3.8599184,8.591656,18.752279,9.845927,20.966114,-0.273452257368081,-0.469522954881057
3.8975056,8.620639,18.771894,9.855784,21.004994,-0.252394177479266,-0.500761395842993
3.92992,8.620639,18.762087,9.845927,21.034154,-0.358465004831217,-0.450402591781234
3.9612048,8.543351,18.820932,9.786785,21.034154,-0.224356102692294,-0.0121573134705386
3.9912112,8.610978,18.811124,9.757214,21.092473,-0.0972395093710006,-0.0543537083229921
4.0449984,8.475724,18.820932,9.747357,21.102193,-0.591317470363938,0.359426355278117
4.0725584,8.543351,18.722856,9.796642,21.053594,-0.714076141226096,-0.135832912598161
4.1024816,8.553012,18.673818,9.786785,21.034154,-0.767467137311007,-0.220184657934944
4.1486368,8.475724,18.614973,9.786785,21.014714,-1.23989066524804,-0.109376156663551
4.1849168,8.572334,18.683626,9.845927,21.170232,-1.33294071987832,-0.249851161233032
4.2161776,8.591656,18.732664,9.826213,21.111913,-0.791270710800244,-0.26028228709248
4.2575104,8.466063,18.673818,9.816356,21.131353,-1.55483676787347,0.0544127140499668
4.2874912,8.485385,18.664011,9.855784,21.092473,-1.51896693315298,-0.16371832452365
4.3274928,8.466063,18.673818,9.776928,21.102193,-1.31567653967047,0.124522657836849
4.3786576,8.485385,18.703241,9.816356,21.111913,-1.29367587543175,0.014794553119529
4.409928,8.437080,18.781702,9.845927,21.082753,-1.17560609312413,0.125995565995929
4.4403952,8.417758,18.840547,9.816356,21.063313,-0.848167336009793,0.30604100167141
4.4740448,8.379113,18.830740,9.786785,21.179952,-1.34354170590932,0.620848680845036
4.509952,8.350130,18.879778,9.786785,21.160513,-1.19641888778293,0.735187580391319
4.541192,8.330808,18.899393,9.776928,21.209112,-1.33013201463118,0.897126244459081
4.5725264,8.340469,18.830740,9.767071,21.111913,-1.19082883989015,0.695041394263725
4.613664,8.359791,18.850355,9.747357,21.082753,-0.865646646260007,0.684405533556117
4.6436832,8.437080,18.879778,9.786785,21.160513,-0.852685832957267,0.501011389408333
4.6740064,8.379113,18.860162,9.865641,21.034154,-0.993716749631682,0.265659379126447
4.7078384,8.388774,18.840547,9.865641,21.034154,-1.03312486242286,0.215513750986084
4.7461904,8.466063,18.722856,9.836070,21.004994,-0.988100191506256,-0.0942809750940441
4.7861664,8.533690,18.722856,9.895212,20.946675,-0.72310483313281,-0.507049536696535
4.8174528,8.524029,18.771894,9.905069,20.966114,-0.669812716294242,-0.422432581598784
4.8587424,8.543351,18.713049,9.934640,20.985554,-0.997116593180587,-0.602269059664437
4.888728,8.562673,18.791509,9.875498,20.966114,-0.336506739579562,-0.422368786550138
4.917488,8.649622,18.673818,9.974068,20.936955,-0.7002309893819,-1.10074841411033
4.95364,8.572334,18.664011,9.944497,20.907795,-0.839431721307623,-0.864370728921635
5.0049328,8.678605,18.664011,10.013496,20.771716,-0.184692060908324,-1.50284626090894
5.039936,8.755893,18.634588,9.993782,20.693957,0.346139109386597,-1.79149181530846
5.074928,8.804198,18.634588,10.013496,20.684237,0.501134377802041,-1.98443697251838
5.1124944,8.891147,18.654203,10.052924,20.664797,0.849203520481634,-2.31868820905137
5.1425072,8.900808,18.634588,10.013496,20.635638,1.05146194632302,-2.30211512310392
5.1749312,8.968435,18.673818,10.092352,20.577318,1.39726443319057,-2.71294197234645
5.2236912,8.939452,18.624781,10.052924,20.518999,1.43674311677588,-2.66997222483883
5.2549152,8.939452,18.614973,10.013496,20.499559,1.6064136762315,-2.60325124422938
5.2849312,8.929791,18.664011,9.954354,20.509279,1.93564261556021,-2.34592753779182
5.3274784,8.949113,18.664011,10.052924,20.441240,1.9030616316072,-2.74488420999536
5.3578352,8.939452,18.703241,10.013496,20.431520,2.1928324595772,-2.57733537692332
5.3886672,9.026401,18.595358,10.121923,20.344041,2.03673451632476,-3.34418866927652
5.4198816,9.036062,18.487474,10.151494,20.344041,1.54732615137902,-3.58729277105916
5.4587104,9.036062,18.428629,10.092352,20.334321,1.56032103794372,-3.52070286608718
5.4886576,9.007079,18.467859,10.141637,20.382920,1.25384093671715,-3.46005909763598
5.5199232,9.132672,18.526705,10.171208,20.441240,1.66575089901421,-3.71537771016192
5.5599408,9.123011,18.418821,10.269778,20.470399,0.756548949033508,-4.04999162251382
5.5974992,9.180977,18.350168,10.319064,20.480119,0.507720400679419,-4.40636918231189
5.6412096,9.190638,18.203055,10.457062,20.742557,-1.42531434795838,-4.63884310376797
5.6811456,9.219621,18.085364,10.496490,20.732837,-1.87747263139696,-4.98237625618594
5.729968,9.190638,17.614600,10.545775,20.635638,-3.7015309036481,-5.78752180770844
5.7625024,9.219621,17.506717,10.831628,20.849476,-5.72849537753083,-6.45744212205886
5.8124992,9.258265,17.349796,10.880913,20.849476,-6.37205611861217,-6.89365545103093
5.8436768,9.296909,17.359603,10.979484,21.092473,-7.32637319134225,-6.90365042331683
5.8825056,9.316231,17.232105,11.127339,21.179952,-8.54684350475827,-7.38120431590833
5.9336736,9.374197,17.045761,11.117482,21.073033,-8.67830851973725,-7.89961135317554
5.9661248,9.403180,16.986915,11.206195,21.024434,-8.93301885079358,-8.34344003174623
5.996168,9.548096,16.967300,11.206195,21.053594,-8.52219697104471,-8.69493911416343
6.0387088,9.635045,16.859417,11.363907,21.014714,-9.00099033428567,-9.50857080385151
6.068632,9.693011,16.565189,11.511762,21.024434,-10.4801826956744,-10.4155667319597
6.098608,9.712333,17.276919,11.728617,20.985554,-8.12259985622306,-10.0654788251518
6.1349248,9.664028,17.058648,11.827187,21.053594,-9.73089675603638,-10.3950866920958
6.1711936,9.635045,16.830455,11.837044,21.043874,-10.7664734153071,-10.6776716406857
6.2011472,9.606062,16.741163,11.876472,21.024434,-11.310532608255,-10.854714534229
6.2349328,9.596401,16.880062,11.817330,20.927235,-10.2774697945712,-10.6276570262085
6.2811568,9.615723,17.108255,11.718760,20.800876,-8.54223448586137,-10.2912391560558
6.3225424,9.731655,16.722111,11.314622,20.237122,-6.39028370983567,-10.910922938296
6.3524736,9.779960,17.055568,11.166767,19.906645,-3.20644028525286,-10.6569264065482
6.3949584,9.857248,17.310565,10.920341,19.430369,0.656988600049976,-10.5462658122476
6.424952,9.944197,17.663638,10.604917,18.633337,6.42793148202775,-10.6041430156314
6.4636752,10.002163,17.653830,10.496490,18.497259,7.52489332413935,-10.6867138739739
6.5063552,10.214705,18.369784,10.437348,18.166782,12.5630765562206,-10.5208953509163
6.5416608,10.378942,18.722856,10.388063,17.933504,15.5790943816961,-10.6407244513166
6.5686848,10.494874,19.252465,10.299349,17.583588,19.6414442459289,-10.4523670636024
6.608704,10.610806,19.664384,10.082495,17.068433,24.4160929515392,-10.3441466220518
6.6498864,10.746061,20.664756,9.727643,15.722286,35.3338003260341,-10.2805176308253
6.6799136,10.977925,21.253211,9.550216,15.107948,41.4574084357327,-10.4574860354211
6.7112112,11.316060,21.684744,9.500931,14.581373,46.4627667043601,-11.3318736090413
6.7625696,11.847416,21.782820,9.569930,13.898776,51.1665366405738,-13.7060746899642
6.7937168,12.224195,22.067240,9.569930,13.537975,54.8196978263043,-14.7551354998212
6.8237248,12.620296,22.420313,9.491074,13.177173,59.0534662291755,-15.5442181944714
6.8649456,12.842499,22.508581,9.530502,12.835875,61.3434633143546,-16.5647164594909
6.9148976,13.103347,23.273572,9.086937,12.280045,68.9143929831209,-15.8027854853841
6.946176,13.219279,23.479531,8.899653,12.016758,71.9427545339776,-15.7161161706738
6.9986176,13.373855,24.018948,8.544801,11.646205,77.3116706212591,-14.970881301663
7.027504,13.538092,24.195484,8.298375,11.334161,80.950849250942,-14.9735660513002
7.0636784,13.683007,24.470096,8.032236,11.168387,84.1796358030479,-14.5104017252281
7.1098752,14.040465,25.382201,7.795667,10.788083,90.4154671490435,-14.0142340806852
7.1416064,14.291651,25.647005,7.657669,10.368773,94.4796841431885,-14.5206263251702
7.1712096,14.707074,26.255075,7.470386,9.998221,99.6866567913327,-14.7228007947104
7.2112032,14.967921,26.519880,7.233818,9.676425,103.754208384655,-14.8660664243445
7.2417632,14.900294,26.549302,6.869108,9.364380,107.280211002523,-14.2315735921145
7.2724896,14.542837,26.971028,6.533969,9.383883,109.126566488202,-11.8586235431139
7.3061552,14.281990,27.186795,6.415685,9.530154,108.879771027298,-10.3779614430856
7.346184,13.596058,27.912556,6.346686,9.851950,107.59274929414,-6.97845889576853
7.3761808,13.016398,28.461780,6.149546,10.056729,107.487373958956,-3.93926372632544
7.406152,12.543008,28.726584,6.228402,10.329768,105.153947186525,-2.19598468874731
7.4416144,12.417415,28.765815,6.307258,10.437033,103.9762315315,-1.88457398086669
7.4786432,12.388432,28.608894,6.326972,10.485790,103.209133197313,-1.99772785580262
7.507944,12.359449,28.530433,6.218545,10.437033,103.812770736037,-1.79273051324809
7.5736208,12.436737,28.491203,6.119975,10.378525,104.73741023276,-1.86079171270686
7.6086816,11.944026,30.374257,5.567982,10.622309,109.319162126141,3.57293486349245
7.6399248,12.175890,30.658677,5.262414,10.320016,113.636930446367,3.75361832755937
7.6775056,12.311144,30.413488,5.094845,10.027475,115.942797968543,3.21028461122594
7.7211424,12.417415,29.981954,4.917419,9.569159,118.869630004114,2.33650334941972
7.7511824,12.784533,29.903494,4.907562,9.471646,120.034601445031,1.12985526782042
7.7836848,13.373855,30.305604,5.183558,9.559408,119.869383441034,-0.607505113561714
7.8311952,13.596058,30.119260,5.272271,9.461894,119.985164628585,-1.78680183847237
7.862504,13.480126,29.501383,5.262414,9.140098,120.461047210495,-2.65359145131841
7.8961472,13.325550,29.795610,5.124416,9.374132,120.183890857612,-1.19127676945553
7.9575488,13.315889,30.089838,5.173701,9.481397,119.844159502446,-0.792213652725962
7.9849024,12.948771,29.452345,5.183558,9.413137,118.249504330638,-0.717240970176704
8.0186832,12.794194,30.158491,5.084988,9.764187,117.900650244861,1.29025035942276
8.066168,12.475381,31.021557,5.242700,10.329768,114.985638530768,3.42543751540529
8.098672,12.272500,30.413488,5.360985,10.232254,113.283589883581,2.82913785283473
8.1412352,12.098602,29.903494,5.449698,10.232254,111.422302925646,2.4540485308782
8.2300016,12.050297,29.736765,5.705980,10.476039,108.265855805254,1.97709252477588
8.2798976,11.924704,29.275809,6.179117,11.178139,100.790811329146,1.32598624065254
8.3111888,11.876399,28.481395,6.573397,11.314658,96.157517374156,-0.405797788399703
8.3425104,11.808772,27.892940,6.671968,11.382918,93.780334442468,-1.13972453751858
8.3752448,11.750805,27.647751,6.790252,11.577946,91.4556525638331,-1.36496781602984
8.4225088,11.673517,27.471215,6.987392,11.782725,88.8027725239397,-1.64967449458082
8.4561232,11.567246,27.000451,7.145104,11.928995,85.8545075656536,-2.20115278516468
8.4862496,11.470636,26.215845,7.480243,11.909493,82.0401638773813,-3.8874330450978
8.5249152,11.422331,25.705851,7.874524,12.163029,77.3636414853239,-5.14877850292694
8.5576768,11.422331,25.480277,8.229376,12.523830,73.2791113841649,-5.89784556122733
8.5875328,11.470636,25.137011,8.751798,12.689604,69.2015315322515,-7.61305625682217
8.6211856,11.605890,24.989898,8.988366,12.533582,68.7904516750033,-8.97787015778221
8.6575056,11.654195,24.911437,9.116508,12.397062,68.7465288236845,-9.7241441137298
8.6875424,11.576907,24.852592,9.215078,12.309300,68.3189328095602,-9.98420027947273
8.7186448,11.528602,24.960475,9.185507,12.270294,68.806406012015,-9.69047809721221
8.7699296,11.393348,25.068358,9.096794,12.163029,69.6561556672765,-9.12118644511192
8.811248,11.296738,25.215472,9.027794,12.221537,69.8452745402857,-8.41141706852675
8.8416992,11.335382,25.627390,8.988366,12.426316,70.2994420208931,-7.56192485721039
8.8936752,11.586568,25.745081,8.899653,12.280045,72.401861217253,-8.0133903173532
8.9237312,11.982670,25.990271,8.889796,12.085018,75.0671952093841,-8.91632858030177
8.9549168,12.146907,26.176615,8.919367,12.055764,75.9765873034004,-9.1837858722833
9.007496,12.427076,26.294305,9.017937,11.919244,77.1760176998011,-10.1425801776101
9.034928,12.407754,25.813734,9.067222,11.850984,75.9816949615185,-10.977157762083
9.066184,12.330466,25.244895,9.205221,11.909493,73.3586046092358,-11.847269824069
9.1099328,12.311144,24.666248,9.313648,12.104520,70.3228421054564,-12.6171169177123
9.1386656,12.233856,23.695298,9.520645,12.650598,63.9036481721301,-13.5550608273087
9.1686368,12.079280,22.920499,9.629072,13.118665,58.5713033769569,-13.8945290775531
9.1999344,12.117924,22.645887,9.707929,13.333195,56.5430549420035,-14.2728484550036
9.2511648,11.770127,20.949176,9.974068,14.045047,45.8352357546118,-15.5629121444683
9.284936,11.596229,20.213608,10.190922,14.240075,41.0423969913931,-16.5101210408605
9.3186864,11.518941,19.997841,10.210636,14.425351,39.1667047517895,-16.4148701890177
9.3524768,11.190467,19.546693,10.328921,15.088445,33.1475391428118,-15.5586924270569
9.383728,11.074535,19.409387,10.368349,15.400490,30.7843722987022,-15.0960306400195
9.4225456,10.890976,19.487847,10.250064,15.858805,29.0028537971158,-13.5162444031347
9.4787616,10.784705,19.213235,10.397920,16.728236,23.5214772385976,-12.7315706468629
9.5137184,10.630128,18.546320,10.328921,16.485238,21.7717435830305,-13.5327266982271
9.5461824,10.369281,18.222670,10.397920,17.068433,16.9845511926817,-12.6493772300376
9.5987216,10.436908,18.340361,10.614774,17.564148,14.9118498144176,-12.4566393053787
9.628688,10.272671,18.006903,10.604917,18.147342,10.8430612072056,-11.6488803083738
9.6591536,10.185722,18.114787,10.772486,18.487539,9.02844335601328,-11.2015965510041
9.6986864,10.253349,18.016711,10.841485,18.584738,8.29903539834113,-11.5461825046628
9.7299616,10.137417,17.742099,10.861199,18.477819,7.11505486643878,-11.8588075769721
9.7599312,10.301654,17.879405,11.087911,18.429219,7.62411294145012,-12.7080848869182
9.7912816,10.378942,17.869597,11.038626,18.176502,8.99571624676827,-13.1641501197697
9.8325136,10.456230,18.046133,11.137196,18.127902,9.77886794166024,-13.4113389357046
9.86252,10.765383,18.163824,11.225909,18.050143,11.3473087202246,-14.3288081390737
9.8936848,10.968264,18.252093,11.176624,17.991824,12.829904767506,-14.6577870183214
9.9361712,11.219450,17.879405,11.383621,17.777986,12.4042399189434,-16.6413611685882
9.9649376,11.422331,17.948058,11.492048,17.826585,12.828353552368,-17.2048298489762
9.9961936,11.625212,17.889212,11.600476,17.797426,13.0656501520556,-18.0722192192921
10.0299728,11.654195,17.614600,11.659618,17.632187,12.5523657284004,-18.9552036220496
10.0686656,11.770127,17.379218,11.994756,18.040423,9.39700746534885,-19.7359890268966
10.1087152,11.702500,16.957492,12.191897,18.137622,6.51003166866571,-20.5392279788878
10.1399648,11.557585,16.378845,12.389037,18.263981,2.59908680571026,-21.3730778351306
10.1886368,11.335382,16.641948,12.724175,18.720816,0.00331251874293237,-20.5002656913713
10.2224736,11.093857,16.334384,12.911459,19.041573,-3.85964203226563,-20.3558145254412
10.2499408,10.861993,16.215327,13.039600,19.430369,-6.96897963357834,-19.7017014635591
10.2898864,10.678434,16.195484,13.187455,19.887205,-9.75610582940432,-18.9533090534068
10.322568,10.388603,15.947449,13.128313,19.809446,-11.4755708281299,-18.6442633794989
10.3524752,10.369281,16.255013,13.177598,19.760846,-10.3133860105268,-18.3201586356385
10.3849312,10.282332,16.294698,13.197312,20.130203,-11.759378367052,-17.5499604395486
10.4238048,10.021485,16.274856,13.128313,20.499559,-13.8506354387488,-16.2656294939276
10.4524784,9.721994,15.907763,12.960744,20.645358,-16.515157528121,-15.491449971508
10.48868,9.509451,16.026820,12.763603,20.820316,-16.833307900761,-14.0823012618218
10.5349232,9.316231,15.957370,12.467893,20.849476,-17.0851620017485,-12.9555471714255
10.5649232,9.123011,16.086349,12.290467,21.170232,-17.8110630988283,-11.4008906260585
10.5961824,9.026401,16.453441,12.142611,21.403510,-16.9486919157549,-9.95483205250132
10.6374624,8.978096,16.800691,12.053898,21.510429,-15.7663601940999,-8.99139335342831
10.6675456,8.910469,17.138019,11.984899,21.578468,-14.6553158731964,-8.10454349034497
10.703792,8.833181,17.237234,11.817330,21.714547,-14.465663902274,-7.18070167555438
10.756208,8.620639,17.237234,11.570905,21.578468,-14.1153823357408,-6.20389625547254
10.801144,8.581995,16.457306,11.501905,21.578468,-17.3161483921828,-6.97307697007293
10.8325088,8.553012,16.604420,11.462477,21.471549,-16.3450206445061,-6.74284316975312
10.8599344,8.591656,16.771149,11.442763,21.481269,-15.447914113922,-6.55356437803493
10.9011648,8.610978,16.908455,11.314622,21.257712,-13.6477591015651,-6.38962764286998
10.9311856,8.668944,17.084991,11.147053,21.141073,-11.7354508292891,-6.02605809598297
10.9625104,8.659283,17.202682,11.107625,21.092473,-10.9960013374605,-5.80647740631184
11.02252,8.610978,17.457679,10.949913,21.131353,-9.74832141324418,-4.88142541244791
11.0561776,8.649622,17.663638,10.851342,21.014714,-8.02593364799069,-4.60783029224285
11.089928,8.639961,17.810752,10.762629,20.907795,-6.80588417652271,-4.29842346773493
11.139904,8.707588,17.899020,10.693630,20.849476,-5.74188217488221,-4.2556391642882
11.1754256,8.765554,18.163824,10.664059,20.820316,-4.2448388222619,-4.02261899024612
11.2090064,8.746232,18.154017,10.624631,20.820316,-4.22646181991019,-3.88214849439738
11.2561424,8.678605,18.036326,10.526061,20.703677,-4.23134640295366,-3.75143291634688
11.2887264,8.678605,18.075556,10.496490,20.693957,-3.9379829618499,-3.63515607276786
11.3161456,8.697927,18.154017,10.427491,20.830036,-3.77656563772877,-3.22618259916896
11.38112,8.620639,18.359976,10.417634,20.888355,-3.42875610496311,-2.65724640862133
11.4090992,8.639961,18.310938,10.447205,20.849476,-3.51537177985573,-2.8985242610332
11.4412032,8.524029,18.281515,10.358492,20.868915,-3.85894367825071,-2.37083233736597
11.4911552,8.533690,18.359976,10.328921,20.888355,-3.47074995093778,-2.19315048880846
11.521184,8.388774,18.428629,10.250064,20.956395,-3.73911521809456,-1.42492670386797
11.549944,8.456402,18.497282,10.240207,21.034154,-3.42745077192861,-1.39431088542892
11.6024864,8.398436,18.507090,10.220493,21.131353,-3.88628864007791,-1.05344362366747
11.63248,8.330808,18.438437,10.200779,21.131353,-4.3650063185963,-0.906343125888228
11.6636848,8.301825,18.477667,10.210636,21.189672,-4.55765512559662,-0.73336560357631
11.7024624,8.214876,18.458052,10.161351,21.170232,-4.75085266728859,-0.41710618364116
11.7337056,8.185893,18.467859,10.181065,21.170232,-4.89584362096329,-0.380001940355342
11.7662224,8.195554,18.369784,10.230350,21.238272,-5.65463467083852,-0.575621533192439
11.7949696,8.156910,18.399206,10.200779,21.267431,-5.69054304856811,-0.319595689091265
11.8449264,8.195554,18.330553,10.348635,21.257712,-6.28266517585314,-0.916890280905982
11.8749776,8.185893,18.212862,10.368349,21.267431,-6.89948337309935,-1.07910121407958
11.9062048,8.301825,18.104979,10.486633,21.170232,-6.93828889040126,-1.96222881628978
11.9575424,8.311486,18.163824,10.604917,21.316031,-7.55188287946855,-2.04158390955744
11.9887392,8.243859,18.026518,10.604917,21.296591,-8.320110346973,-2.06139447316738
12.0449536,8.224537,17.879405,10.575346,21.306311,-8.93473990505133,-2.10648416686627
12.079976,8.214876,17.948058,10.526061,21.354911,-8.69047663396303,-1.80068460614862
12.1099408,8.156910,17.977480,10.526061,21.510429,-9.32896214284898,-1.41279973304416
12.1537232,8.156910,17.977480,10.565489,21.627068,-9.84948073467733,-1.37098687002167
12.1937808,8.098944,17.987288,10.535918,21.559029,-9.72180291452303,-1.21130908793901
12.2211648,8.118266,17.908827,10.545775,21.520149,-9.86797073102492,-1.43665276339512
12.2625568,8.079622,17.849982,10.575346,21.461830,-10.173723188844,-1.56049049079268
12.3136704,8.156910,17.879405,10.595060,21.471549,-9.83232799285841,-1.76920307160279
12.3486336,8.214876,17.840174,10.604917,21.413230,-9.59331153791905,-2.07314824709152
12.37752,8.234198,17.771521,10.664059,21.461830,-10.1559609479997,-2.30665244988774
12.4161616,8.301825,17.810752,10.683773,21.325751,-9.3282059421745,-2.66139636848361
12.4475136,8.369452,17.693061,10.762629,21.267431,-9.60248547482961,-3.27416382983541
12.4849552,8.514368,17.653830,10.821771,21.150793,-8.97640989916794,-4.01214267827778
12.5275168,8.842842,17.467486,10.979484,20.907795,-8.10929286285642,-5.84280469514152
12.5686752,9.258265,17.232105,11.166767,20.577318,-6.89446478861628,-8.15338844751992
12.5998896,9.451485,17.006530,11.225909,20.353760,-6.4680512770423,-9.41591180520344
12.666232,9.673689,16.908455,11.344193,20.217682,-5.90466340271496,-10.6025105052752
12.701192,10.127756,16.653458,11.501905,19.828886,-4.31231054027959,-13.0482053823442
12.7311904,10.311315,16.496536,11.492048,19.702527,-3.73646372838011,-13.8913287396675
12.7711408,10.369281,16.359230,11.610333,19.556728,-3.96048560026667,-14.7436070149254
12.8037008,10.465891,17.237234,11.649761,19.585888,-0.338599232817842,-13.7377970481274
12.8349424,10.581823,17.197548,11.649761,19.556728,0.058638740835173,-14.1176190523594
12.8649424,10.620467,17.187627,11.787759,19.508129,-0.138480800331005,-14.6272966880294
12.9137952,10.630128,17.108255,11.837044,19.634487,-1.01275654195161,-14.6996256480191
12.9449648,10.678434,17.088412,11.925757,19.566448,-0.972983698082903,-15.155069493702
12.9786928,10.697756,17.098334,11.906043,19.420650,-0.291182166561567,-15.3540104003414
13.026208,10.755722,16.979277,11.984899,19.352610,-0.565726483276501,-15.9562838899137
13.0561872,10.958603,16.860220,12.053898,19.177652,0.125138321063618,-17.0389447540275
13.0874784,11.016569,16.761005,12.044041,19.119333,0.200821096144395,-17.3900021339741
13.1399632,11.055213,16.810613,12.132754,19.012414,0.60615334806101,-17.7761852802541
13.1699312,11.190467,16.711398,12.241182,18.963814,0.538536100256733,-18.5708555099588
13.1999968,11.267755,16.552655,12.260896,18.886055,0.423965035837009,-19.1597453314614
13.2412224,11.306399,16.622105,12.379180,18.779136,0.80308153270707,-19.5813601347542
13.2763568,11.489958,16.433598,12.546749,18.604178,0.80955647602077,-20.955639255764
13.3125072,11.625212,16.393913,12.753746,18.429219,1.06737566134859,-22.073760617068
13.3587008,11.760466,16.324463,12.921316,18.118182,1.81848281288394,-23.3648590286673
13.3936912,11.963348,16.294698,13.039600,17.816865,3.12102497241255,-24.6195340592144
13.4237424,12.059958,16.076427,13.128313,17.641907,2.95727241997134,-25.6771917149013
13.4687536,12.166229,16.036741,13.207169,17.428069,3.68770263458689,-26.5078952770516
13.4962352,12.233856,16.116113,13.266311,17.398909,4.14382096151525,-26.7027963625829
13.5275184,12.311144,16.225249,13.325453,17.330870,4.88368953786692,-26.9328345214422
13.5590144,12.369110,16.225249,13.384595,17.272551,5.10017982365456,-27.2854906635855
13.5974496,12.398093,16.225249,13.364881,17.272551,5.2792658367639,-27.3056518932489
13.62872,12.427076,16.185563,13.443738,17.097592,5.57853740941968,-27.9002675468064
13.6588592,12.514025,16.106191,13.581736,17.048993,5.2911208425245,-28.602669366136
13.6937216,12.485042,16.056584,13.562022,16.990673,5.26961068742334,-28.680931136151
13.7413424,12.591313,15.887920,13.700020,16.796275,5.23276859254214,-29.8277050673445
13.7737136,12.649279,15.858156,13.818304,16.737956,5.12739350105444,-30.3563476052499
13.8149744,12.620296,15.937527,13.808447,16.757396,5.28443369359802,-30.1029320772242
13.8511968,12.687923,15.868077,13.936588,16.728236,4.92797554437853,-30.6894314439083
13.8825024,12.687923,15.788706,13.966159,16.737956,4.48865366893948,-30.8727785085781
13.9337248,12.755550,15.768863,13.976016,16.631037,5.01219281675727,-31.2571184127584
13.9762288,12.774872,15.739099,14.005587,16.650477,4.79962739013258,-31.37833308815
14.0049248,12.745889,15.709334,14.035159,16.631037,4.54095217066845,-31.4654574399131
14.0349424,12.745889,15.679570,14.084444,16.660197,4.15168256004197,-31.5703965631653
14.0861728,12.861821,15.590277,14.163300,16.524118,4.454298553699,-32.3748260933163
14.1175232,12.929449,15.391849,14.340726,16.349160,3.94756411633431,-33.5482169201506
14.1487152,12.977754,15.401770,14.340726,15.829551,6.01575193380662,-34.5666014641961
14.1999584,13.016398,15.391849,14.429439,15.780794,5.98202019679258,-34.9373255831567
14.2299728,13.180635,15.352163,14.587151,15.780794,5.89202586554039,-35.6719885694507
14.260056,13.161313,15.352163,14.646293,15.712534,5.85124118755544,-35.8781273564505
14.3111552,13.141991,15.272792,14.744864,15.517506,5.82042200598192,-36.5442294207302
14.3428976,13.141991,15.133892,14.932147,15.478501,4.7620864915742,-37.254518836941
14.3725264,13.199957,15.084285,14.932147,15.390738,5.10649782809806,-37.6277969396635
14.4074816,13.209618,15.094206,14.991289,15.439495,4.79730208962591,-37.6573399465477
14.4449696,13.122669,15.074363,14.971575,15.556512,4.04360640997418,-37.2609103557392
14.4737072,13.113008,15.163656,14.843434,15.585766,4.69914321208043,-36.761494734158
14.5062864,13.035720,15.183499,14.902576,15.722286,3.78655503834455,-36.4361552050076
14.556208,12.968093,15.203342,14.774435,15.858805,3.57385176244883,-35.7496548868178
14.5949808,12.929449,15.193420,14.715293,15.849054,3.63070262979781,-35.5850394169308
14.6266992,12.871482,15.143813,14.725150,16.368600,1.36191274351281,-34.6330137956114
14.6775856,12.823177,15.203342,14.705436,16.485238,1.06917836740471,-34.1767188139638
14.7087792,12.745889,15.104128,14.823720,16.553278,-0.255186512690138,-34.3169613996107
14.7387488,12.745889,15.084285,14.863148,16.592157,-0.600900592558849,-34.3639310656014
14.7799904,12.697584,14.955306,14.863148,16.553278,-1.15662213743383,-34.566039284986
14.81024,12.610635,14.816406,14.892719,16.426919,-1.70801056778755,-34.9275949355769
14.851536,12.649279,14.806485,14.912433,16.485238,-1.8633852839468,-34.96005241418
14.9015584,12.649279,14.826328,14.981432,16.660197,-2.61943349752853,-34.7497000505692
14.9349744,12.687923,14.776721,15.119430,16.572718,-2.8342421104463,-35.3592525000008
14.9640384,12.687923,14.717192,15.089859,16.562998,-2.9343190544239,-35.4244205481384
15.0025232,12.736228,14.727114,15.099716,16.504678,-2.54070001437601,-35.6311977155987
