0.0328896,12.433673,17.134029,11.938387,16.631037,-1.12539107735411,-1.03859606364294
0.0702096,12.366056,17.212489,11.879250,16.718516,-1.19301281539157,-0.477450021871459
0.100216,12.279120,17.477294,11.790543,16.621317,0.161443093328731,0.197880274994688
0.130208,12.240481,17.565562,11.711693,16.650477,0.53111465183102,0.658297256360711
0.1713888,12.114907,17.771521,11.691981,16.553278,1.26928257906262,1.16913919301323
0.2027088,12.047290,17.967673,11.573706,16.621317,1.9259600544997,2.02284892155942
0.242672,11.873418,18.183440,11.494856,16.708796,2.04370648262284,3.09209994710051
0.2814848,11.689886,18.291323,11.376581,16.747676,2.07604352331091,4.03233984957123
0.315208,11.506354,18.379591,11.248449,16.786555,2.07561332590194,4.97083636190946
0.3456944,11.438737,18.605165,11.238593,16.903194,2.23454772272448,5.68195923832961
0.3764304,11.332482,18.556127,11.169599,16.971234,1.67778754287216,6.13125664525154
0.4276512,11.429078,18.644396,11.140031,17.097592,1.97329567512687,6.29622229838608
0.4677136,11.371120,18.565935,11.169599,17.068433,1.48002628728275,6.20116921817169
0.5014752,11.380780,18.359976,11.228737,17.087872,0.467812064609247,5.75186339540316
0.5502464,11.351801,18.252093,11.258306,17.010113,0.153073866337007,5.46562069619059
0.5802224,11.332482,18.203055,11.297731,17.204511,-0.988401002323059,5.64059495464697
0.6114256,11.303503,18.154017,11.396293,17.214231,-1.68500442710104,5.4137160862222
0.6614064,11.235886,18.006903,11.386437,17.321150,-2.84343805228792,5.53755058268284
0.693928,11.235886,17.948058,11.396293,17.505828,-3.79251348446425,5.70677895804242
0.7227136,11.226227,17.997096,11.386437,17.544708,-3.75519912267801,5.88778212044107
0.7639568,11.090993,17.997096,11.425862,17.680787,-4.91197888003828,6.32449770756787
0.793912,11.062014,18.006903,11.396293,17.739106,-5.09022005562869,6.568361272859
0.8251792,10.936440,18.095171,11.356868,17.836305,-5.44367438251076,7.24540124484236
0.8577424,10.926780,18.065749,11.386437,17.807145,-5.59101381099573,7.10936583060948
0.8965168,10.917121,18.183440,11.347012,17.855745,-5.22242094791548,7.47708074726308
0.9264432,10.839844,18.124594,11.307587,17.855745,-5.58372008625579,7.67188986483944
0.9564016,10.839844,18.046133,11.356868,17.807145,-5.87987754982901,7.36193542006451
0.9977088,10.801206,18.006903,11.347012,17.807145,-6.13548578544317,7.42074645687879
1.0289664,10.762568,18.046133,11.347012,17.846025,-6.27752016583971,7.63191905540026
1.0790112,10.820525,18.046133,11.366724,17.846025,-6.13303792660772,7.44323986708476
1.1214592,10.878483,17.957865,11.396293,17.855745,-6.39224121168292,7.11315676194812
1.150208,10.888142,17.977480,11.435718,17.875185,-6.50001151874201,7.05324819173182
1.1789856,10.994397,17.869597,11.494856,17.758546,-6.29355750982094,6.31538378880643
1.2114576,10.955759,17.889212,11.435718,17.748826,-6.10982950088247,6.56593565418718
1.2526672,10.907461,17.977480,11.544137,17.787706,-6.50489205965769,6.61347773091405
1.2827104,10.975078,17.879405,11.435718,17.729386,-6.00201431859725,6.47496259911801
1.3127488,11.004057,17.879405,11.455431,17.729386,-5.9664946235612,6.35762721132514
1.3527408,11.033036,17.889212,11.435718,17.777986,-5.92832160547887,6.42393887393337
1.3839632,11.033036,17.889212,11.445574,17.671067,-5.5680679298804,6.23785186066978
1.4152352,11.013716,17.938250,11.475143,17.719666,-5.74711639346669,6.3615052760788
1.4451776,11.042695,17.938250,11.465287,17.729386,-5.63831675054216,6.33027981202262
1.4965616,10.994397,17.889212,11.465287,17.690507,-5.85823783229709,6.31298126872758
1.5264672,11.062014,17.977480,11.484999,17.671067,-5.27660163808363,6.20758947000909
1.557656,11.062014,17.987288,11.455431,17.690507,-5.20243545271127,6.32294750885435
1.6089104,11.081333,17.957865,11.455431,17.661347,-5.13173706453285,6.18764641759101
1.638984,11.090993,17.948058,11.475143,17.651627,-5.16943273368756,6.08746710566639
1.670216,11.090993,17.889212,11.406149,17.603027,-4.95109449882144,6.08959896986858
1.7226864,11.052355,17.977480,11.406149,17.641907,-4.91085517599198,6.37608457295161
1.7714304,11.081333,18.016711,11.376581,17.671067,-4.65528312941662,6.48120390367107
1.8064576,11.071674,18.046133,11.416006,17.622467,-4.54759021511646,6.38054292737337
1.8414848,11.119972,18.095171,11.297731,17.573868,-3.562476199096,6.549671020551
1.87272,11.090993,18.222670,11.307587,17.554428,-3.16212852206625,6.75913482419282
1.9039616,11.042695,18.173632,11.327299,17.564148,-3.63248154130379,6.76871444834082
1.943904,11.023376,18.163824,11.297731,17.593308,-3.73891766051323,6.91599791979491
1.9752192,11.033036,18.173632,11.337156,17.603027,-3.8507205709328,6.82692987351455
2.0052256,11.062014,18.242285,11.228737,17.622467,-3.15615802855558,7.15142753619367
2.0389648,11.062014,18.271708,11.258306,17.612747,-3.12197468583338,7.10957935107971
2.0764832,11.052355,18.271708,11.248449,17.603027,-3.08420527921033,7.14212623169601
2.1076672,11.062014,18.291323,11.228737,17.554428,-2.71961183919947,7.12286435605504
2.137752,10.975078,18.281515,11.209024,17.544708,-2.96620544760488,7.35188516517099
2.1814576,11.090993,18.320746,11.248449,17.525268,-2.46894294309419,7.00561824886078
2.2101664,11.042695,18.340361,11.238593,17.505828,-2.46429042935899,7.14640938573901
2.2514608,11.071674,18.271708,11.209024,17.515548,-2.53576931600494,7.05913956132736
2.2852144,11.071674,18.301130,11.199168,17.486389,-2.28017975221282,7.08339057221909
2.322744,11.187589,18.203055,11.297731,17.389190,-2.21961001889891,6.27031601039862
2.3740064,11.119972,18.193247,11.199168,17.398909,-2.16939202788417,6.6711377003824
2.4039664,11.139291,18.242285,11.199168,17.457229,-2.13778404408144,6.78703616419201
2.4539472,11.158610,18.350168,11.228737,17.466949,-1.81851373920707,6.84655262024204
2.4840048,11.197248,18.301130,11.248449,17.466949,-1.93098610819099,6.63204548999065
2.52392,11.197248,18.330553,11.218881,17.437789,-1.60151550983916,6.70363480265062
2.5652144,11.062014,18.379591,11.179456,17.447509,-1.80566386397131,7.2140929347597
2.5951936,11.071674,18.409014,11.169599,17.437789,-1.58805793080848,7.2441901825037
2.6290496,10.936440,18.438437,11.090749,17.486389,-1.86269938997199,7.88149571483993
2.6802544,10.897802,18.546320,11.120318,17.554428,-1.97691107168249,8.16587094107592
2.7076656,10.849504,18.595358,11.041468,17.622467,-1.93337894070932,8.64978803644517
2.7365168,10.849504,18.614973,11.031612,17.690507,-2.08077223468703,8.80325212837504
2.7876288,10.694951,18.752279,10.962618,17.787706,-2.25037870804088,9.69518372366835
2.8176912,10.685291,18.752279,10.913337,17.787706,-2.1002047498155,9.84031134950354
2.8590784,10.694951,18.781702,10.883768,17.768266,-1.77164240400507,9.90393769563225
2.9115056,10.636993,18.860162,10.834487,17.709946,-1.28919526319209,10.1981849972952
2.9402336,10.665972,18.958238,10.844343,17.768266,-1.08222207171945,10.32889696595
2.9727024,10.752908,18.909200,10.824630,17.690507,-0.574607215989338,9.97920870601253
3.0301712,10.685291,18.713049,10.854199,17.777986,-1.98456343255667,9.91489366945664
3.0614064,10.791546,18.634588,10.893624,17.641907,-1.51632510181654,9.2413020308933
3.0926912,10.868823,18.654203,10.923193,17.603027,-1.12525193017357,8.95034308822715
3.1539952,11.004057,18.575743,11.041468,17.554428,-1.18134793555177,8.14284136957287
3.1927184,11.168270,18.389399,11.061181,17.573868,-1.4104184250846,7.44749117226599
3.230288,11.216567,18.242285,11.080893,17.447509,-1.36902070700085,6.87148275359647
3.2677088,11.245546,18.203055,11.140031,17.476669,-1.74113534608079,6.64332355296882
3.2978656,11.313163,18.124594,11.159743,17.418349,-1.63488621682228,6.22519987908262
3.3309568,11.332482,18.104979,11.199168,17.437789,-1.85867174236294,6.08364000602996
3.3789088,11.255206,18.104979,11.149887,17.525268,-2.28743786203213,6.52127527136222
3.41016,11.255206,18.193247,11.218881,17.525268,-2.22263531012384,6.48882892506035
3.4417664,11.168270,18.310938,11.199168,17.671067,-2.58339595251672,7.14224304520072
3.4951792,11.042695,18.340361,11.149887,17.641907,-2.64252557616263,7.56523658103599
3.5240304,10.965419,18.379591,11.080893,17.651627,-2.55970646297453,7.99371488280512
3.5527344,10.878483,18.487474,11.021755,17.748826,-2.62575737048677,8.65443433413997
3.5951856,10.820525,18.605165,10.972474,17.777986,-2.33008985866004,9.13319794924121
3.6377184,10.772227,18.605165,10.982330,17.816865,-2.69121274050429,9.28449751352851
3.6752288,10.733589,18.634588,10.962618,17.826585,-2.6876093153787,9.48509668068743
3.7176512,10.685291,18.634588,10.923193,17.904344,-3.0097967112864,9.8144892435233
3.745192,10.608015,18.614973,10.933049,17.826585,-3.11282693249895,9.83879037607717
3.7764304,10.588696,18.634588,10.883768,17.894625,-3.1823076489922,10.1362791802992
3.8101888,10.617674,18.713049,10.942905,17.894625,-3.00728578166941,10.032608860741
3.858944,10.646653,18.683626,10.923193,17.914064,-3.00790087016195,9.99524673932336
3.889008,10.608015,18.664011,10.933049,17.904344,-3.22361009646936,10.0236180515975
3.9202048,10.617674,18.664011,10.893624,17.894625,-3.00327042050806,10.0830162781483
3.9703024,10.588696,18.801317,10.864055,17.933504,-2.63857636629792,10.4831794665109
4.0040064,10.530738,18.889585,10.873912,17.933504,-2.56404375319337,10.7295137548986
4.0315232,10.540398,18.811124,10.814774,17.991824,-2.814389799617,10.8231543748319
4.0939568,10.463121,18.811124,10.824630,17.923784,-2.88089737384905,10.8926304667381
4.1226688,10.501759,18.811124,10.883768,17.904344,-2.88749051762236,10.6217218821701
4.1540096,10.579036,18.811124,10.903480,17.904344,-2.67660771373913,10.3816092351192
4.215208,10.569376,18.752279,10.854199,17.826585,-2.45081469538552,10.3295624353261
4.2467824,10.636993,18.693434,10.903480,17.836305,-2.64087502370967,9.96887083737423
4.3089328,10.743249,18.624781,10.913337,17.758546,-2.24617087240013,9.46859310067083
4.3364416,10.752908,18.595358,11.021755,17.787706,-2.83715698406881,9.17802441470144
4.3677808,10.830185,18.595358,11.061181,17.719666,-2.4449704349096,8.79226072699325
4.3990272,10.839844,18.487474,11.090749,17.641907,-2.62549262761058,8.42196837465976
4.4389584,10.830185,18.448244,11.061181,17.593308,-2.51121356178155,8.38747503109407
4.4689632,10.859163,18.477667,10.992187,17.651627,-2.25520365606645,8.61574744039329
4.5002528,10.878483,18.565935,11.011899,17.671067,-2.0068446951283,8.67956754921537
4.5401856,10.839844,18.565935,11.041468,17.622467,-2.07713038132433,8.62990647829596
4.5702416,10.926780,18.467859,11.110462,17.641907,-2.4515501509285,8.13269321414566
4.601504,10.926780,18.409014,11.100606,17.612747,-2.52147471327941,8.0257322289288
4.6315088,10.878483,18.516897,11.120318,17.651627,-2.52249377021172,8.31355431153899
4.6815216,10.965419,18.467859,11.110462,17.583588,-2.08961358052658,7.95188021526191
4.7128112,10.888142,18.477667,11.021755,17.622467,-2.14988942142207,8.4291656205221
4.7439888,10.888142,18.497282,11.071037,17.651627,-2.37360803840457,8.38111455572207
4.783984,10.839844,18.516897,11.051324,17.651627,-2.40499880803688,8.57637126657399
4.81524,10.878483,18.556127,11.031612,17.651627,-2.0439303360591,8.58814731299566
4.8452256,10.926780,18.526705,11.051324,17.671067,-2.12218332282094,8.40733992053774
4.8765072,10.926780,18.497282,11.061181,17.603027,-2.01088772347456,8.23874830255666
4.9177664,10.936440,18.458052,11.120318,17.622467,-2.41601241132588,8.04169285829171
4.95644,10.946099,18.448244,11.061181,17.564148,-1.97335560285224,8.06079001039198
4.9864896,10.975078,18.536512,11.110462,17.603027,-1.87532763317329,8.05942997901772
5.0376736,10.975078,18.526705,11.090749,17.603027,-1.83697382517241,8.09279084503066
5.0677424,10.946099,18.497282,11.080893,17.641907,-2.16085890801749,8.20135279590916
5.099,10.926780,18.448244,11.100606,17.612747,-2.37682805002501,8.08416203199747
5.1402224,10.926780,18.477667,11.140031,17.612747,-2.41698265012905,8.03195151718673
5.1702384,10.897802,18.467859,11.031612,17.671067,-2.37108991252275,8.43900727955579
5.2002528,10.917121,18.507090,11.011899,17.651627,-2.00776910473496,8.46930379421565
5.232712,10.917121,18.595358,11.051324,17.690507,-1.97884679357633,8.56111859369356
5.271488,10.810866,18.605165,10.992187,17.729386,-2.25682222951089,9.03714445287322
5.3027424,10.743249,18.575743,11.031612,17.739106,-2.79951916669348,9.07729766724013
5.3339952,10.694951,18.605165,10.942905,17.826585,-2.86460840156216,9.58563396194734
5.3739456,10.656313,18.624781,10.883768,17.865465,-2.85866249479428,9.9122851370384
5.4040032,10.588696,18.693434,10.933049,17.894625,-3.14976426027357,10.0999767957514
5.4364976,10.579036,18.752279,10.883768,17.904344,-2.81945327751985,10.3451828069809
5.466536,10.550057,18.742471,10.824630,17.972384,-2.99614601104158,10.6477208449972
5.5064512,10.472781,18.742471,10.873912,17.991824,-3.54008788971708,10.7452598010098
5.550216,10.472781,18.771894,10.844343,17.962664,-3.21067595909336,10.8190893089126
5.5915488,10.511419,18.683626,10.864055,17.962664,-3.4685758012871,10.5466264777114
5.6289872,10.511419,18.654203,10.903480,17.914064,-3.54326460687005,10.3356872423071
5.6602496,10.588696,18.683626,10.972474,17.914064,-3.40682976447781,10.0166469453784
5.6902096,10.646653,18.556127,10.903480,17.914064,-3.40544311161596,9.85819332575209
5.7302256,10.694951,18.575743,10.972474,17.884905,-3.30352674812007,9.55510455219892
5.7614464,10.830185,18.536512,11.080893,17.865465,-3.28232958621832,8.87204022452831
5.7915008,10.801206,18.526705,11.071037,17.816865,-3.20657348084729,8.8810337465766
5.826464,10.849504,18.526705,11.051324,17.807145,-2.91812461660353,8.79686726514664
5.8640064,10.810866,18.409014,11.071037,17.768266,-3.42377749282609,8.61200370681533
5.8939744,10.830185,18.310938,11.041468,17.777986,-3.64140123882796,8.50613284096454
5.9264656,10.820525,18.409014,11.090749,17.816865,-3.6440998062249,8.61206100884694
5.9652352,10.830185,18.418821,11.189312,17.768266,-3.75895950563825,8.29064629936712
5.9965584,10.830185,18.418821,11.080893,17.797426,-3.46227452391077,8.59830221353289
6.026464,10.917121,18.359976,11.140031,17.826585,-3.68882980574893,8.19822669729927
6.056512,10.926780,18.291323,11.140031,17.748826,-3.61619453232829,7.95711547741241
6.0977616,10.984738,18.222670,11.140031,17.709946,-3.51004701814851,7.65557251388804
6.1289456,11.052355,18.095171,11.159743,17.709946,-3.8061413613354,7.25222161879785
6.1677536,11.081333,18.163824,11.169599,17.661347,-3.29880475432527,7.18827175781793
6.2214656,11.119972,18.104979,11.189312,17.680787,-3.52052051569668,6.98775496159023
6.2489968,11.245546,18.075556,11.218881,17.680787,-3.27578075876501,6.56925873206214
6.2803024,11.342142,18.036326,11.258306,17.612747,-2.95698771660952,6.08026960124897
6.3201808,11.284184,18.006903,11.238593,17.729386,-3.64220905143045,6.39873026862395
6.352712,11.274525,18.104979,11.228737,17.807145,-3.56939577557569,6.71077513526961
6.3818128,11.303503,18.016711,11.209024,17.787706,-3.6420046797519,6.52628264407461
6.4140448,11.197248,17.987288,11.100606,17.797426,-3.77499638883667,7.01380644821085
6.4527424,11.110312,18.144209,11.110462,17.836305,-3.69813076082619,7.49430677137768
6.4840352,11.168270,18.203055,10.933049,17.943224,-3.00288027331497,8.03110023447411
6.5240016,11.148950,18.340361,10.923193,17.923784,-2.45907511281203,8.27665561698177
6.5765648,10.926780,18.516897,10.696499,18.176502,-2.72430051394867,10.0025646548481
6.6052544,10.917121,18.693434,10.637362,18.322300,-2.43696061272356,10.6363320793844
6.6364672,10.859163,18.673818,10.647218,18.409779,-3.08408695488571,10.8518175939458
6.7177168,10.917121,18.732664,10.637362,18.409779,-2.62011725756296,10.8174616102754
6.760232,11.090993,18.203055,10.893624,17.233671,-0.443836493731147,7.24963531715116
6.8127008,11.187589,17.957865,10.992187,15.873684,3.96831816397456,4.25772143499319
6.8589536,11.148950,17.957865,10.883768,15.590824,5.41007296558432,4.16261599333316
6.8927168,11.033036,17.859790,10.676787,15.893192,4.22434112489697,5.29672427060216
6.9402384,11.148950,17.849982,10.390955,17.204511,0.525980851945915,7.76572246147629
6.9756256,11.390440,18.104979,10.282536,17.875185,0.180411408378532,8.83304376431508
7.0264592,11.351801,18.418821,10.312105,18.370900,-0.814623198687791,10.0421648364275
7.075552,10.714270,18.703241,9.809436,18.701377,-1.45425811429867,13.7636110560146
7.1039984,10.182994,19.232850,9.405330,18.633337,0.346544642310898,16.8093769800475
7.1490048,9.825590,19.634961,9.119499,18.759696,1.12785943653426,19.2114891086227
7.179008,9.506824,19.988034,8.597117,18.798576,3.14555258235527,21.9877515419153
7.206776,9.381250,19.978226,8.478842,18.934654,2.57793387921007,22.8167861555211
7.2390096,9.110782,19.988034,8.035311,19.041573,2.94955235952557,24.9520834271752
7.2803056,9.188058,20.037072,8.015598,19.517849,1.60982811162086,25.4355040653742
7.3089536,9.197718,19.840920,7.956461,19.615048,0.767964093588452,25.4535810752559
7.3390384,9.274995,20.243031,7.986029,19.955244,1.0980865075093,26.0506400968066
7.3817984,9.400569,20.605911,8.015598,20.227402,1.71152142925175,26.3725070868962
7.4102144,9.313633,20.429375,7.670629,20.130203,2.46421104234221,27.2478500693693
7.444056,8.820995,20.007649,7.039829,19.333170,4.78806834066447,29.0326852944782
7.5039584,8.956229,20.017456,7.207385,19.702527,3.15238245139914,28.5967567923011
7.5340256,9.110782,19.664384,7.424223,19.245691,3.37758051238364,26.5479621391061
7.564064,9.902866,20.125340,8.035311,19.527569,4.42487971190768,23.5265591277571
7.5952368,10.820525,20.037072,8.873092,19.547008,4.05953888953115,18.7952097556582
7.6339936,11.042695,19.340734,9.050505,18.818015,4.50401274896834,15.8974042433802
7.6654464,11.158610,19.360349,9.188492,18.808296,4.48874484179423,15.2626475995126
7.6952096,11.467716,19.223043,9.612311,18.711097,3.84195806234029,13.100589089519
7.7352448,11.612610,18.546320,9.701018,17.884905,4.80392176187235,10.3880251100193
7.766496,12.559247,18.144209,10.233255,16.883754,8.58597658033858,4.66651766347298
7.7964752,13.235417,16.633842,10.873912,15.395748,9.03893912643848,-3.37367238979575
7.8277296,13.341672,16.780168,11.031612,14.722737,12.079515630292,-4.91113403771546
7.8665024,14.095118,15.540132,11.849681,13.581543,11.685665700817,-12.8803162815116
7.8978576,15.476436,14.319936,13.397113,12.635426,9.75291254486276,-23.3740119791982
7.9277232,16.722520,13.089821,14.875551,11.299156,9.22367317727318,-34.1362156422996
7.9690128,16.829087,12.901335,15.526063,10.879743,7.97907791283699,-36.8691689385204
7.9990032,18.135424,12.385480,16.651861,10.128702,9.28906130887305,-43.8742334092632
8.0289616,20.200589,11.502574,18.769916,8.646126,10.8569050362516,-55.7513918301246
8.0627856,22.707603,10.163335,20.536589,6.724629,15.3543251648858,-69.4239412351153
8.1190192,24.378946,9.816125,21.141747,5.837034,20.6961953643701,-75.1165485098536
8.1540048,26.434505,10.669270,21.981161,6.012602,25.4549530972229,-75.0299660436076
8.184032,27.750448,11.036321,22.283740,6.402754,27.5656014085683,-74.5285047677756
8.2239728,31.179582,11.750582,25.085039,6.617337,27.727526876185,-77.3437666442334
8.255248,35.348333,12.196995,28.403651,6.217432,29.2111208791488,-82.3597745574231
8.2852528,37.864953,12.693009,30.043435,6.051617,31.292221878805,-84.1366102432028
8.330296,43.618598,14.230654,34.572364,6.197924,32.6506095368505,-86.228028887392
8.3677504,52.935854,15.927023,45.016230,8.012129,23.281922527106,-88.6785017268174
8.3952272,57.719352,14.706828,50.062472,8.021883,18.9482915537405,-93.7504399440474
8.4377824,56.432226,10.907357,48.061544,6.061371,18.7150289147906,-101.60478263107
8.4677552,29.373763,3.516742,24.118737,2.120840,19.5089038679235,-111.719183160418
8.497816,14.056480,0.996989,11.721549,0.521218,17.4501344957283,-120.775885142795
8.5277232,-0.027168,0.183525,0.032033,0.121313,0,0
8.5790064,0.233641,0.014880,0.199589,0.062790,0,0
8.610272,0.185343,0.084322,0.179877,0.023775,0,0
8.6402528,0.156364,0.084322,0.101027,0.033529,0,0
8.6801888,0.059769,-0.024801,0.091170,0.023775,0,0
8.7139888,0.069428,0.044641,0.081314,0.033529,0,0
8.7552544,0.137045,0.024801,0.081314,-0.064009,0,0
8.7864992,0.050109,0.004960,0.051745,0.014021,0,0
8.8252176,0.030790,-0.004960,0.061602,-0.005487,0,0
8.8552544,0.021130,0.024801,0.012320,0.004267,0,0
8.887792,11.554652,4.181402,13.032431,3.193757,-8.16291266846032,-80.8470857551441
8.9301888,24.926455,30.335027,26.695542,23.162813,6.28510247862322,-17.4228571217533
8.9677616,27.548734,44.408900,29.965350,34.603141,6.87460220716369,-1.50626404943092
8.9978416,19.998875,49.047883,26.627217,39.375614,0.0368342757183022,15.8254602359917
9.041432,22.073645,28.844275,25.573070,22.686538,0.960045209231078,-14.9925745558828
9.0690112,22.755630,26.009886,25.407139,19.741406,3.49526673758952,-22.3843995497393
9.1002784,23.043793,23.685490,24.841023,17.058713,6.95452401173415,-28.641853879287
9.1377792,23.120636,22.724348,23.484297,16.388039,10.2424470940666,-29.4218990812273
9.171504,22.890106,16.643650,22.947463,12.469611,7.04835404960542,-44.8947896066031
9.202752,21.526137,14.260415,22.410628,10.372546,4.63983985398193,-51.5505367596596
9.2327504,21.055471,13.526313,22.332543,9.953133,2.5912870856373,-53.3985880121447
9.2739552,20.920995,13.000538,22.644883,9.465444,1.09550695287414,-55.8848570179967
9.305256,19.672291,10.818074,21.668821,7.943853,-1.68135600608768,-62.2840695586285
9.336504,18.289111,10.441104,20.321855,7.934099,-3.04113680198823,-59.9385160691253
9.3660032,16.848298,11.264487,18.516140,8.763171,-1.58529628082999,-51.0211067731243
9.421552,16.084989,12.345799,17.491275,10.031164,-1.32825280194975,-42.2748004981274
9.456472,15.592351,12.385480,17.100850,10.362793,-2.83501549224242,-39.90614932204
9.491464,15.041755,12.613647,16.681143,10.684668,-3.70343314385815,-36.9122987421871
9.5277168,14.355926,14.498501,16.495691,13.571790,-9.3001182786611,-24.8383764540508
9.558944,14.230352,14.825871,16.524973,13.932680,-9.94106293806731,-23.282025841681
9.589032,14.491160,14.627465,16.495691,13.357206,-7.53863689369014,-25.2607891712595
9.6390944,14.742309,14.419139,16.551114,12.030691,-2.66964065524704,-29.0196608003551
9.6702496,14.645713,14.617545,16.078014,11.767338,0.532382956579963,-28.1183492403577
9.7015024,15.061075,14.944914,16.600395,11.952660,0.528743779956384,-28.7312923682431
9.747736,15.273585,14.647306,16.511689,11.152850,3.6401234595416,-31.3057096707108
9.782752,14.867883,14.607625,15.486638,10.782206,7.61111576614104,-29.6102089829725
9.8127632,14.259331,15.133400,15.259945,11.650293,4.7029204490228,-24.9960633693132
9.8589488,14.297969,15.996465,15.762613,12.742717,1.74452415774791,-22.0190736197991
9.8977968,14.636054,16.790088,15.831607,13.006070,4.4562247473637,-20.7274360999531
9.9265008,14.529798,17.048016,15.742901,13.298683,4.21512201846404,-19.3180029136165
9.9577584,14.510479,16.859530,15.831607,13.279176,3.24430607961845,-19.8405168183657
9.9977824,13.728055,16.125429,15.023394,12.889024,2.4319572381214,-18.9381315752437
10.0527536,12.481970,15.242523,14.057482,12.645180,-0.778292016203174,-16.6331972389484
10.0990096,12.250141,15.063958,14.481300,12.791486,-4.67908139432199,-17.1097825441275
10.1289648,12.279120,14.825871,14.767132,12.742717,-6.44784095588374,-18.3668682469731
10.160224,12.259800,14.726668,15.023394,12.674441,-7.65929488228292,-19.2113508672587
10.1914768,12.346737,14.895313,15.141669,12.576903,-6.72004227253095,-19.490747172502
10.2315088,13.235417,15.034197,15.673907,12.459858,-4.32148502089739,-22.3176448663307
10.2614496,13.525204,14.796110,15.880888,12.284289,-4.24449690970593,-24.1508359050844
10.2927232,14.124097,14.468741,16.363845,11.942907,-3.75438925718204,-27.6241413271005
10.3427056,14.906522,14.190973,16.534734,11.611278,-1.24433945008031,-30.6872005587871
10.3828224,15.553712,13.308067,17.452232,11.094327,-3.65416301253406,-36.5418755439295
10.414032,15.814521,13.109661,17.657205,10.850482,-3.27287832393923,-38.337283183561
10.45524,16.046350,13.288226,17.637684,10.528607,-0.444148102711249,-39.0196690489796
10.485256,16.113967,13.377509,17.520557,10.587130,0.358368772551501,-38.5957583866217
10.516536,16.326478,13.724719,17.647445,10.626145,1.75549789068237,-38.2661272881747
10.5478464,16.374776,13.714799,17.549838,10.518853,2.68000808487228,-38.4530841075847
10.587752,16.316818,13.546154,17.520557,10.372546,2.54116934202699,-39.0348274510772
10.6165392,16.587286,13.347748,17.647445,10.138455,3.21805281967772,-40.6857220705024
10.6494176,16.646584,13.387429,17.735290,9.631258,5.21805299163626,-42.0249466716778
10.6990192,17.386201,13.466791,18.018348,9.270368,8.42922554713442,-44.2944553261931
10.7302032,17.808840,13.159263,18.291646,9.007016,8.79149627045055,-46.7196995740709
10.7601984,17.780024,13.248545,18.037870,8.860709,10.5927142587094,-46.4356192888598
10.80148,17.655153,13.506473,17.745051,8.860709,12.231495709318,-45.1769476150289
10.8316304,17.290147,13.883444,17.286302,9.085046,13.2244380628696,-42.4532341280908
10.8614368,17.098039,14.657226,16.905637,9.397167,15.4894302687421,-38.9930930646825
10.8952256,17.203698,15.311965,16.759228,9.709289,17.3529748727305,-36.7389297369373
10.9340416,17.059617,15.629414,16.368803,9.601997,19.952522322644,-35.3873004653942
10.9639568,17.232515,15.579813,16.452551,9.367906,20.974364949699,-36.4452306290335
10.9939664,17.136461,15.490530,16.255426,9.192338,21.9208952310608,-36.5528576023676
11.025208,17.520677,15.024277,16.610251,8.899724,21.3921004920176,-39.5000762167129
11.0652448,17.876078,14.071929,16.590539,8.246220,22.2697139661531,-43.8461942040388
11.0952176,18.346743,13.744560,16.612819,8.119421,23.1953985193538,-45.7296617365617
11.126472,18.356349,13.665197,16.934919,8.080406,21.7512147141955,-46.5309826710113
11.1764512,18.500430,13.962806,16.827552,8.304743,22.7138709923301,-45.307946018531
11.2127744,18.740565,14.567943,16.671382,8.499819,25.2825115617297,-43.5208479738285
11.2515104,18.558062,15.173081,16.669389,8.694894,25.8096145043543,-41.3705402450436
11.314032,18.413981,15.609574,16.472264,8.850955,26.896330607519,-39.4840608817764
11.3502592,18.087397,15.649255,16.216001,8.870463,26.9943102390845,-38.4180716741113
11.3802016,17.962527,15.401248,16.107582,8.821694,26.4827390516925,-38.7146427177393
11.4227568,17.626337,15.103639,15.989307,8.714402,25.4126014595224,-38.9044071097486
11.4527616,17.434229,15.004436,15.949882,8.714402,24.6328384437867,-38.7528603255838
11.4865248,17.328569,14.984596,15.851320,8.909478,23.8056398686349,-38.00472903193
11.5352496,17.395807,15.083798,16.265282,9.250861,21.1518991450214,-37.7897689093876
11.56532,17.222909,15.044117,16.344132,9.338645,19.7557726669317,-37.5246624169372
11.5965376,17.107644,15.113559,16.501832,9.621505,17.7845182759523,-36.7969724712245
11.6377648,16.848298,15.153241,16.659533,9.845842,15.4951712015948,-36.036357031243
11.6677584,16.799797,15.450849,16.482120,10.216486,15.5477717129843,-34.1827520828248
11.6979024,16.606605,15.550052,16.393414,10.401808,14.8468716478639,-33.086758956769
11.7329408,16.181584,15.510371,16.403270,10.704175,12.0372822680859,-31.8078888300853
11.7690032,15.495755,15.758378,16.225857,11.123588,9.58220967807791,-28.8716018746861
11.800256,15.273585,15.917103,16.284995,11.416202,7.98523372274481,-27.6362447289367
11.8302208,15.254266,15.927023,16.324420,11.650293,6.8925432779517,-27.1682373113116
11.8716512,15.119032,15.857581,16.413126,11.689308,5.68973213170706,-27.1472131420186
11.9015216,14.983798,15.669096,16.422982,11.835615,3.95611873591747,-27.0080862022701
11.9352832,14.655373,15.629414,16.324420,11.884384,2.84082386776102,-26.2121513721339
11.9826896,14.433203,15.550052,16.255426,11.981922,1.64942469372641,-25.6381164522057
12.025256,14.066139,15.688936,16.186432,12.157490,0.415587206782968,-24.1784276965045
12.0540816,13.814991,15.718697,16.127295,12.362320,-0.9472231474624,-23.114052486755
12.089016,13.573501,16.026226,16.216001,12.635426,-2.07126527632933,-21.6568656571933
12.1265088,13.438268,16.274233,16.206145,13.025577,-3.07704918047386,-20.1236367021447
12.1565136,13.119502,16.452798,16.107582,13.279176,-4.16161365980622,-18.4809379737577
12.18776,13.080864,16.542081,16.009020,13.464498,-4.29550569378736,-17.6888147615863
12.2377712,12.791077,16.700805,16.028732,13.835142,-6.19977150398926,-16.1611113293994
12.2690048,12.462651,16.760327,15.802038,13.961941,-6.82856879754702,-14.707573967912
12.2995584,12.269460,16.909132,15.644338,14.166771,-7.16435426535224,-13.3462709425315
12.3402224,11.921716,16.819849,15.289513,14.332585,-8.10927136827803,-11.7589270632831
12.3714704,11.293844,17.028175,15.092388,15.064120,-11.6346006374787,-8.33357616515884
12.4014768,10.984738,17.286103,14.964257,15.746885,-13.8003321006213,-5.76526954590901
12.4352592,10.897802,16.525959,14.885407,16.446359,-19.2429900048217,-5.50854644715312
12.4715136,10.685291,17.026146,14.786844,17.350310,-20.8527955301414,-2.49615707684771
12.5128176,10.482440,16.761341,14.678426,17.554428,-23.0035771767569,-1.90978854678875
12.543976,10.269930,16.388653,14.481300,17.369750,-24.0563339965967,-1.90761700301178
12.600224,10.163675,16.988494,13.958919,16.825435,-18.4158576878643,-0.387808968655012
12.63528,10.163675,17.087697,13.564669,15.834669,-13.0517380644237,-0.955746307015442
12.6666112,10.308568,16.574997,13.633663,16.475518,-17.0961721509334,-1.23827783625744
12.7052608,10.569376,17.084991,13.899782,16.631037,-15.5458555126884,-1.34012841979611
12.736536,10.733589,17.487102,14.008200,16.815715,-14.3882256095561,-0.997272421480432
12.7666736,10.878483,17.732291,14.116619,16.708796,-12.9099005519522,-1.33954440793274
12.8015152,10.859163,17.526332,13.968775,16.553278,-12.6953157166354,-1.55300026728996
12.8390208,10.859163,17.447871,13.781506,15.815161,-9.66482602718476,-2.48157825762009
12.8727936,10.723929,17.261527,13.525244,15.522548,-8.87558693593436,-2.39731337665932
12.9139584,10.704610,17.467486,13.377400,15.464025,-7.38460095687641,-1.76236132198805
12.9515808,10.752908,17.791137,13.308406,15.522548,-5.92556048513234,-1.07337181704388
13.0039264,10.801206,18.036326,13.318263,15.629839,-5.25719325229086,-0.623359477670693
13.051488,10.714270,18.252093,13.081712,15.717624,-4.21693235113832,0.620591110256679
13.0840192,10.588696,18.536512,12.845162,15.766392,-2.91684646259287,2.0035342644174
13.1127104,10.472781,18.732664,12.539619,15.727377,-1.30777281612794,3.24991206301389
13.1440176,10.395504,18.909200,12.342493,15.863930,-0.70846568206722,4.39917643963809
13.1840048,10.298909,19.164197,12.283356,16.524118,-2.40697955896348,6.1833855194284
13.2215216,10.144356,19.281888,12.125656,16.864315,-3.22603171802994,7.62240193560248
13.2552608,10.018781,19.409387,11.977812,17.048993,-3.35640107496178,8.74648506034414
13.3077504,9.960824,19.527078,11.977812,17.146192,-3.49877096679622,9.20165756868034
13.3365456,9.931845,19.203428,11.760975,16.971234,-3.33494302997092,9.07232828793341
13.3668688,9.835249,19.213235,11.820112,16.980954,-3.91697372084221,9.19346861396204
13.407736,9.854569,19.046506,11.820112,16.951794,-4.35804022670002,8.85579147427765
13.4390144,9.864228,18.997468,11.869393,16.961514,-4.72738868936229,8.65200303462316
13.4690192,9.941505,19.154390,12.076375,17.010113,-4.80792904129553,8.2611063720246
13.5040192,9.951164,18.968046,12.214362,16.767116,-5.07576059653982,7.25993299792705
13.5401952,10.038100,18.919008,12.342493,16.689356,-5.12197691307251,6.54719593258722
13.5714704,10.096058,18.840547,12.303068,16.524118,-4.43282813415815,6.13103448963032
13.6014832,10.057419,18.869970,12.303068,16.494958,-4.35775457014522,6.22487009694221
13.6414624,10.211972,19.105352,12.421343,16.494958,-3.35201628689913,5.9274347403021
13.6740112,10.192653,19.144582,12.411487,16.524118,-3.35076176694075,6.10122081893716
13.7040128,10.134696,19.046506,12.441056,16.611597,-4.36501503308573,6.15316121639387
13.7340096,10.182994,19.026891,12.549475,16.611597,-4.66188169589766,5.74862723842641
13.7840064,10.144356,18.879778,12.460769,16.533838,-4.73275079690539,5.71001365817682
13.8152576,10.144356,18.889585,12.460769,16.465799,-4.44185838580049,5.62076511059294
13.846488,10.163675,18.879778,12.490337,16.494958,-4.62595390058941,5.53324995549672
13.9015472,10.125036,18.860162,12.431200,16.436639,-4.40374102694557,5.64824776115977
13.9377824,10.096058,18.899393,12.441056,16.660197,-5.23720805395376,6.09612991164279
13.9690176,10.057419,18.938623,12.470625,16.640757,-5.27266847462246,6.14803521366827
14.0089728,10.057419,18.997468,12.401631,16.786555,-5.33842568430557,6.62399493963544
14.0390112,9.999462,18.987661,12.500194,16.835155,-6.13558603035673,6.58494529020268
14.0702592,9.980143,18.889585,12.401631,16.747676,-5.88618876441054,6.58817491068995
14.1214512,9.873888,18.948431,12.312925,16.796275,-5.9150573941093,7.22260913274727
14.1527728,9.786952,18.948431,12.224218,16.922634,-6.38197551741654,7.84012166572147
14.183152,9.622739,19.115159,12.066518,17.136472,-6.58077846409652,9.19463237218534
14.219016,9.584101,19.252465,11.958100,17.311430,-6.45612914797703,10.014325274028
14.2552592,9.516484,19.301503,11.918675,17.486389,-7.02594905762315,10.6032936274069
14.2852624,9.468186,19.379964,11.790543,17.603027,-6.87040568754838,11.3208723731462
14.316984,9.323292,19.389771,11.711693,17.671067,-7.33862155331605,11.9899690067258
14.3678256,9.313633,19.379964,11.593418,17.816865,-7.51336674803619,12.5034315876772
14.3977552,9.178399,19.301503,11.504712,17.991824,-8.63931990379165,13.2037688121952
14.4290016,9.023846,19.497655,11.425862,18.225101,-9.04644262349213,14.3926558455463
14.4702912,8.859633,19.517270,11.356868,18.302861,-9.6283862185184,15.1212318780677
14.5139616,8.695421,19.556500,11.189312,18.536138,-10.3454064055581,16.3447561366352
14.54152,8.618144,19.850728,11.051324,18.584738,-9.19190262729078,17.3611133970411
14.581512,8.560187,19.929188,11.021755,18.623617,-9.14799074328359,17.7439664448935
14.6114688,8.598825,20.027264,11.041468,18.798576,-9.33820354738236,17.9517107022558
14.6427744,8.627804,19.870343,11.130174,18.798576,-10.1440112825739,17.4410328213387
14.6840112,8.647123,19.880150,11.061181,18.633337,-9.18337588512534,17.3639451753361
14.7252288,8.608485,19.595731,11.031612,18.468099,-9.70351508288236,16.9408014588666
14.7577632,8.656782,19.634961,11.159743,18.468099,-9.83718926282917,16.5352351856572
14.785272,8.676101,19.654576,11.140031,18.506979,-9.75836986192195,16.6149561997703
14.8264688,8.676101,19.654576,11.120318,18.487539,-9.61539031016809,16.6398687158371
14.8602912,8.724399,19.634961,11.268162,18.545858,-10.2566414664545,16.1856214372486
14.8977376,8.743718,19.536885,11.179456,18.448659,-9.88079324281121,16.1006963376555
14.9401968,8.705080,19.556500,11.209024,18.448659,-10.0615105364367,16.1506809186429
14.9703104,8.647123,19.527078,11.140031,18.409779,-10.0023004047572,16.386952151548
14.9990896,8.685761,19.742844,11.149887,18.526418,-9.49188425195496,16.7090046261993
15.0302992,8.695421,19.762459,11.159743,18.633337,-9.80543918163946,16.8277669266703
