0.0359392,10.271585,17.320373,10.872676,19.595608,0.0551540103724388,-8.63278529888175
0.0733264,10.368156,17.300758,10.833264,19.556728,0.633821096327868,-8.85916388137668
0.1045824,10.339185,17.241912,10.803705,19.566448,0.361012072313306,-8.78355598141501
0.1395776,10.406785,17.271335,10.823411,19.527569,0.808506848649495,-9.01499151255581
0.1920672,10.455071,17.251720,10.882529,19.576168,0.53766829039184,-9.24040323106214
0.23084,10.570956,17.173259,10.912087,19.517849,0.785510263467128,-9.79798157298359
0.2707904,10.599928,17.035953,10.921940,19.488689,0.431478383806885,-10.1356259197053
0.31836,10.725471,16.996723,10.931793,19.381770,1.11364739327679,-10.6832072229221
0.3495728,10.822042,16.996723,11.020469,19.381770,1.17376553031452,-11.1379405400003
0.3808192,10.860671,16.947685,11.000763,19.430369,1.03070925721662,-11.184872278958
0.4295456,10.899299,16.780956,11.050028,19.304011,0.805955579793929,-11.8327844475496
0.4609056,10.928271,16.682880,10.990910,19.274851,0.850551590674337,-11.9485150243162
0.4920064,10.966899,16.751533,11.010616,19.304011,1.09519912345528,-11.9453651077276
0.532064,10.966899,16.820186,11.040175,19.323451,1.18797034510938,-11.8865651862337
0.5633232,10.870328,16.859417,11.020469,19.440089,0.62051188387839,-11.37226196883
0.593384,10.860671,16.918262,10.941646,19.459529,1.02274886126874,-11.0405495035104
0.6258768,10.822042,16.957492,10.961352,19.478969,0.886078928481993,-10.9081132126389
0.6745904,10.802728,16.879032,10.961352,19.478969,0.505230407233318,-10.9758553311929
0.7058768,10.793071,16.947685,10.902234,19.401210,1.22203149061516,-10.8202587644853
0.7370816,10.715814,16.937877,10.912087,19.508129,0.46701651849251,-10.5120339844779
0.7870768,10.667528,16.996723,10.921940,19.517849,0.438781682492788,-10.3171887430486
0.8345744,10.599928,17.016338,10.912087,19.585888,0.0450642851593184,-9.99844562033636
0.8733664,10.570956,16.977108,10.882529,19.624768,-0.254921417351005,-9.85417926970254
0.9108304,10.484042,17.153644,10.882529,19.721967,-0.247688601759442,-9.24367865516454
0.9408304,10.426099,17.124221,10.872676,19.790006,-0.79453924428323,-9.02007238920891
0.9946096,10.387471,17.153644,10.823411,19.858045,-0.896682757577118,-8.66217222204216
1.0333664,10.281242,17.124221,10.813558,19.848325,-1.36068900584166,-8.42842009359235
1.0646832,10.203985,17.006530,10.774147,19.838605,-1.95790096298022,-8.31801805533494
1.093304,10.184670,17.094799,10.793852,19.896925,-1.95948184372199,-8.1098331882155
1.1446304,10.175013,17.271335,10.724882,20.042723,-1.57124334305928,-7.45646281142697
1.1758224,10.146042,17.241912,10.784000,20.130203,-2.3137720599664,-7.4505172797774
1.204584,10.117070,17.232105,10.744588,20.013564,-1.9207392260991,-7.45663557935461
1.2445744,10.059127,17.173259,10.764294,19.964964,-2.28096970915175,-7.51196453329325
1.28708,10.059127,17.192874,10.803705,19.964964,-2.34155064157605,-7.58350558913154
1.3170912,10.001185,17.290950,10.764294,20.110763,-2.55509626748873,-6.99539047648818
1.3570752,10.068785,17.320373,10.744588,20.120483,-2.13747718002663,-7.06123126884621
1.3883216,9.904613,17.349796,10.665765,20.207962,-2.69961474158374,-6.28482333280338
1.4196096,9.885299,17.330180,10.616500,20.149642,-2.47732609180913,-6.2190336805288
1.4533248,9.952899,17.320373,10.695323,20.149642,-2.52450420146204,-6.60395081053463
1.5020384,9.856327,17.389026,10.675618,20.120483,-2.46397130221662,-6.25434838156114
1.5321264,9.914270,17.516524,10.685471,20.178802,-1.97082892921351,-6.16861976840161
1.5647408,9.817699,17.555755,10.685471,20.130203,-2.02656904666684,-5.93691282033588
1.6033248,9.808042,17.575370,10.636206,20.159362,-1.91693077778435,-5.72001356749746
1.6334544,9.750099,17.496909,10.606647,20.052443,-1.97649058709995,-5.75304673086514
1.66332,9.817699,17.438064,10.606647,20.023284,-1.83918319270389,-6.04756403860831
1.7008368,9.808042,17.585177,10.695323,20.052443,-1.71070888222588,-6.00419927808623
1.7345904,9.798384,17.604793,10.705176,20.120483,-1.94444860628595,-5.8836597192885
1.7662752,9.894956,17.634215,10.665765,20.081603,-1.17510260672347,-6.04157391247562
1.7945936,9.808042,17.594985,10.685471,20.081603,-1.73981157653816,-5.9253378972097
1.8358928,9.875642,17.536140,10.646059,19.974684,-1.19092251952557,-6.22650990287053
1.8708384,9.808042,17.516524,10.636206,20.033004,-1.70544282232817,-5.97587767888596
1.907064,9.837013,17.526332,10.655912,20.052443,-1.69005481792148,-6.05913971253685
1.947016,9.865985,17.526332,10.655912,19.994124,-1.37076237646761,-6.21362685122887
1.9795904,9.846670,17.555755,10.685471,20.033004,-1.57161899162649,-6.14487020575438
2.0083328,9.894956,17.526332,10.606647,19.984404,-1.04880083046515,-6.17557685201536
2.0521344,9.933585,17.536140,10.685471,19.984404,-1.13606295043133,-6.45980721286968
2.1020464,9.914270,17.614600,10.685471,20.042723,-1.10896192511844,-6.22117705293331
2.1508112,9.952899,17.634215,10.724882,19.926085,-0.609224208631437,-6.55298114254542
2.2133184,9.943242,17.516524,10.744588,19.906645,-1.10957513735672,-6.7694416978181
2.2532592,10.020499,17.447871,10.734735,19.926085,-1.10951442776073,-7.00842014249185
2.2933072,9.962556,17.575370,10.685471,19.906645,-0.594403939943177,-6.58673476870438
2.33592,10.020499,17.516524,10.764294,19.858045,-0.704537603837153,-7.0820643880606
2.366032,10.155699,17.418449,10.813558,19.770566,-0.424296109233509,-7.80675522479889
2.4233344,10.155699,17.349796,10.872676,19.741406,-0.799088948096269,-8.09340181898081
2.4582784,10.377813,17.222297,10.941646,19.585888,-0.122724900638282,-9.22370363842244
2.4870832,10.455071,17.143836,10.951499,19.498409,0.147496482977441,-9.6794082498843
2.5195808,10.657871,17.006530,11.089439,19.517849,-0.153224870178365,-10.691044955937
2.5582928,10.754442,16.869224,11.050028,19.410930,0.2051519163003,-11.1894553921672
2.589608,10.947585,16.712303,11.158410,19.265131,0.479413948536932,-12.3748183341641
2.6295776,11.044157,16.712303,11.168263,19.216532,0.993541799935953,-12.7058574676606
2.6833392,11.160042,16.653458,11.217527,19.216532,1.04030567716227,-13.1933373739428
2.7133136,11.063471,16.604420,11.247086,19.255411,0.230735741445804,-13.0468837959433
2.7570752,11.102100,16.692688,11.148557,19.235971,1.14356172917219,-12.798719743172
2.7933344,11.034499,16.712303,11.187968,19.226251,0.851385409301635,-12.71564305466
2.8233344,10.899299,16.633842,11.128851,19.206812,0.295793988946015,-12.3899460430021
2.8545776,10.937928,16.614227,11.138704,19.206812,0.335275998300917,-12.5375941012301
2.8970256,10.966899,16.800571,11.128851,19.284571,0.934655220613369,-12.189309158132
2.9471232,10.986214,16.751533,11.168263,19.304011,0.610145893159803,-12.3760012903354
3.0196352,11.053814,16.643650,11.316056,19.226251,0.205247804554984,-13.1749066413024
3.050176,11.063471,16.663265,11.247086,19.187372,0.701385693197947,-13.0607069918422
3.0808096,11.092442,16.663265,11.237233,19.235971,0.676762567073991,-13.0338538781192
3.128376,11.082785,16.633842,11.197821,19.226251,0.69886240359267,-12.9740845222752
3.1833648,11.073128,16.555382,11.187968,19.265131,0.251947739546996,-12.9863900057404
3.2133264,10.966899,16.614227,11.227380,19.197092,0.168148078241078,-12.838266701747
3.2733744,11.053814,16.624035,11.109145,19.226251,0.862923958813566,-12.7036739812804
3.304584,11.034499,16.722111,11.207674,19.284571,0.612805493397449,-12.6614158889693
3.3471328,11.063471,16.702495,11.237233,19.265131,0.613370427923131,-12.8613416533659
3.4045952,11.034499,16.624035,11.266792,19.206812,0.296556809108765,-13.0680815285624
3.4370832,10.986214,16.496536,11.158410,19.206812,-0.00720195548134228,-12.88026481718
3.4733328,10.995871,16.565189,11.207674,19.235971,0.0215222483536994,-12.8760298014755
3.5083408,10.918614,16.722111,11.148557,19.391490,-0.0081999762358187,-12.0774904742454
3.5383456,10.957242,16.663265,11.187968,19.362330,-0.123446714029763,-12.3981824191712
3.5683408,10.957242,16.673073,11.109145,19.342890,0.262776574291294,-12.2209523704215
3.6095856,10.822042,16.712303,11.168263,19.391490,-0.494178389158915,-11.9048376802199
3.6408512,10.822042,16.771149,11.148557,19.381770,-0.159676785121929,-11.7838542321492
3.6708304,10.802728,16.810379,11.128851,19.401210,-0.0808303636007235,-11.6017160208852
3.707088,10.638556,16.869224,11.040175,19.498409,-0.523575324810984,-10.7519807130744
3.7421232,10.590271,16.937877,11.010616,19.556728,-0.545295157434152,-10.3744665487644
3.7721264,10.493699,17.055568,10.951499,19.556728,-0.253499715515087,-9.81853802617665
3.803336,10.426099,17.183067,10.921940,19.692807,-0.395318964548554,-9.19735555140211
3.8432944,10.290899,17.251720,10.862823,19.799726,-0.824249427811038,-8.46310259319353
3.8733008,10.232956,17.330180,10.823411,19.828886,-0.707772509287445,-8.06720274412653
3.9045808,10.155699,17.379218,10.724882,19.848325,-0.539456526028827,-7.52975909308604
3.9358528,10.088099,17.438064,10.744588,19.945524,-0.985740562907298,-7.18998143966781
3.9870864,10.030156,17.467486,10.744588,19.935805,-1.06343660523523,-7.01653142416965
4.0295696,10.039813,17.339988,10.675618,19.955244,-1.35255010137457,-7.01831386473377
4.0758016,10.039813,17.320373,10.665765,19.916365,-1.25806588851918,-7.07558248779683
4.1171216,10.068785,17.389026,10.695323,19.984404,-1.21754209631233,-7.03153257011073
4.1470896,10.088099,17.477294,10.685471,19.974684,-0.726605066820147,-6.9454956571822
4.1808224,10.088099,17.379218,10.715029,19.974684,-1.21530445539572,-7.1572142415111
4.219592,10.165356,17.408641,10.715029,19.858045,-0.385872352059279,-7.4741151563921
4.2499472,10.136385,17.339988,10.705176,19.906645,-0.905458226456611,-7.40471395138939
4.2808256,10.097756,17.398833,10.665765,19.877485,-0.583996859082244,-7.1662992160755
4.3333472,10.039813,17.506717,10.675618,19.906645,-0.525905227571625,-6.85285606561139
4.3621376,10.039813,17.536140,10.646059,20.003844,-0.649160869838285,-6.60166154874209
4.392096,9.981870,17.496909,10.616500,19.984404,-0.857504534524319,-6.4620216255878
4.4333344,9.952899,17.585177,10.626353,19.994124,-0.693846262424684,-6.27741312964888
4.4633472,9.991527,17.477294,10.636206,20.003844,-1.03460731875716,-6.53661591246895
4.4933328,9.962556,17.496909,10.626353,20.023284,-1.10513806534577,-6.38396140686115
4.5258848,10.030156,17.545947,10.557383,20.003844,-0.335780242182381,-6.33936409991282
4.5645824,9.981870,17.644023,10.606647,19.964964,-0.177695412988713,-6.25971611275376
4.5958368,10.088099,17.624408,10.636206,19.964964,0.0559618528411381,-6.62994009666795
4.625848,10.049470,17.575370,10.577089,19.848325,0.33582819353952,-6.61372976253843
4.675776,10.136385,17.496909,10.636206,19.799726,0.331544779121021,-7.16063356606288
4.7195664,10.107413,17.290950,10.655912,19.731687,-0.418777776965419,-7.52388047606372
4.7483152,10.300556,17.418449,10.715029,19.760846,0.524372792744032,-7.93655000787939
4.7908496,10.339185,17.408641,10.695323,19.770566,0.672016264702625,-7.9840230470722
4.819584,10.464728,17.310565,10.764294,19.731687,0.672253760525408,-8.66372644696119
4.8508368,10.474385,17.173259,10.744588,19.595608,0.727891101800294,-9.03021503497181
4.8870976,10.493699,17.104606,10.724882,19.517849,0.882514222611684,-9.24042180140055
4.9322192,10.503356,17.163452,10.862823,19.527569,0.624181487390006,-9.50864622650764
4.9633376,10.638556,17.163452,10.843117,19.498409,1.32463866262715,-9.83694580205635
5.0070944,10.657871,17.134029,10.912087,19.517849,0.971011132727464,-10.0693845570402
5.0433056,10.657871,17.084991,10.912087,19.517849,0.780239055937205,-10.1405894797343
5.0745728,10.599928,17.114414,10.971205,19.449809,0.700813149010807,-10.1996440268066
5.119624,10.561299,17.134029,10.990910,19.508129,0.350022442199366,-10.0397185687339
5.1658656,10.561299,17.153644,10.912087,19.498409,0.74051071089718,-9.8306629835737
5.1946032,10.590271,17.222297,10.941646,19.449809,1.18802322995328,-9.94621747388288
5.2258768,10.570956,17.153644,10.921940,19.508129,0.708642814620594,-9.86481740250151
5.2770432,10.513013,17.084991,10.931793,19.517849,0.144908190833128,-9.83128879852378
5.328336,10.503356,17.134029,10.892381,19.478969,0.576948922659751,-9.69492652823251
5.3658608,10.570956,17.173259,10.961352,19.488689,0.714167542418606,-9.9619071687307
5.3996256,10.677185,17.104606,10.981058,19.410930,1.06651781071686,-10.4851772309131
5.430824,10.648214,17.134029,10.981058,19.410930,1.06827265673578,-10.3709720757886
5.4608144,10.657871,17.026146,10.990910,19.362330,0.823470282874645,-10.6476836618768
5.5008832,10.677185,17.006530,11.020469,19.274851,1.0286292746739,-10.9252774120515
5.532056,10.754442,17.075183,11.000763,19.304011,1.56287243163129,-10.9229596941667
5.5633104,10.725471,17.084991,11.010616,19.372050,1.21109031947504,-10.7619459420034
5.5970592,10.677185,17.114414,11.040175,19.294291,1.30932173126224,-10.7867451904079
5.6339584,10.677185,17.055568,10.990910,19.352610,1.04807880510834,-10.6663720519349
5.6658384,10.686842,17.143836,10.971205,19.333170,1.56838344213936,-10.5409527363924
5.6933792,10.619242,17.192874,11.030322,19.323451,1.32031361281328,-10.4626728661943
5.7333504,10.551642,17.163452,11.000763,19.391490,0.805915414472683,-10.1669415355207
5.7683776,10.541985,17.202682,10.961352,19.410930,0.992130505161281,-9.96046766578617
5.8058304,10.551642,17.212489,10.990910,19.488689,0.686875218436372,-9.93034932632442
5.8533152,10.522671,17.310565,10.931793,19.459529,1.26875263382616,-9.61317366150899
5.8870912,10.570956,17.192874,10.813558,19.537288,1.142993799951,-9.49759220547302
5.9174496,10.561299,17.202682,10.862823,19.595608,0.761335836404614,-9.49745215503381
5.9745776,10.696499,16.957492,10.902234,19.926085,-0.970632534952234,-9.80535127889164
6.0095552,11.044157,16.555382,11.040175,20.363480,-3.17777423083896,-10.9384307163924
6.0395792,11.102100,17.225895,10.892381,20.441240,-0.126169097929209,-9.65327463909915
6.080816,11.034499,16.898527,10.695323,20.489839,-1.12918412035978,-9.40520635696651
6.1108368,10.937928,17.077091,10.380031,21.004994,-1.50227838447296,-7.42665679526532
6.1408432,10.725471,16.447498,9.769151,21.860346,-5.62747934064109,-5.06581785907908
6.1783792,10.551642,16.761341,9.030183,22.297741,-4.04236714212464,-1.73573251434681
6.2220496,10.194328,16.810379,7.926658,21.976985,-0.247961378609535,1.79911149775662
6.263376,10.348842,16.879032,7.463572,21.597908,3.72823089140793,2.25061662211495
6.2983152,10.686842,16.584805,7.000486,21.218832,7.0832719220078,1.72650386150126
6.3370896,10.986214,16.898527,6.990633,20.966114,10.5014710228846,1.00058161609994
6.3673296,11.874671,16.670361,7.187691,20.480119,14.1592077932966,-2.91739203719726
6.3970624,12.328557,16.610840,7.581807,20.139923,15.4333055734508,-5.71797903419582
6.4370432,12.029186,16.303312,7.837982,19.828886,13.3540455369367,-6.48888197035026
6.4683328,11.681528,15.975943,8.015334,20.003844,9.37414029049084,-6.26031982549828
6.4996192,11.652557,16.134667,8.281363,20.266281,7.85828310287221,-6.27730761124989
6.542128,11.517357,16.561238,8.330627,20.227402,8.94795373970572,-5.5015185019145
6.6010912,11.971243,17.087012,9.069595,20.655077,8.32619935626154,-7.21082799925541
6.6325696,12.357529,16.604420,9.296212,20.577318,7.42625122960863,-9.51306196771596
6.6833872,12.289929,17.126693,9.158271,19.712247,12.8090756353919,-9.49846956931715
6.7145968,12.859701,16.422355,9.453858,19.090173,13.5437973646282,-13.5793845130522
6.7449408,13.159072,15.837060,9.089301,18.263981,17.0926383459129,-15.6211817425286
6.7886816,13.545358,15.539452,8.754302,18.273701,18.7164232672825,-16.2091490337426
6.8159504,14.424159,15.539452,8.399598,18.895775,20.8694316234815,-16.4823055546183
6.8471376,14.511073,15.460090,8.261657,18.934654,21.2893381422151,-16.4242744653209
6.8782992,15.080845,15.003759,8.557244,18.662497,21.6043048875848,-19.6503949323065
6.929576,16.703246,13.902611,10.921940,17.923784,17.1903761454645,-31.544277759115
6.9595952,16.809876,13.327237,11.995906,17.340590,13.6951052942132,-36.0310127584744
6.992112,17.069223,13.148672,12.675756,17.097592,12.3849484437421,-38.6476281797431
7.0307616,17.165277,12.573298,13.414724,16.446359,10.3356241366557,-42.5847781123206
7.07088,16.934747,12.057445,13.828546,15.499967,9.53214239149669,-45.8667744422301
7.1020816,16.588952,11.958242,13.503400,14.495051,12.8816505520535,-46.9368076226048
7.143328,16.587360,11.988003,13.513253,13.587700,16.5139554948287,-48.8651851705395
7.17616,16.368027,11.382867,13.818693,12.670593,15.8163625992043,-52.4908665503529
7.2083696,16.751532,11.491990,14.193103,12.026667,18.8253711492487,-55.1439165332866
7.2760944,16.558389,12.077285,15.247363,12.133988,15.6284704127382,-55.0557004963484
7.3058384,17.021196,11.353107,17.296062,10.729058,12.121048456049,-64.330971165943
7.3370912,17.117250,11.789598,17.745051,10.797353,12.1540669516072,-63.9589241259371
7.3696064,18.202662,12.136807,19.170102,10.846135,11.940098441859,-66.7797398977086
7.409552,21.939170,10.857094,23.259803,8.475315,14.3407439180388,-85.2956229319502
7.4395936,23.869859,11.521751,25.573070,8.572880,14.6589134070108,-87.713861926002
7.4695872,26.040683,13.436359,27.378785,9.987567,16.7273437812831,-84.099699384698
7.5308032,29.085601,15.509692,29.867744,11.246150,19.5746003470549,-82.4254363324226
7.5608,36.693092,17.594985,37.568875,13.607213,17.16902792652,-86.1450582632263
7.5946832,42.043310,19.321118,42.400383,14.124306,19.6686879804744,-88.9160647229901
7.632096,52.071366,17.781329,50.150317,12.826696,21.987362216161,-101.062039781469
7.663344,55.106678,16.418076,52.278133,11.548600,23.0939305225477,-106.490257171585
7.6933072,56.144064,12.801463,50.931167,7.919197,27.8829376338456,-116.632584805842
7.7371712,41.188428,6.968356,35.187283,4.250768,32.3299245167466,-124.398028305243
7.7757936,1.483579,-0.015500,0.871982,0.026220,62.9208321549452,-152.567288429165
7.8058384,0.247464,0.093622,0.172426,0.075003,0,0
7.8432976,0.199179,0.093622,0.142867,0.045733,0,0
7.8883568,0.189522,0.014260,0.182279,0.016464,0,0
7.9220336,0.102607,0.083702,0.123161,0.045733,0,0
7.9696176,0.141236,0.103543,0.093603,0.026220,0,0
8.001136,0.131579,0.024181,0.044338,-0.012805,0,0
8.0320704,0.102607,0.014260,0.004926,0.016464,0,0
8.06084,0.035007,0.024181,0.014779,-0.012805,0,0
8.102096,0.092950,0.073782,0.014779,0.045733,0,0
8.1347888,0.015693,0.024181,-0.014779,0.055490,0,0
8.1633456,0.025350,-0.015500,0.034485,-0.012805,0,0
8.1983216,25.656466,13.069310,20.038797,7.421617,47.6304890639101,-83.0125023693953
8.233336,39.555506,26.019693,31.224470,18.361180,40.8406644111034,-65.7332035225386
8.2646032,56.595518,43.486987,47.719922,33.932467,32.7363627202483,-56.4717211231963
8.2958384,54.463115,29.481768,45.484740,19.099893,39.0005864607685,-79.0250076468721
8.3471216,35.261885,14.825194,29.955589,9.489987,36.512990619886,-91.6802168529292
8.3770768,27.395047,12.940347,24.226104,8.289942,34.0181905553615,-87.1566922400235
8.4070864,24.955271,17.163452,20.858689,9.899758,44.529203359244,-68.931556105121
8.4508752,23.187874,16.506344,19.589808,11.109559,38.444883905672,-64.1541911114286
8.4782912,21.276396,15.251765,18.115955,11.460792,33.5472025177497,-61.4669129623691
8.5283232,19.557026,15.628735,16.419859,12.085206,33.4898935882519,-54.3900265909733
8.5707888,19.143993,15.598974,16.025743,12.631567,31.5620167578319,-52.0775705693461
8.5997056,17.876078,13.495881,14.981335,10.953456,31.3217978673648,-56.3263483415154
8.6308304,16.973168,13.386758,14.193103,10.914430,31.2817297913317,-53.7097339486596
8.6620928,16.377633,13.218114,13.503400,10.582711,33.0011151268292,-52.5122763485219
8.7008864,16.210731,12.890746,12.813697,10.250991,35.8345233485994,-52.4558000208736
8.732096,15.486445,12.890746,12.458993,10.143670,35.3037700077094,-50.5821267772466
8.7633936,15.216045,13.634764,12.360464,10.875404,34.1193337215067,-46.311382963425
8.8033712,15.187073,14.616869,12.360464,11.753486,33.6280420483886,-42.0891560297913
8.8351568,15.679588,15.638655,12.547669,12.504733,34.8455557703139,-39.7698191264303
8.8645824,16.017588,16.610840,12.774285,13.060852,35.9372948067012,-37.8846249838029
8.89716,16.345931,17.166374,12.991049,13.529162,35.996784842329,-37.0203536897123
8.9358256,16.597017,16.408268,12.991049,13.782830,33.3487001876861,-38.450217109944
8.9658336,16.406449,16.820186,12.981196,14.036498,33.0937120779706,-36.8203555818368
8.9958128,17.107644,17.536140,13.207813,14.338948,35.4870603829612,-36.7412889936786
9.040784,18.039370,18.428629,13.779281,14.738963,37.2650487434541,-37.2338743888154
9.0684672,18.673327,18.968046,14.163544,15.109708,37.8554144720671,-37.4861640704858
9.0983168,18.875041,19.291696,14.124133,15.070682,39.6163973950636,-37.2931773294376
9.133392,18.692538,19.007276,13.828546,14.202357,42.6275395235057,-38.4060246405406
9.1807904,17.731996,17.241912,12.833403,12.455951,45.573087537326,-41.2413273127868
9.2196304,16.617768,16.809245,11.887524,11.177855,50.4903040628791,-40.6459081324151
9.2533472,15.988617,15.390649,11.217527,10.153426,51.8572425528959,-43.1921538502285
9.2908528,15.563702,14.765673,10.872676,9.568039,52.9490763545622,-44.3215710568991
9.3208416,14.337244,13.406599,10.261796,9.128998,49.1480799834622,-44.5908614045957
9.3533408,13.680558,14.031574,10.192825,10.143670,44.0141732055853,-38.8840163152413
9.3933472,13.477758,15.202164,10.340619,11.685191,39.1919362802792,-32.7003301987319
9.4333824,13.796444,16.525959,11.316056,14.485295,28.2208144144713,-27.6185106177618
9.4633744,14.066844,16.879032,11.867819,15.226786,25.1464858108961,-27.4791579707538
9.4983248,14.153759,16.349423,12.242229,15.129221,22.4959646151009,-29.5885198264318
9.5351328,14.134444,16.511637,12.508257,14.485295,24.4998957713887,-30.9883873377615
9.5658576,13.960616,16.194189,12.350611,14.075523,25.0479430975444,-31.6246008647555
9.595824,14.134444,16.799324,12.350611,14.319435,26.8055556300638,-30.4299436731131
9.6470864,14.221359,16.408268,12.163406,14.826771,24.4554740762956,-30.0040063088478
9.6783184,14.047530,17.683253,11.926936,15.568262,26.2637852457191,-25.5931202013341
9.7095984,13.893016,17.526332,12.173258,16.378319,21.1335296135519,-24.7000722363582
9.7521376,13.873701,17.215975,12.754580,14.768232,23.955756973702,-29.1830510307085
9.7995872,13.603301,16.263631,12.784138,14.075523,22.2580473724957,-31.6586875539879
9.829568,13.815758,16.551318,13.207813,14.592616,20.3337304846699,-31.5248877031427
9.8708512,14.211701,16.293391,13.700458,14.143819,20.6533597318928,-34.6668952541103
9.9022624,14.250330,16.283471,13.661046,14.241383,20.529595319862,-34.5017202490779
9.9308976,14.540044,16.263631,13.986192,14.348704,19.8185799963452,-35.5788878334559
9.968352,14.849073,15.926342,14.321191,13.665752,21.0543015181439,-38.7818513576214
10.0033696,15.071188,15.737857,14.498543,13.821855,19.8927208544086,-39.6195233985855
10.0334192,15.264331,15.827140,14.833542,13.675509,20.1613339095209,-40.7387151832345
10.0645904,15.322274,15.727937,14.892659,13.509649,20.4231460244036,-41.4742682211648
10.1046032,15.525074,15.400569,14.882806,13.129147,21.483724894164,-43.2330468710418
10.13584,15.660274,15.013679,14.853247,12.973043,21.3193842242011,-44.5242066678999
10.1658448,15.814788,14.725992,15.109423,12.573029,21.4091881548004,-46.698264775353
10.1958288,15.795474,14.735912,15.010894,12.377899,22.5273510628206,-46.8679943329412
10.2358656,15.892045,14.944237,14.912365,12.758401,22.494350185897,-45.6439588743863
10.267176,16.046560,15.053360,15.276922,12.846209,21.6628036041043,-46.1909876022533
10.2983248,16.123817,14.874796,15.276922,12.534003,22.5157205050049,-47.3384310877343
10.338344,16.123817,14.825194,15.257216,12.494977,22.5710519781597,-47.4865597585163
10.3686384,16.056217,14.775593,15.247363,12.543759,22.0101889078875,-47.3480645487608
10.3996336,16.123817,14.587108,15.385304,12.368143,21.7325121747239,-48.4798248611965
10.4645888,16.114160,14.458145,15.513392,12.387656,20.6710850267473,-48.9227391097916
10.5022992,16.046560,14.616869,15.572509,12.621811,19.8629162195467,-48.0844674916773
10.533424,16.104503,14.527587,15.611921,12.553516,19.8631763218136,-48.5874340987197
10.5758416,16.007931,14.477986,15.552803,12.670593,19.1240504792406,-48.1676022113983
10.6045936,15.843760,14.616869,15.454274,12.982800,18.2189575208674,-46.7586142125773
10.6358496,15.872731,14.517667,15.582362,12.904748,17.7792716850478,-47.4083748156278
10.6687136,15.785817,14.438305,15.454274,12.865722,17.8222226501618,-47.2647078601751
10.705888,15.611988,14.725992,15.345892,13.012069,18.083942351406,-45.8537831655859
10.7371104,15.563702,14.864875,15.158687,13.148660,18.5994783230403,-44.8577994416904
10.7671376,15.428502,14.983918,14.991188,13.314520,18.5483201735776,-43.7185756885821
10.80708,15.341588,15.083121,14.922218,13.353545,18.7064196272532,-43.1486285566492
10.8383392,15.235359,15.172403,14.754718,13.285250,19.5513419402667,-42.5891427392356
10.8687456,15.119473,15.380728,14.547807,13.353545,20.4148196470606,-41.4214419655772
10.9008688,15.080845,15.598974,14.449278,13.480379,20.9395791245928,-40.4769922579058
10.9396,15.071188,15.837060,14.390161,13.548675,21.7051909071239,-39.7466911663367
10.972096,15.022902,16.015624,14.252220,13.441353,23.1109066923768,-39.2472247148663
11.0008688,14.916673,16.164428,14.242368,13.509649,23.0313457165685,-38.6022321888251
11.0350064,14.820102,16.243790,14.065015,13.529162,23.5869525309385,-37.8747323233457
11.0945888,14.694559,16.442195,13.927075,13.538918,24.3417802680419,-36.9556117890114
11.1233648,14.636616,16.561238,13.759575,13.626726,24.8663833291128,-36.1135648757917
11.1645968,14.607645,16.680281,13.680752,13.665752,25.33383005659,-35.599649239802
11.1958144,14.569016,16.759643,13.611782,13.773073,25.3230134122665,-35.0336507035476
11.2258864,14.472444,16.809245,13.532959,13.890151,25.0108691471927,-34.3686935265157
11.2595632,14.433816,16.928288,13.552665,13.919420,25.0952648096845,-34.0561557386605
11.2983344,14.327587,17.037410,13.355607,14.036498,25.4194096946907,-33.0215764509138
11.3271392,14.211701,17.017570,13.296489,13.968202,25.4544923126806,-32.822684384414
11.3583504,14.182730,17.156453,13.207813,14.173088,25.3747668891327,-31.9529826074093
11.4046016,14.066844,17.265576,13.079725,14.241383,25.5870677772447,-31.1252814705819
11.4395968,13.873701,16.545574,12.902373,14.485295,22.1346965734153,-31.2094078712357
11.469608,13.844730,16.663265,12.793991,14.534077,22.6841885312493,-30.6147634866931
11.5258768,13.767473,16.565189,12.734874,14.563346,22.1800298855998,-30.4491158728656
11.5620832,13.535701,16.633842,12.606786,14.699937,21.5642369267311,-29.3036584206416
11.5921088,13.477758,16.731918,12.537816,14.836527,21.4407138016216,-28.6071011410842
11.633344,13.419815,16.849609,12.508257,14.973118,21.2326680501455,-27.9641692742189
11.6633296,13.352215,16.820186,12.458993,15.012144,20.9261694990624,-27.6924057509954
11.6971136,13.361872,16.859417,12.409728,15.012144,21.294881482506,-27.5364118232201
11.7421456,13.245987,16.957492,12.380169,15.099952,21.0020415313698,-26.8900654800868
11.7758528,13.149415,16.928070,12.330905,15.119465,20.6675150465945,-26.5862972240032
11.8058448,13.197701,17.016338,12.321052,15.265812,20.621034540959,-26.260846337948
11.8370992,13.062501,16.977108,12.291493,15.285325,20.0348484074707,-25.9311571310389
11.8783152,13.043186,17.016338,12.281640,15.412158,19.6490444203965,-25.5781880708531
11.9083552,12.994901,16.937877,12.301346,15.460941,18.9253845549583,-25.5661994471999
11.9396064,12.782443,16.869224,12.311199,15.665826,17.0719553864417,-24.8797552891048
11.9746016,12.676215,16.937877,12.301346,15.773148,16.5586167965574,-24.3178989643204
12.0120736,12.637586,16.888839,12.222523,15.870712,16.1657116982973,-23.9712310858479
12.0421104,12.627929,16.908455,12.232376,16.339440,14.3744394988843,-23.144955114786
12.0721216,12.569986,16.928070,12.192964,16.388039,14.1991195471474,-22.811713001615
12.1172704,12.579643,16.908455,12.202817,16.358880,14.2357098259088,-22.9373494178764
12.144584,12.531358,16.967300,12.222523,15.929251,15.8387215819952,-23.4986053427707
12.1746064,12.541015,17.075183,12.183111,16.368600,14.7426482657836,-22.5110464620536
12.2095984,12.647243,17.134029,12.163406,16.368600,15.4188047026713,-22.6077558813571
12.245824,12.637586,17.124221,12.114141,15.890225,17.3673028286039,-23.2939542096834
12.2771008,12.598958,17.094799,11.986053,15.802417,17.9566780951147,-23.1152649971172
12.3083632,12.598958,17.173259,11.995906,15.753635,18.393578181775,-23.087302933813
12.3508432,12.618272,17.290950,11.976200,15.743878,19.004751514799,-22.9038318018508
12.3883456,12.724501,17.428256,11.956495,15.704852,20.1103783561489,-22.9340181818497
12.4208576,12.753472,17.349796,11.926936,15.675583,20.1629284800304,-23.1143993343837
12.4646352,12.705186,17.310565,11.986053,15.587775,19.9607149126345,-23.3540508380977
12.4921088,12.782443,17.320373,11.926936,15.548749,20.6588788904761,-23.4446894457504
12.5221072,12.850043,17.300758,11.976200,15.480454,20.9057716401813,-23.8580406385559
12.5546064,12.879015,17.241912,12.035318,15.519480,20.4132425695025,-24.0899626665709
12.6033904,12.936958,17.212489,12.064877,15.538992,20.3232598309284,-24.3030823349206
12.6346736,12.907986,17.026146,12.133847,15.646314,18.8607022743228,-24.5278364349755
12.6646368,12.994901,17.006530,12.163406,15.636557,19.026430177418,-24.8381942737712
12.7058992,13.072158,16.937877,12.261935,15.538992,19.0536759804762,-25.5150501273758
12.7383536,13.110786,16.790764,12.281640,15.470697,18.8512972159542,-26.0179531342694
12.7671088,13.197701,16.712303,12.360464,15.363376,18.9929117078965,-26.708536025165
12.8045984,13.226672,16.712303,12.301346,15.343863,19.4045454771936,-26.676368302004
12.838352,13.294272,16.741726,12.360464,15.256055,19.8664105968842,-27.0577018356591
12.8708544,13.313587,16.751533,12.330905,15.295081,19.9340924181342,-26.9493511874673
12.8995824,13.294272,16.800571,12.321052,15.256055,20.2322050971842,-26.8677038280546
12.9396368,13.419815,16.869224,12.291493,15.265812,21.0046362699446,-26.9407246716057
12.9746016,13.439130,16.859417,12.360464,15.158491,21.1889411252159,-27.3394267713224
13.020824,13.390844,16.643650,12.242229,15.070682,21.0552618311762,-27.511369177367
13.0721024,13.371529,16.908455,12.311199,15.041413,21.7774775013201,-27.2035122133824
13.103408,13.400501,17.065376,12.321052,15.187760,21.8234729493173,-26.7566659209911
13.134672,13.439130,17.045761,12.340758,15.080439,22.2352202111544,-27.1061932418107
13.1758304,13.400501,17.045761,12.301346,15.119465,22.0998637736756,-26.8671458230625
13.2071328,13.371529,17.016338,12.252082,15.060926,22.317855145507,-26.8496852460679
13.2359344,13.371529,16.986915,12.104288,15.080439,22.7214161839316,-26.5415767268165
13.2693104,13.313587,17.045761,12.133847,15.138978,22.3754215192191,-26.2734039357513
13.3183408,13.284615,17.124221,12.153553,15.158491,22.396124656748,-26.0820854091285
13.348384,13.188044,17.173259,12.005759,15.324350,22.1558790782015,-25.1676635157384
13.382072,13.168729,17.222297,12.084582,15.363376,21.7969890465255,-25.1482060416195
13.4395744,13.101129,17.192874,12.094435,15.334107,21.5281334948902,-25.1209194108672
13.4720624,13.004558,17.173259,11.995906,15.451184,21.040136225409,-24.5176056983386
13.5033616,12.994901,17.212489,11.995906,15.499967,20.9541329983118,-24.3451276193989
13.5421104,13.004558,17.202682,11.976200,15.499967,21.0310311148273,-24.3393999582943
13.5721072,13.043186,17.192874,12.055024,15.519480,20.7481514951081,-24.5854383241752
13.6058528,12.917643,17.153644,12.015612,15.460941,20.5422627406953,-24.383799517389
13.654536,12.927301,17.232105,12.045171,15.568262,20.3215134377278,-24.1538497661474
13.6945872,12.888672,17.084991,12.064877,15.538992,19.6914188111827,-24.4132166142976
13.7245904,12.782443,17.075183,12.064877,15.597531,19.0432423041564,-24.0909179044564
13.7659184,12.850043,17.104606,12.015612,15.538992,19.815881632289,-24.1820733424441
13.795816,12.830729,17.212489,12.005759,15.617044,19.8677965629763,-23.7987525399144
13.8271472,12.850043,17.281143,12.035318,15.626801,20.0300395772732,-23.7752911380472
13.8596368,12.859701,17.192874,12.074729,15.646314,19.5177925997031,-24.0023913466841
13.8983776,12.840386,17.134029,12.035318,15.646314,19.3901089003518,-23.9708209071683
13.9296144,12.830729,17.163452,12.064877,15.597531,19.5364320167546,-24.0485958696917
13.959608,12.753472,17.134029,11.986053,15.695096,19.0781314539151,-23.5808252300635
14.0033488,12.772786,17.143836,11.946642,15.743878,19.1468162962663,-23.4358134983431
14.0308464,12.724501,17.114414,11.976200,15.821930,18.4463692568857,-23.3109764744714
14.0633568,12.753472,17.153644,12.035318,15.821930,18.4635211500936,-23.4433038244294
14.0934,12.647243,17.114414,12.015612,15.890225,17.7479146410443,-23.1097530410908
14.1334256,12.656900,17.026146,12.074729,15.909738,17.1575841801103,-23.3816343234951
14.1646032,12.676215,17.026146,12.045171,15.909738,17.3422327478579,-23.3584974024007
14.1946128,12.705186,17.016338,12.045171,15.929251,17.3365243606233,-23.4074525390572
14.2408816,12.695529,17.026146,12.094435,15.919494,17.1844358936902,-23.4966798202485
14.287184,12.695529,17.006530,12.015612,15.909738,17.4555512135665,-23.3686192368542
14.3170352,12.782443,17.035953,12.114141,15.870712,17.6481151852947,-23.8026685755905
14.3696336,12.792101,17.163452,12.094435,15.899982,18.1074095145104,-23.5145013556444
14.3996848,12.782443,16.898647,12.074729,15.870712,17.3013903530131,-23.9478840651648
14.4309696,12.695529,16.918262,12.055024,15.851199,17.2077734764743,-23.7073833716687
14.4733392,12.685872,16.898647,12.035318,15.870712,17.1015591782064,-23.6412158569048
14.501064,12.734158,17.045761,12.035318,15.909738,17.6623752293214,-23.4337816116582
14.530976,12.676215,17.055568,12.094435,15.929251,17.1835527110196,-23.3867618714503
14.5658352,12.734158,17.035953,12.074729,15.831686,17.7763841923632,-23.6717580198931
14.61464,12.763129,17.065376,12.094435,15.841443,17.8741804206756,-23.7147290569364
14.6433904,12.772786,17.026146,12.025465,15.802417,18.1857442261897,-23.7142804260331
14.6833968,12.763129,17.055568,12.104288,15.763391,18.1029179105526,-23.8863470078787
14.7246112,12.724501,17.045761,12.025465,15.831686,17.967993032398,-23.5222207994335
14.7558288,12.676215,17.124221,11.986053,15.792660,18.3824042523197,-23.2570375434739
14.7861776,12.724501,17.183067,11.966348,15.821930,18.7331453638945,-23.1724592596671
14.8258144,12.734158,17.183067,12.005759,15.841443,18.5390504349487,-23.250292753919
14.8558896,12.821072,17.173259,11.976200,15.782904,19.1598270973562,-23.4953055051957
14.8871312,12.734158,17.202682,11.926936,15.792660,19.1063956935277,-23.1214879917242
14.9408528,12.782443,17.320373,11.986053,15.782904,19.5116788713202,-23.1817577649551
14.9846992,12.724501,17.330180,11.926936,15.753635,19.6832624667941,-22.9502231473605
15.0208576,12.705186,17.447871,11.828407,15.685339,20.6894799592724,-22.5998500347556
