0.0276448,13.056917,15.473702,13.455126,15.720669,0.342912611471043,-0.957488418255819
0.067432,13.095554,15.424111,13.435424,15.749951,0.265814282746941,-1.03479847030824
0.0974576,13.095554,15.374520,13.504380,15.759712,-0.214074776911485,-1.25423332203851
0.128696,13.027939,15.443948,13.494529,15.701148,0.0461393720842875,-1.0692781706692
0.1599232,13.095554,15.404275,13.524082,15.730430,-0.0655831913404179,-1.29531639909949
0.2086512,13.105213,15.414193,13.425573,15.740191,0.337586576313134,-1.07015026070096
0.2399072,13.047258,15.414193,13.435424,15.798754,-0.136171408416466,-0.861042217680888
0.2699376,13.056917,15.533212,13.366467,15.779233,0.680146814172967,-0.554007801044081
0.3212176,13.047258,15.592721,13.327064,15.837797,0.797580111039767,-0.235914739633374
0.35116,12.989302,15.632394,13.307362,15.837797,0.801606394021183,0.00218781118004507
0.382528,12.989302,15.592721,13.317213,15.828036,0.651133161061036,-0.107886788297197
0.4237424,13.008621,15.503457,13.317213,15.749951,0.67630608512963,-0.45150107273013
0.4536944,13.056917,15.533212,13.317213,15.779233,0.863222493693866,-0.448428576041726
0.4848976,13.037598,15.543130,13.386169,15.730430,0.75268101312215,-0.625152961198195
0.5261776,13.056917,15.562967,13.346765,15.769472,0.902211054641646,-0.475676952143013
0.5761472,13.172828,15.503457,13.415722,15.662106,1.25820770964768,-1.17301048990971
0.6061264,13.105213,15.533212,13.494529,15.710909,0.641214488249469,-1.05426336813079
0.638696,13.076236,15.493539,13.405871,15.632824,1.00118627300784,-1.01710314736511
0.6774752,13.201806,15.493539,13.504380,15.623063,1.14558656899631,-1.51219296744764
0.707464,13.095554,15.473702,13.435424,15.642584,0.852781801124657,-1.13985875344135
0.7387024,13.056917,15.483621,13.435424,15.671866,0.634975463780071,-0.986022468363805
0.7786976,13.095554,15.443948,13.543784,15.701148,0.120425328309605,-1.31832623853166
0.8111712,13.172828,15.394356,13.494529,15.632824,0.661404959727921,-1.59283208691429
0.8399696,13.076236,15.334847,13.396020,15.593781,0.580683760952378,-1.35700934372311
0.8725216,13.124532,15.434029,13.494529,15.613303,0.701293374630228,-1.45331334953429
0.9124448,13.134191,15.443948,13.543784,15.681627,0.339128011099975,-1.43596552670751
0.941216,13.182488,15.434029,13.504380,15.574260,1.02933934155824,-1.66880086668461
0.972448,13.201806,15.354683,13.593038,15.554739,0.545002240814921,-2.07878786075146
1.0148864,13.153510,15.354683,13.573337,15.593781,0.289994887776961,-1.86313230883652
1.0524384,13.163169,15.334847,13.563486,15.593781,0.28791037959874,-1.89907679182458
1.0836832,13.221125,15.364602,13.533933,15.535218,0.948140391344682,-2.01214205372065
1.1136544,13.172828,15.394356,13.504380,15.505936,1.09720839861765,-1.84605568083574
1.1724304,13.221125,15.404275,13.474827,15.505936,1.42789157836771,-1.86768085514176
1.2036448,13.201806,15.344765,13.533933,15.535218,0.799775641446287,-2.00759740405788
1.2548912,13.230784,15.384438,13.533933,15.525457,1.09612279346289,-2.01412285998309
1.2862032,13.240443,15.394356,13.533933,15.515697,1.20651775185618,-2.03429501221821
1.3162208,13.269421,15.443948,13.553635,15.505936,1.46608083157168,-2.06427794300698
1.351168,13.259762,15.483621,13.504380,15.476654,1.87211609491598,-1.92056221326871
1.3886688,13.230784,15.354683,13.524082,15.486415,1.16578693006046,-2.11960725550104
1.4186896,13.182488,15.404275,13.593038,15.525457,0.768478342062757,-2.00064016889451
1.4487008,13.230784,15.334847,13.583187,15.535218,0.688773021799259,-2.19151907925068
1.4886832,13.201806,15.434029,13.543784,15.554739,1.02840205137991,-1.82909495235861
1.5299984,13.259762,15.364602,13.563486,15.535218,0.98435710951045,-2.15649478109685
1.5599488,13.201806,15.364602,13.593038,15.564500,0.54634979730345,-2.04269495899382
1.606192,13.201806,15.453866,13.612740,15.642584,0.521649832618354,-1.77841798113419
1.6412128,13.192147,15.245583,13.602889,15.564500,0.0211358963058412,-2.26176932741857
1.6724912,13.172828,15.166237,13.642293,15.515697,-0.320138184896652,-2.54074086699157
1.7074656,13.172828,15.205910,13.701399,15.593781,-0.67674884091509,-2.44831799243574
1.7436848,13.192147,15.315010,13.701399,15.671866,-0.476200596436621,-2.14537392185799
1.7875216,13.298399,15.285256,13.681697,15.613303,0.102603308826015,-2.4895552079802
1.8361376,13.240443,15.176155,13.770355,15.505936,-0.462659201284785,-2.95310722601984
1.8662016,13.240443,15.126564,13.760504,15.505936,-0.615270983535652,-3.02423220446259
1.8974896,13.317717,15.186073,13.760504,15.544978,-0.238946575626958,-3.00412031529099
1.9274752,13.269421,15.215828,13.790057,15.505936,-0.274319835976586,-2.98196962861088
1.9699056,13.172828,15.186073,13.721100,15.496175,-0.464240688209257,-2.70668990873604
1.9999424,13.230784,15.235664,13.681697,15.486415,0.127702740042634,-2.67219925456741
2.0412288,13.269421,15.176155,13.691548,15.544978,-0.2052482064053,-2.77610851254914
2.0811168,13.211465,15.215828,13.711249,15.525457,-0.275500658260046,-2.65830960718925
2.1111776,13.308058,15.166237,13.711249,15.515697,-0.0605631562783335,-2.97128058664957
2.1427712,13.317717,15.166237,13.671846,15.505936,0.158364284068489,-2.92681398237918
2.1736576,13.230784,15.285256,13.740802,15.418091,0.350308272596982,-2.83132920942186
2.2152624,13.279080,15.205910,13.721100,15.427851,0.269299054906368,-3.02028294809668
2.246488,13.385332,15.235664,13.721100,15.388809,0.929949945194671,-3.26050821534248
2.2749456,13.327377,15.245583,13.721100,15.418091,0.639300756104965,-3.06633695828178
2.3162128,13.346695,15.195991,13.691548,15.340006,0.925132686433802,-3.2817723058049
2.3465024,13.356354,15.215828,13.760504,15.369288,0.671277717073929,-3.355380832471
2.3761792,13.366014,15.225746,13.701399,15.349766,1.03797799607604,-3.26956374043813
2.4090736,13.385332,15.305092,13.750653,15.340006,1.26380972669473,-3.28415576327599
2.4686224,13.385332,15.205910,13.750653,15.300963,1.03433451387302,-3.54092051896007
2.4987376,13.366014,15.195991,13.671846,15.330245,1.10827522213881,-3.29912267237177
2.5337408,13.385332,15.315010,13.671846,15.310724,1.70417209030971,-3.15489278151251
2.569936,13.385332,15.315010,13.711249,15.330245,1.4843172981326,-3.20134396979287
2.59988,13.452947,15.285256,13.681697,15.300963,1.84653600871436,-3.39057013491002
2.6311648,13.404651,15.285256,13.642293,15.359527,1.59292946551661,-3.0981074748674
2.6811376,13.375673,15.285256,13.671846,15.349766,1.409694652104,-3.11740185364793
2.7124768,13.356354,15.324929,13.652144,15.369288,1.48721535602449,-2.92584369530116
2.763704,13.366014,15.324929,13.642293,15.320485,1.7426590431075,-3.01577600344993
2.8036432,13.375673,15.285256,13.622591,15.388809,1.44779117273171,-2.9416110594274
2.8348976,13.308058,15.364602,13.573337,15.359527,1.78551950583023,-2.60282695274158
2.8662064,13.259762,15.394356,13.533933,15.379048,1.7899095420076,-2.32649788211567
2.9074368,13.346695,15.404275,13.543784,15.486415,1.7172075401133,-2.31524892572482
2.9361584,13.327377,15.443948,13.474827,15.447372,2.19727511662205,-2.12758582761296
2.9662256,13.337036,15.424111,13.464976,15.427851,2.26896669700094,-2.19948673762847
2.9999776,13.250102,15.434029,13.524082,15.408330,1.83051104389015,-2.15822444594294
3.0386736,13.230784,15.513375,13.484678,15.457133,2.02164509851065,-1.7986139592143
3.0724976,13.288739,15.453866,13.484678,15.447372,2.0523061777936,-2.04843922566489
3.1124944,13.279080,15.493539,13.435424,15.515697,2.09395806790724,-1.72574032983458
3.151176,13.269421,15.463784,13.484678,15.486415,1.87091995261201,-1.91773881160739
3.1811824,13.201806,15.483621,13.514231,15.505936,1.50756905952427,-1.76497859140211
3.2124848,13.259762,15.434029,13.474827,15.515697,1.64975490593429,-1.87724421627993
3.246216,13.250102,15.523294,13.415722,15.574260,1.95167361585404,-1.46118577003522
3.294944,13.114873,15.513375,13.405871,15.554739,1.51396479403992,-1.20576291114005
3.3236336,13.143850,15.483621,13.425573,15.574260,1.36452250610168,-1.3283121915493
3.3599232,13.085895,15.513375,13.396020,15.642584,1.11321687823727,-0.962873722417426
3.4099856,13.172828,15.592721,13.396020,15.652345,1.70436908454632,-0.986737999985721
3.4374672,13.124532,15.533212,13.356616,15.740191,1.11756741815374,-0.748220287233739
3.4737264,13.105213,15.503457,13.317213,15.691388,1.26069182885667,-0.764928457481428
3.5093552,12.989302,15.592721,13.336914,15.788994,0.72298427872657,-0.220549149252896
3.5486816,12.979643,15.701822,13.327064,15.847557,0.918038522044519,0.122686714584022
3.5786736,12.941006,15.672067,13.218703,15.886600,0.917108612629476,0.456012819679325
3.6211504,12.892709,15.662149,13.238405,15.896360,0.587150422622069,0.517521305623635
3.6511984,12.873391,15.681985,13.159598,15.915881,0.809595368228524,0.800415255964451
3.6811344,12.844413,15.741495,13.169449,15.896360,0.961273101095156,0.91332580744818
3.7299104,12.854072,15.711740,13.169449,15.945163,0.703563764813921,0.926347463582125
3.7749328,12.902369,15.662149,13.228554,15.896360,0.660362078855404,0.517935656713291
3.8048992,12.979643,15.622476,13.297511,15.896360,0.546784721833228,0.131474842472985
3.846416,12.921687,15.642313,13.267958,15.808515,0.838579435780852,0.197935575465536
3.8766544,12.902369,15.562967,13.199002,15.828036,0.648237524599561,0.281153027750321
3.9161824,12.969984,15.612558,13.297511,15.847557,0.6537654717538,0.0468345594303035
3.9524496,13.037598,15.562967,13.297511,15.749951,1.08510601397712,-0.363804260243672
3.9887168,12.989302,15.553048,13.228554,15.730430,1.19476870693027,-0.164596440324292
4.0286768,13.056917,15.632394,13.317213,15.642584,1.74764538577893,-0.516174419989955
4.0625056,13.163169,15.612558,13.376318,15.710909,1.59794056131605,-0.78224445151349
4.1049552,13.095554,15.562967,13.336914,15.613303,1.66722147924238,-0.820160892171353
4.132512,13.095554,15.434029,13.317213,15.525457,1.58198583538945,-1.17307095099196
4.163664,13.134191,15.513375,13.297511,15.613303,1.77327240990465,-0.908649839153998
4.2048816,13.192147,15.562967,13.336914,15.691388,1.73987972523846,-0.885052460952235
4.2361424,13.211465,15.652231,13.415722,15.642584,2.03603792043273,-1.02085142862146
4.2786816,13.221125,15.493539,13.396020,15.564500,1.84055872985651,-1.42969712804196
4.3162384,13.182488,15.443948,13.425573,15.505936,1.6159367857191,-1.60803803920182
4.349976,13.279080,15.473702,13.484678,15.574260,1.6169208950624,-1.75940778176398
4.3875296,13.259762,15.424111,13.494529,15.584021,1.28415472348395,-1.81212209010378
4.423744,13.192147,15.463784,13.474827,15.515697,1.50683394566445,-1.67921778620033
4.4587088,13.211465,15.404275,13.514231,15.574260,0.989737498724902,-1.8056364988437
4.493216,13.221125,15.453866,13.514231,15.535218,1.35901361397949,-1.80682104230256
4.5211472,13.288739,15.434029,13.494529,15.554739,1.53989658929652,-1.90890993946636
4.562488,13.279080,15.394356,13.593038,15.496175,1.20507577762279,-2.27679415950745
4.5928032,13.269421,15.324929,13.553635,15.486415,1.08920524277487,-2.3187338317546
4.622544,13.298399,15.414193,13.494529,15.515697,1.64711744606175,-2.03719364737402
4.663672,13.240443,15.374520,13.593038,15.574260,0.693944384258575,-2.08833832325695
4.703728,13.221125,15.463784,13.563486,15.505936,1.3220496321606,-1.946612735592
4.732488,13.298399,15.374520,13.543784,15.525457,1.27746727245924,-2.19622939843912
4.766184,13.269421,15.404275,13.533933,15.457133,1.57189507331907,-2.1849640574966
4.8061424,13.279080,15.374520,13.553635,15.486415,1.3132668523406,-2.24793177139129
4.836176,13.279080,15.463784,13.593038,15.505936,1.4305412123739,-2.13158009807116
4.8662384,13.317717,15.414193,13.652144,15.418091,1.49624302148354,-2.5898652908676
4.8999392,13.317717,15.285256,13.681697,15.330245,1.2266635205891,-3.05252294460871
4.9374592,13.346695,15.116646,13.898417,15.183836,0.434955359917899,-4.15470592900288
4.968736,13.308058,15.106727,14.046181,14.998385,0.390512274152624,-4.74974534591886
5.0149856,13.404651,15.156318,14.193945,14.910539,0.722869940182147,-5.32795073154044
5.0599392,13.530221,15.265419,14.233348,14.998385,1.13638876956131,-5.29557309092694
5.0899424,13.452947,15.275337,14.134839,14.949582,1.42977171099288,-5.00738600048725
5.122472,13.472266,15.265419,13.967373,14.920300,2.19993829387029,-4.77495026816094
5.1624976,13.481925,15.424111,13.868864,14.998385,2.90880003495272,-4.14632374262215
5.1929776,13.433629,15.463784,13.829460,14.939821,3.2444955942911,-3.99909253808147
5.2236864,13.452947,15.493539,13.770355,14.910539,3.76124877133608,-3.91521386710527
5.2725104,13.452947,15.562967,13.701399,14.978864,4.02295301342945,-3.51428828733247
5.3136976,13.491584,15.642313,13.563486,15.105751,4.50381861913162,-2.92414381207543
5.3449632,13.530221,15.642313,13.553635,15.154554,4.50030736339558,-2.89448262418883
5.386208,13.530221,15.543130,13.494529,15.017906,4.87227399674603,-3.20688285622551
5.4199312,13.588177,15.523294,13.464976,15.076470,4.90402218936063,-3.19461956519164
5.4475344,13.530221,15.523294,13.464976,15.154554,4.39259019143782,-2.9281615532395
5.4811824,13.568858,15.553048,13.553635,15.252160,3.94488963712497,-2.96003361223224
5.527472,13.713747,15.334847,13.701399,14.988624,4.10796942954643,-4.46526758200562
5.5587088,13.762044,15.394356,13.721100,14.949582,4.58193850741323,-4.5677547985852
5.5931696,13.945570,15.374520,13.750653,14.861736,5.40820212989347,-5.20921089518089
5.6349664,14.129096,15.156318,13.750653,14.637243,6.13264739740866,-6.42457081372376
5.669976,14.071140,15.116646,13.819610,14.617721,5.58294010537031,-6.56027411794021
5.7012224,14.032503,15.106727,13.878715,14.705567,4.84486078742749,-6.45301413500781
5.7411632,13.839318,15.156318,13.770355,14.861736,4.12924128204049,-5.44321294598872
5.7711728,13.626814,15.245583,13.661995,14.978864,3.63503991223525,-4.3886298753461
5.8025408,13.404651,15.443948,13.415722,15.300963,3.25956724042977,-2.43550892872373
5.83368,13.182488,15.890269,13.090641,15.574260,4.29278868315648,0.0426399258718604
5.8736928,12.786457,16.158061,12.745859,15.818275,4.19546273617647,2.56653835908926
5.9036832,12.371109,16.544873,12.341972,16.388039,3.46189658085862,6.04792822769446
5.9337312,11.714279,17.020949,11.957786,16.631037,3.31638635986613,9.63950161977215
5.9836768,11.550071,16.555382,11.741065,16.737956,1.33412489661197,9.94379511361702
6.0149584,11.550071,16.712303,11.435687,15.935403,6.23192160013738,9.59104328590789
6.0462192,11.723938,16.869224,11.406134,15.086230,11.0201141931253,8.05670060788951
6.07996,12.062012,17.084991,11.504643,14.090649,16.8100919208089,5.63808511181695
6.117472,12.429065,17.114414,11.800171,13.329322,20.2424307156834,2.75050297128385
6.148752,12.583613,16.741726,12.135102,13.046264,19.2232578835954,0.394808007343288
6.1824704,12.448383,17.239150,12.341972,13.026743,19.7465201871632,1.13019423943178
6.2199296,11.308589,16.544873,12.213910,13.993043,9.35735657594314,4.58626410199933
6.2499776,10.922219,16.366344,12.115400,14.354185,6.06171449162636,6.08493833152377
6.2911744,10.361981,16.277080,12.125251,15.066709,0.539774810673487,8.54835826199918
6.3324608,9.724469,16.158061,11.977488,15.896360,-5.25643957221214,11.7467412870504
6.3611856,9.482987,16.158061,11.741065,16.339440,-7.06765760922129,13.7153488011018
6.3925472,9.531284,16.207652,12.440481,15.847557,-7.45145738323791,11.0691358061581
6.4237328,9.666514,16.257244,12.529139,15.222879,-4.61079679023198,9.51143408195086
6.4637088,9.685832,16.187816,12.607946,14.695806,-3.05890389341782,8.20712131983399
6.4938464,9.647195,16.425854,12.519288,15.398569,-4.63411267039503,10.1849099293528
6.524952,9.569921,17.330180,11.731215,16.456079,-2.29536770724459,15.6296923580255
6.5649728,9.338098,18.771894,10.618061,17.787706,1.63040292940837,23.2838976363602
6.5962096,8.980705,20.037072,9.347292,19.022133,5.20943260752449,30.9751517769286
6.6286736,9.009683,20.331299,8.963106,19.177652,7.28398989175119,32.5038359326334
6.6574352,9.038661,20.350914,8.677429,19.634487,6.806898090441,33.7896459074709
6.6974928,9.492647,18.605165,9.110870,19.265131,1.69697497542153,28.6850822406569
6.727496,10.342662,18.036326,9.820136,18.711097,2.18427607199926,23.0140655527821
6.7687408,8.806839,16.986915,10.421042,18.011263,-7.77108803224394,22.9465498036063
6.81748,12.400087,15.364602,11.622854,16.601877,0.984553080496371,5.96632005788515
6.8512144,13.211465,14.581060,12.696605,15.808515,0.023076030960036,-1.13267877500443
6.8787216,13.733066,13.847110,13.376318,15.447372,-2.00964408450449,-5.79112317714476
6.9224704,14.061481,13.490053,14.243199,15.174076,-4.32697113791053,-9.48821785981109
6.9711616,14.930815,13.132996,15.710986,14.334664,-4.62033986586204,-16.4345859391288
7.0024768,15.413779,13.123078,16.378564,13.905197,-3.66634989015498,-19.4407274757805
7.0424608,15.616623,12.835449,17.364387,13.085307,-4.57902907973061,-23.8721070542506
7.0736896,15.800149,12.637084,17.862178,11.904274,-2.18083974672772,-28.0721942619582
7.1036928,15.829127,12.627166,17.959785,11.904274,-2.46253425648167,-28.3032810361303
7.1399344,15.539349,12.121335,18.389252,11.816429,-6.75834477806287,-29.8900210143916
7.1749424,15.558668,11.625423,18.623507,11.386962,-7.93531044665065,-32.4710946035575
7.206176,15.983676,11.268366,19.111538,11.084383,-8.33093737101795,-35.4937120567221
7.2361712,16.312091,11.109674,19.492202,11.084383,-9.01306926512055,-36.9594213766543
7.2862192,16.601869,10.851800,19.745978,10.742762,-8.57700222683147,-39.2341662416807
7.3162224,16.723428,10.375724,20.087600,10.127844,-9.00802679604158,-42.6434056476416
7.347496,16.953958,10.286460,20.224249,9.805745,-7.78201676471015,-44.218164226779
7.3886672,17.357385,10.107932,20.429222,9.415321,-6.22457433447695,-46.5367286014903
7.419968,18.058581,9.959158,20.848929,8.966333,-3.96564515267278,-49.595922374594
7.4499872,18.875041,10.107932,21.463848,8.849206,-2.09290440946747,-51.3151491178866
7.4836944,19.288074,10.008749,21.971400,8.585669,-1.79503993969853,-53.3762360993552
7.5211744,19.825978,9.304554,22.400868,7.960991,-1.71749918336762,-58.0386396222725
7.5624768,19.979664,8.887988,22.469192,7.512003,-1.33318422606456,-60.6684923271298
7.6049376,20.008481,8.878069,22.029964,7.258228,1.26872070117919,-60.9657037500399
7.64372,19.710713,8.461503,21.532172,6.828761,2.04073327902614,-62.5413846256476
7.6749536,19.787556,8.590440,22.020203,7.102058,-0.0388587189881564,-61.983621424679
7.7049248,19.825978,8.719377,22.322783,7.375355,-1.52162039721092,-61.2030640173164
7.747448,19.758740,8.808642,22.322783,7.404637,-1.54479506310777,-60.7948654614926
7.776288,19.605053,9.413655,22.234937,7.882906,-1.2605067404402,-57.5209038722702
7.8061792,19.480183,9.820303,22.156852,8.214767,-1.12279575030089,-55.2976585863069
7.8399968,19.489788,9.969076,21.815230,8.097639,1.10791092182591,-54.8275049336292
7.8774928,19.902821,10.286460,22.264219,8.429500,0.969668284095824,-54.1183403546125
7.9088,20.584806,10.782372,23.201239,9.161545,-0.618768762383601,-52.8562479799462
7.9387136,20.671254,10.950983,23.620946,9.386039,-1.87528522176394,-52.4622402526265
7.9799632,20.344670,10.891473,23.318366,9.307954,-1.94938649510996,-52.0920737149725
8.0211808,19.240047,10.147605,22.059246,8.937051,-3.00417110547328,-52.1469434394472
8.051224,18.308322,9.552510,20.927014,8.468542,-3.03970829660428,-52.4460852764728
8.0811712,17.539888,9.046679,19.902148,8.087879,-2.80393720798797,-52.6259221081767
8.122464,17.069223,8.600358,19.345793,7.795061,-3.26813351620591,-53.423097391116
8.1525056,17.213304,8.570604,19.218905,7.765779,-2.163118304013,-53.6220504713619
8.182536,17.530283,8.878069,19.501963,8.009794,-1.66694132710813,-52.7975492170239
8.2362384,18.039370,9.175617,20.136403,8.273330,-1.88669056222412,-52.6860728196621
8.2637344,19.115177,9.879812,21.415045,8.722318,-1.41909986927749,-52.4822096900714
8.2940032,19.845188,10.296378,22.234937,9.024896,-1.17953521590963,-52.4623920590847
8.3350064,20.133351,10.435234,22.576559,9.112742,-1.13380846005937,-52.6191727684854
8.3662336,20.613622,10.693108,22.986505,9.190827,-0.20556796595434,-52.7952992006767
8.3962304,20.853757,10.653435,23.113393,9.181066,0.0919941419164041,-53.327427396126
8.4286992,20.911390,10.603844,22.927941,9.034657,1.23764988177749,-53.6698414247462
8.477592,20.930601,10.524498,22.537516,8.976093,2.5622750529034,-53.5988694929156
8.5187248,20.776914,10.345970,21.951879,8.780881,4.12891302196357,-53.705906675447
8.5512224,20.757703,10.167441,21.698103,8.624712,4.89257099587005,-54.2523474688314
8.5987632,20.652044,9.929403,21.171029,8.409979,6.36361881994542,-54.7060388245521
8.6299648,20.690465,9.850057,21.239354,8.439260,5.86218507653478,-54.961009287721
8.6637168,20.882574,10.207114,21.405284,8.624712,6.51712137929264,-53.9575331848779
8.7111984,20.709676,10.415397,20.975817,8.683275,7.98495561989615,-52.5688293585019
8.7412272,20.277432,10.276542,20.585392,8.614951,7.66788320127069,-52.1246770616602
8.772488,19.931637,10.365806,20.194967,8.468542,8.76312706042288,-51.3757244352135
8.8124784,19.518604,10.038504,19.706936,8.185485,9.03686624985974,-51.8819478227232
8.8624656,18.903857,9.711202,19.511724,8.146442,6.44490610104488,-51.8543986670264
8.8949456,18.615695,9.750875,19.687415,8.351415,4.02140928466856,-51.0350448192338
8.9336848,18.750171,9.631856,20.146164,8.429500,2.02742193610435,-51.9084206993983
8.9649728,19.115177,9.354145,20.927014,8.585669,-1.13237581355235,-53.6635928887301
8.9962304,19.230442,9.076434,21.297917,8.439260,-2.57147035942006,-55.404968498894
9.0312256,19.316890,8.987170,21.434566,8.409979,-2.97211119064375,-55.9934933162738
9.0675024,19.460972,8.630113,21.639539,8.273330,-4.03636876341771,-57.7640205112552
9.104936,19.076755,8.163956,21.083184,7.873145,-3.8459988071924,-59.1425330766685
9.1413136,18.827014,8.084610,20.468265,7.619370,-1.8658182545349,-59.1064978640599
9.179984,19.201625,8.858233,20.565871,8.117160,0.385760049719245,-55.9982637076955
9.2136624,19.211231,9.433491,20.409701,8.361176,2.2877520643433,-53.544063889351
9.2412,18.923068,9.621938,20.068079,8.546627,2.49945129544373,-51.7363121576524
9.2824704,18.519641,9.889730,19.687415,8.771121,2.57627665936871,-49.3907220672172
9.3125376,18.269900,10.217032,19.365314,9.054178,3.020023425611,-46.9959103398659
9.3440032,17.981737,10.524498,18.926086,9.151784,4.40244292815264,-44.9238958090408
9.3849936,17.904894,10.802209,18.574704,9.249390,6.14514658480623,-43.3359751440845
9.423808,17.559099,10.901391,17.901221,9.024896,8.76114000817722,-42.1805748519052
9.4549408,17.299753,10.841882,17.335105,8.966333,10.0812330149114,-41.2534659066593
9.50868,17.069223,10.623680,17.061807,8.829684,10.0417912513772,-41.4340223324214
9.5461984,16.790665,10.385643,16.798270,8.566148,10.2295440629528,-41.9663876005956
9.5749376,16.550530,10.078177,16.778749,8.478303,8.48685595122305,-42.665339170987
9.6062544,16.598557,9.879812,17.159414,8.527106,6.04986473933563,-43.7553622946714
9.6586848,17.078828,9.760793,17.725530,8.400218,5.68146209668018,-46.0298125498459
9.6887056,17.693575,8.947497,18.623507,8.146442,2.2410485174882,-51.2372102523208
9.7199408,18.087397,8.580522,19.131059,7.912188,1.25056893861297,-54.1971534361044
9.7699168,17.991343,8.590440,19.306750,7.736497,0.900381293293731,-54.7895217412635
9.8012304,17.924105,8.421830,19.482442,7.590088,-0.181371069085925,-55.8656475135035
9.8525024,18.135424,8.471421,19.404357,7.365594,2.10188167091223,-56.5593965467169
9.9024864,18.510035,8.431748,19.092017,6.848282,6.86354131983144,-58.3279751269864
9.9337264,18.692538,8.441666,19.121299,6.770197,7.83733661008064,-58.7995102560019
9.966224,18.817409,8.411912,19.072496,6.711634,8.66542089917154,-59.1642340803341
10.0036848,18.894252,8.471421,19.179862,6.897085,7.98417196244191,-58.6414978739626
10.0337344,18.961490,8.521012,19.404357,7.082537,6.75736762639285,-58.2884978586208
10.0650016,18.798198,8.530931,19.531245,7.336312,4.60729301419288,-57.4556151252349
10.1124928,18.625300,8.828478,19.785021,7.873145,1.96053800186615,-55.1123215689734
10.1561728,18.317927,9.631856,20.009515,8.927290,-0.992979919515816,-49.822922536793
10.1862144,18.413981,10.802209,20.155925,10.079041,-0.946571379716657,-44.1262223719474
10.2299552,18.538852,11.050165,20.068079,10.410902,-0.444203562023397,-42.7477724235725
10.258712,18.317927,10.931146,19.531245,10.196169,1.00748326206233,-42.530419642345
10.2886832,17.703180,10.514580,18.965129,9.630054,1.32518595604833,-43.3636687399505
10.3224848,17.424623,10.405479,18.535661,9.386039,2.40774877835341,-43.2690302970245
10.3586768,17.213304,10.544334,18.359970,9.610533,1.93648610091405,-41.7480979849355
10.39248,17.146066,11.099756,18.262364,10.098563,2.32321742557084,-38.825168325204
10.421224,17.222909,11.744442,18.194039,10.654917,3.20679327128297,-35.8750979496948
10.4624528,17.030801,12.022153,17.891460,10.869650,3.85633430871858,-33.9296295635074
10.4949712,16.800271,12.141172,17.598642,11.064862,3.80804377821829,-32.3581782635935
10.523744,16.531319,12.061826,17.442472,11.201511,2.57115760020939,-31.5396726643366
10.5549792,16.688802,12.012235,17.227738,11.240553,3.64485738363302,-31.471844277055
10.5949504,16.563232,12.151090,16.973962,11.377201,4.14123230299012,-30.2023411305982
10.6249392,16.505276,12.180845,16.925159,11.455286,3.92312792151146,-29.7732665217713
10.6662128,16.428002,12.309782,17.022765,11.679780,2.89626990684118,-28.9848615752291
10.716208,16.466639,12.339537,17.003244,11.787147,2.82278552711124,-28.7003593630252
10.7524736,16.524595,12.180845,17.042286,11.640738,2.84801346472327,-29.5661728766643
10.7874592,16.553572,12.111417,17.139892,11.504089,2.84281276917548,-30.2547582753181
10.8475152,16.435265,11.873379,17.481514,11.172229,1.45181458403814,-31.964207436648
10.8799472,16.713822,11.625423,17.666966,10.752523,2.45736906584895,-34.3152342788397
10.9125008,16.857903,11.427058,17.774333,10.684199,2.10120837858381,-35.3626683953948
10.95116,17.021196,11.377467,17.852418,10.479226,3.01921305145289,-36.3651129010553
10.9825008,17.155671,11.357631,17.998827,10.420663,3.12019236891688,-36.9915005678396
11.0225344,17.165277,11.308039,17.881700,10.264493,4.01429507268403,-37.3374977505052
11.0736688,17.222909,11.476650,17.920742,10.352338,4.38409707744532,-36.8496246930437
11.1037296,17.184488,11.605587,17.715769,10.371860,5.43724784744003,-36.1087025048749
11.1350016,17.136461,11.724606,17.666966,10.479226,5.47837123410732,-35.4034899236083
11.1849536,17.098039,11.774197,17.637684,10.576832,5.25783338359867,-34.9392559224759
11.216272,16.944352,11.932889,17.208217,10.606114,6.82260818328117,-33.5610074949386
11.2462288,16.915536,11.982480,17.178935,10.645156,6.8624634718006,-33.2535342362874
11.289928,16.973168,12.091581,17.130132,10.742762,7.29536555552485,-32.7701059892098
11.3187632,16.925141,12.170927,17.052047,10.850129,7.29828536270727,-32.1204488627096
11.351192,16.761849,12.131254,16.973962,10.908693,6.61653970403541,-31.683727476205
11.4012144,16.733033,12.161008,16.964201,10.986777,6.35519962921415,-31.3639286086821
11.4524912,16.540925,12.280027,16.837313,11.123426,6.04331195300028,-30.2337780608332
11.4812544,16.521714,12.408965,16.905637,11.338159,5.36443397267825,-29.5088831724402
11.519936,16.550530,12.309782,16.856834,11.289356,5.47555001243744,-29.8217235793294
11.5524272,16.569741,12.170927,16.886116,11.240553,5.10100642162446,-30.3431275871428
11.5837248,16.685006,12.041989,17.013004,11.201511,4.71197564042022,-31.1380063755876
11.6137216,16.742638,11.903134,17.208217,11.074623,4.14368650713283,-32.1812256312059
11.6649936,16.800271,11.724606,17.335105,10.889171,3.91025036522615,-33.3525636102277
11.6962288,16.838693,11.605587,17.383908,10.879411,3.45432632101783,-33.8037603041029
11.7263168,16.838693,11.645260,17.442472,10.840368,3.53046127440895,-33.8954973275396
11.787504,16.819482,11.655178,17.364387,10.928214,3.45779016994053,-33.5035837019803
11.8186992,16.896325,11.784115,17.383908,10.957496,4.05070079991103,-33.2759130524429
11.848736,16.877114,11.863461,17.374147,10.977017,4.24015229678392,-32.99240468964
11.8999584,16.896325,11.932889,17.198456,10.967256,5.28381584527457,-32.5987743341188
11.9312752,16.886720,11.942807,17.071568,10.957496,5.81136648061131,-32.3784822237288
11.9615664,16.857903,11.883298,16.983722,10.889171,6.08397434227777,-32.4967264971919
12.0024752,16.867509,11.932889,17.042286,10.840368,6.26875447363021,-32.6051261087631
12.0511888,16.925141,11.962644,17.139892,10.986777,5.653618705352,-32.43309815995
12.093704,16.809876,12.131254,17.169174,10.977017,5.77820460070734,-31.9158129146621
12.1337264,16.819482,12.081662,17.120371,10.908693,6.07988619742512,-32.1333508974848
12.1637104,16.771455,12.151090,17.120371,10.918453,6.12231356537925,-31.8667527971403
12.1962288,16.809876,12.111417,17.100850,10.908693,6.23071120526431,-32.0152031423501
12.23496,16.800271,12.180845,17.100850,10.898932,6.4920465213847,-31.8574520486419
12.2649744,16.800271,12.250273,17.061807,10.869650,7.01535556184519,-31.698605982814
12.2962288,16.838693,12.210600,17.052047,10.859890,7.08634700197412,-31.8627389010616
12.3299776,16.771455,12.180845,17.061807,10.781805,6.98964856287256,-32.0268575890833
12.3675296,16.771455,12.240354,17.013004,10.889171,6.98447937820787,-31.5495811367475
12.4186768,16.694611,12.210600,17.081329,10.820847,6.58614099531776,-31.7693563635948
12.4499856,16.627373,12.309782,17.003244,10.908693,6.66782092535617,-31.0870723865389
12.4874592,16.627373,12.299864,17.071568,10.967256,6.13987081594138,-31.0835813295967
12.518728,16.598557,12.329619,16.954440,11.074623,6.1810629976276,-30.520259737002
12.5487152,16.454476,12.418883,16.837313,11.123426,6.2399220488705,-29.7633881075371
12.5899408,16.406449,12.527984,16.749467,11.221032,6.43082032075979,-29.0527418943384
12.6387296,16.348816,12.676757,16.632340,11.426005,6.4318219105362,-27.9381940643919
12.6812016,16.621187,12.726348,16.617271,11.572414,7.12019100322382,-27.9199631276586
12.732472,16.737099,12.835449,16.489209,11.738344,7.80135419317672,-27.2729925768771
12.7625056,16.669484,12.845367,16.528613,11.787147,7.25247917592371,-27.0926215092063
12.7937712,16.698461,12.805694,16.597569,11.728583,7.17355523981264,-27.479418357178
12.8437088,16.630847,12.656921,16.398085,11.611456,7.5932748897324,-27.6377041067013
12.8749488,16.756417,12.567656,16.398085,11.562653,7.91598731627053,-28.1661604096009
12.9049712,16.746758,12.617248,16.515212,11.533371,7.72383962548397,-28.299256428476
12.944992,16.348816,12.498229,16.612819,11.435765,5.80176457951134,-28.2959122775414
12.9762032,16.368027,12.488311,16.661622,11.347920,5.98737489731933,-28.6377125388486
13.017536,16.377633,12.408965,16.632340,11.250314,6.21688763568688,-29.0180477693022
13.049984,16.521714,12.428801,16.729946,11.211271,6.60430426068257,-29.4672668328129
13.0886832,16.464081,12.389128,16.759228,11.230792,6.05109479848016,-29.4672575845776
13.1187408,16.560135,12.369292,16.817792,11.113665,6.56325856240297,-30.0458678302085
13.1487232,16.588952,12.379210,16.720186,11.074623,7.23874300067659,-30.0004254165079
13.1899488,16.588952,12.389128,16.808031,11.045341,7.04803453524613,-30.1916291380725
13.2212384,16.608163,12.379210,16.788510,11.103905,6.93115783935522,-30.076528674309
13.2613184,16.579346,12.448638,16.749467,11.084383,7.31008055485733,-29.8466988397135
13.31256,16.636979,12.547820,16.749467,11.123426,7.74135048173608,-29.6182632412378
13.352512,16.560135,12.587493,16.710425,11.162468,7.60346441866489,-29.2418543202778
13.38376,16.492898,12.498229,16.661622,11.142947,7.28649789084618,-29.302638551565
13.4337264,16.473687,12.458556,16.583537,11.162468,7.29464796863588,-29.1870431754712
13.4649776,16.464081,12.557738,16.661622,11.133186,7.4389809379772,-29.1379660692205
13.5138048,16.473687,12.527984,16.729946,11.230792,6.71977228412166,-29.1096885794841
13.5475328,16.560135,12.498229,16.720186,11.152708,7.27159637063968,-29.4895324001195
13.5775376,16.579346,12.488311,16.700664,11.181989,7.26830912186899,-29.4436991864378
13.609936,16.531319,12.518065,16.710425,11.172229,7.20026913719308,-29.3332127407688
13.6411872,16.531319,12.518065,16.729946,11.142947,7.23815355308732,-29.4342316310092
13.678776,16.569741,12.468474,16.661622,11.123426,7.53809090357911,-29.5463977906788
13.7175136,16.483292,12.438719,16.700664,11.211271,6.61117475228992,-29.3311518325603
13.7537072,16.483292,12.518065,16.700664,11.279595,6.64308003114025,-28.9861565064721
13.7899488,16.512108,12.518065,16.729946,11.269835,6.67507783689905,-29.1058862390891
13.819952,16.483292,12.488311,16.661622,11.201511,6.98593390581352,-29.1726817178726
13.8500144,16.454476,12.468474,16.671382,11.211271,6.72827170366989,-29.1643866484323
13.8912032,16.502503,12.527984,16.720186,11.201511,6.97844301585507,-29.2098386453474
13.9211856,16.454476,12.527984,16.681143,11.240553,6.7992748511594,-28.9732278338141
13.9687584,16.396843,12.567656,16.661622,11.328398,6.46771760451468,-28.5469622116528
14.01496,16.348816,12.537902,16.583537,11.347920,6.4033782030339,-28.3584723559767
14.0462672,16.727439,12.706512,16.524973,11.523611,7.98124433079668,-28.1006142984757
14.074976,16.630847,12.756103,16.446888,11.572414,7.92135121368145,-27.5821124110488
14.1099344,16.572891,12.795776,16.627122,11.572414,7.16026930491508,-27.6968137143271
14.147592,16.505276,12.785858,16.349282,11.621217,7.75662859318645,-27.0252817631518
14.178952,16.514935,12.904877,16.398085,11.709062,7.70360306308807,-26.6536293994367
14.2074672,16.534254,12.924713,16.627122,11.718823,6.93211658591857,-27.0059732229375
14.2487824,16.505276,12.885040,16.349282,11.679780,7.89606452912504,-26.6658910972432
14.2789248,16.495617,12.865204,16.617271,11.650498,6.86984220242845,-27.2143305999294
14.3099632,16.553572,12.795776,16.359042,11.630977,7.89595634042472,-27.0787836171537
14.3412144,16.601869,12.795776,16.349282,11.543132,8.45174122500578,-27.3447873128071
14.38124,16.601869,12.805694,16.368803,11.552892,8.37472642717315,-27.3327559424118
14.4116784,16.650165,12.785858,16.388324,11.513850,8.55502042522737,-27.5819846066503
14.441208,16.640506,12.746185,16.368803,11.455286,8.67672623553193,-27.758283518405
14.4837376,16.698461,12.815613,16.456649,11.494329,8.65242730092364,-27.7546828177505
14.5249536,16.737099,12.756103,16.456649,11.426005,8.84063530992892,-28.112722190147
14.5537168,16.785395,12.736267,16.398085,11.416244,9.21031657126402,-28.1636041616939
14.6025296,16.766076,12.785858,16.417606,11.367441,9.43507815195975,-28.162129697726
14.64528,16.814373,12.746185,16.456649,11.338159,9.42864664889419,-28.4670252223194
14.6765264,16.775736,12.726348,16.446888,11.416244,8.94895925109765,-28.2519556188086
14.7162256,16.348816,12.805694,16.476170,11.338159,7.85657235139926,-27.5792711476809
14.7475184,16.339211,12.666839,16.524973,11.308877,7.22829130047133,-28.0345163072405
14.787488,16.377633,12.696594,16.554255,11.240553,7.63418497436621,-28.2384190273803
14.8328784,16.766076,12.567656,16.515212,11.172229,9.01414688439291,-29.2832297152247
14.8687376,16.814373,12.656921,16.573776,11.289356,8.83601179877101,-28.9811063068513
14.898744,16.339211,12.726348,16.632340,11.328398,6.95789503837733,-28.0328927324276
14.929,16.377633,12.666839,16.554255,11.318638,7.21985332056822,-28.1263079979968
14.978728,16.339211,12.656921,16.554255,11.279595,7.19128565218275,-28.1750011339258
15.0086944,16.775736,12.686675,16.476170,11.289356,9.18296435657647,-28.6853660875514
