0.0284912,13.210675,15.828895,13.549782,15.186942,2.37881084050415,-9.7402520699246
0.082064,13.114070,15.799136,13.549782,15.177186,1.943505434866,-9.60751390823719
0.1196128,13.123731,15.809056,13.510372,15.255237,1.87128138438154,-9.38352938618455
0.1521216,13.114070,15.858655,13.510372,15.225968,2.13080269515234,-9.3259037704558
0.190896,13.133391,15.818975,13.530077,15.225968,1.98050986184953,-9.48128231682713
0.2208368,13.143052,15.848735,13.510372,15.206455,2.2755249461448,-9.44122799795953
0.2533728,13.123731,15.838815,13.510372,15.147917,2.3871755680952,-9.5251963525633
0.2920768,13.114070,15.759457,13.628603,15.147917,1.60828608391371,-9.90117998484812
0.3257856,13.152712,15.759457,13.589193,15.108892,2.0485163951175,-9.9711944004067
0.3533888,13.162373,15.789216,13.589193,15.147917,2.04890305748926,-9.86546100214131
0.3871152,13.239656,15.809056,13.579340,15.157673,2.41179418056819,-9.95399040030617
0.4245792,13.181694,15.640419,13.648308,15.069866,1.63505969339177,-10.4489625062622
0.4545568,13.181694,15.620579,13.608898,15.079623,1.67235587391477,-10.3841906827238
0.4858608,13.201014,15.709858,13.658161,15.079623,1.89402006800828,-10.3644967874972
0.528296,13.268638,15.719777,13.697571,15.157673,1.74242165386387,-10.4282687613421
0.5671744,13.307279,15.650339,13.776392,15.040597,1.77096643622821,-11.0188588255918
0.5972624,13.307279,15.570980,13.746834,15.030841,1.62168356580377,-11.1219670429227
0.6308592,13.249317,15.630499,13.796097,15.040597,1.40573709245095,-10.9753154606363
0.668376,13.336261,15.620579,13.796097,15.089379,1.51109579164301,-11.0856554249231
0.7021232,13.326600,15.531301,13.756687,14.991816,1.65513529832008,-11.3294204994174
0.750832,13.316940,15.501542,13.796097,14.982059,1.3955631243121,-11.4653625498607
0.7908,13.355582,15.570980,13.786245,14.943034,1.98479222751573,-11.4690016857966
0.820856,13.374903,15.570980,13.855213,14.943034,1.79751715399871,-11.6534990025632
0.8520704,13.471507,15.501542,13.835508,14.962547,1.89978612939625,-11.9067909869871
0.8933504,13.374903,15.491622,13.776392,14.874740,2.05473698881469,-11.7643966386342
0.9247008,13.442526,15.481702,13.874918,14.845471,2.00955874951739,-12.1845147805591
0.9546448,13.423205,15.521381,13.835508,15.001572,1.64679794423177,-11.6964949499114
0.9970896,13.423205,15.491622,13.924181,14.874740,1.67878078729301,-12.1733796801604
1.025824,13.442526,15.451943,13.904476,14.816202,1.89703846763891,-12.3567508908981
1.0558528,13.519810,15.342825,13.914328,14.796689,1.81412583127002,-12.7798188481977
1.0858288,13.471507,15.332905,14.062117,14.679613,1.47980691835688,-13.2259239564992
1.1371376,13.500489,15.362665,14.003002,14.816202,1.40894205244934,-12.8492046523528
1.1671024,13.539130,15.412264,14.062117,14.855227,1.37137236232919,-12.884226320481
1.19836,13.519810,15.332905,14.052265,14.835714,1.11176035493168,-13.0101855150747
1.2395936,13.481168,15.342825,13.904476,14.786933,1.74305942586074,-12.6976115968696
1.2696032,13.442526,15.382504,13.924181,14.816202,1.56233841287316,-12.5282937397744
1.3008256,13.442526,15.451943,13.924181,14.894252,1.52921825652797,-12.2512916551516
1.3320992,13.442526,15.491622,13.924181,14.913765,1.6044997702305,-12.1405201136984
1.3820656,13.403884,15.471783,13.934033,14.894252,1.42175216736235,-12.1543076924242
1.4233536,13.326600,15.481702,13.845360,14.913765,1.42893135493191,-11.7531930657592
1.4583072,13.326600,15.551141,13.835508,15.021085,1.32329191682666,-11.4031727253713
1.4932928,13.239656,15.660259,13.766539,15.021085,1.66540938522201,-10.8739680508225
1.5246576,13.229996,15.660259,13.618750,15.079623,1.96534761217207,-10.4339346156427
1.5671248,13.133391,15.660259,13.648308,15.118648,1.34438619323148,-10.2201067772153
1.6145696,13.094749,15.878494,13.500519,15.323531,1.80284079901269,-9.05024486101324
1.6507872,13.085089,15.918173,13.411846,15.362556,2.10155187810255,-8.69784695884583
1.687088,13.007805,15.957853,13.333025,15.333287,2.36850448949374,-8.34460815938922
1.7270896,13.017466,16.066970,13.313320,15.352800,2.81220267105615,-8.09096956463437
1.7571024,12.959503,16.057050,13.214794,15.440607,2.59974865588119,-7.61398810181612
1.788368,12.930522,16.156248,13.145826,15.547926,2.7165980030766,-7.03305143916791
1.8282864,12.882219,16.245527,13.027595,15.616221,3.05752361871978,-6.39177449053945
1.8582832,12.853238,16.205847,13.017742,15.586952,2.95000860270156,-6.42935666004453
1.8896112,12.814596,16.245527,12.948774,15.567439,3.28920814944172,-6.15858132464624
1.920864,12.843578,16.245527,12.919216,15.694271,3.02849757856283,-5.9330752399983
1.9608256,12.775954,16.324885,12.968479,15.733297,2.73867951123336,-5.6845024080518
2.0008528,12.804936,16.295126,12.968479,15.801591,2.47852681741394,-5.68021040281213
2.0312416,12.708331,16.265366,12.781280,15.733297,2.97302745535485,-5.22912512927237
2.0820736,12.650368,16.295126,12.791132,15.772322,2.68222333686893,-5.00204473611295
2.112056,12.689010,16.344725,12.840395,16.397759,0.484494997410781,-4.02538071367453
2.143408,12.660029,16.404243,12.889658,16.358880,0.559854600605884,-4.03458423899949
2.1933136,12.602066,16.344725,12.830543,15.928423,1.94866417502105,-4.62290579466592
2.22584,12.563424,16.235607,12.791132,16.349160,-0.0311944955724552,-3.91067552421996
2.2571136,12.621387,16.285206,12.830543,16.378319,0.11792740085978,-3.99030483170776
2.290816,12.669689,16.334805,12.929069,16.397759,0.0476240819979983,-4.19468437784326
2.3271168,12.592406,16.166168,12.938921,15.850372,1.12841357194796,-5.28971389040422
2.3583328,12.495801,16.156248,12.919216,15.860129,0.764117054900743,-5.03311203172049
2.3921568,12.563424,16.285206,12.850248,16.417199,-0.316235497550968,-3.8391446416463
2.4395408,12.544103,16.314965,12.968479,16.426919,-0.749259031260185,-3.98941215225911
2.4708384,12.524782,16.166168,12.909364,16.378319,-0.984293897769033,-4.1560107766387
2.500856,12.486141,16.195928,12.938921,16.358880,-1.05519500661257,-4.11815730871303
2.54208,12.457159,16.195928,12.899511,16.358880,-1.01892177945519,-3.96697121726266
2.5721584,12.505462,16.205847,13.037447,16.397759,-1.45134159321063,-4.29370594392612
2.6033408,12.544103,16.066970,13.027595,15.899154,0.0561802339434341,-5.46734858544265
2.6433328,12.602066,15.997532,13.047300,15.830860,0.194732544050583,-5.88132975771032
2.6958048,12.592406,16.066970,13.067005,15.889398,0.127860917393108,-5.67734520101092
2.7271168,12.669689,16.066970,13.185236,15.791835,0.342136468969395,-6.27739841401573
2.7620592,12.650368,16.116569,13.165531,15.801591,0.493303126684756,-6.08731318568664
2.7971056,12.689010,15.987612,13.185236,15.713784,0.407707844485603,-6.59888134114283
2.828336,12.689010,16.017371,13.244352,15.694271,0.37174430410829,-6.70940843101931
2.8595968,12.737312,15.908254,13.204941,15.655246,0.435969458841006,-6.99304489317602
2.8984704,12.727652,16.037211,13.313320,15.713784,0.261578744451289,-6.87311212106902
2.9295472,12.804936,16.166168,13.303467,15.762566,0.889864358311138,-6.70402005906147
2.959592,12.727652,16.096730,13.234499,15.684515,0.889174830561867,-6.64830501510427
2.99712,12.775954,16.116569,13.234499,15.655246,1.25439488392158,-6.76993395874881
3.0314656,12.775954,16.076890,13.234499,15.586952,1.36183085036414,-6.96207624701544
3.0633424,12.795275,16.096730,13.165531,15.704028,1.32811703240801,-6.61075318442516
3.092056,12.785615,16.136409,13.204941,15.645490,1.5122750227612,-6.70884356939422
3.134576,12.679350,16.136409,13.135973,15.625977,1.44631144883065,-6.36187488701543
3.1633296,12.717992,16.205847,13.076858,15.684515,1.85374186520777,-6.09044466266583
3.1933568,12.698671,16.205847,13.086710,15.674759,1.78104567241484,-6.08699806882419
3.2258704,12.717992,16.245527,12.968479,15.674759,2.44767539884917,-5.80034925845824
3.2720992,12.679350,16.245527,12.978332,15.713784,2.11859985792792,-5.6683641994044
3.3070912,12.660029,16.344725,12.968479,15.752809,2.30711291762851,-5.36133520842119
3.3383424,12.563424,16.305045,12.968479,15.752809,1.79729056533201,-5.21841807666876
3.3895936,12.592406,16.364564,12.899511,15.733297,2.46262340344335,-5.06007497983838
3.419616,12.611727,16.364564,12.998037,15.713784,2.2365241969607,-5.35380727826625
3.4495952,12.689010,16.374484,12.958627,15.811347,2.34278059070998,-5.24872197368061
3.5008368,12.679350,16.384404,12.978332,15.772322,2.41646284762614,-5.32167046648136
3.5321296,12.660029,16.215767,12.958627,15.665002,2.19345866082126,-5.72121410016971
3.5620688,12.621387,16.186008,12.948774,15.645490,2.04784509289842,-5.70161247683958
3.6020432,12.640708,16.245527,12.909364,15.674759,2.38209015939728,-5.5005046685202
3.6333744,12.698671,16.334805,12.998037,15.762566,2.26618282366292,-5.511222114292
3.6651488,12.737312,16.265366,13.037447,15.733297,2.11313674932893,-5.85549513280208
3.7046176,12.756633,16.186008,13.076858,15.665002,1.99755183841473,-6.24443345408142
3.745832,12.824257,16.136409,13.067005,15.625977,2.24918481996475,-6.52753954390308
3.7758176,12.795275,16.166168,13.116268,15.665002,1.91952413846158,-6.44968780528085
3.8108656,12.814596,16.186008,13.155678,15.674759,1.88103250099114,-6.52497109005668
3.84708,12.775954,16.076890,13.185236,15.557683,1.65718979465248,-6.90726531002735
3.8782928,12.833917,16.066970,13.204941,15.538170,1.8365611480407,-7.12846958545066
3.9120704,12.804936,16.066970,13.254204,15.567439,1.43259920242089,-7.12016539575407
3.9595408,12.814596,16.027291,13.214794,15.606464,1.32143718961295,-7.05683390855885
3.9908096,12.814596,16.106649,13.165531,15.665002,1.58404708871708,-6.70439248305167
4.0208576,12.775954,16.057050,13.175384,15.635733,1.32619117161154,-6.7820796655497
4.0583136,12.737312,16.106649,13.145826,15.625977,1.51513356900411,-6.56271608943168
4.0933152,12.785615,16.136409,13.155678,15.723540,1.40431459809091,-6.4634376017675
4.1333264,12.766294,16.017371,13.165531,15.655246,1.10450387131526,-6.77555155112291
4.1671648,12.698671,16.047131,13.135973,15.743053,0.74345093285118,-6.35473304224656
4.204944,12.795275,16.096730,13.135973,15.625977,1.73236115257068,-6.6851261895251
4.2361712,12.775954,16.057050,13.254204,15.645490,0.993897297312197,-6.93587642106872
4.2673456,12.804936,16.086810,13.283762,15.684515,0.957619687772377,-6.94033780144481
4.30704,12.756633,16.037211,13.303467,15.645490,0.662407351345891,-7.03611860588862
4.3370944,12.862898,15.918173,13.293615,15.538170,1.0534130208101,-7.64975378732198
4.369608,12.891880,15.928093,13.333025,15.479632,1.27146643322111,-7.88480282857524
4.3996096,12.824257,15.957853,13.342878,15.538170,0.872513090539222,-7.6014539505052
4.4495856,12.940182,16.027291,13.411846,15.538170,1.30924105292201,-7.87496928543827
4.4808928,12.901540,15.938013,13.411846,15.401581,1.34209292729587,-8.1980980290566
4.5123936,12.920861,15.938013,13.362583,15.323531,1.89395620781683,-8.27475253712838
4.5745536,12.901540,15.918173,13.411846,15.352800,1.45102327461084,-8.32210433266036
4.6033936,12.998145,15.928093,13.392141,15.372312,1.85112586286236,-8.43399117860094
4.6333776,12.872559,15.928093,13.382288,15.401581,1.30708134174589,-8.09003095435498
4.686104,12.920861,15.987612,13.293615,15.391825,2.08238367584147,-7.91326104856177
4.7150096,12.911201,16.047131,13.382288,15.469876,1.64158142212808,-7.83609110885174
4.744576,12.853238,16.106649,13.293615,15.499145,1.87050479579726,-7.36106195223533
4.797064,12.853238,16.126489,13.214794,15.460119,2.38859578523165,-7.22482878452679
4.8270624,12.814596,16.126489,13.234499,15.489388,2.0594411954892,-7.13148450170466
4.8571104,12.843578,16.225687,13.126121,15.528414,2.79947969642434,-6.71291641153887
4.8971264,12.717992,16.225687,13.096563,15.596708,2.1845839575636,-6.25376512467918
4.9283168,12.698671,16.314965,13.076858,15.606464,2.4834425362693,-5.99333830885363
4.9583472,12.640708,16.374484,12.929069,15.665002,2.82658895413739,-5.33408551699924
4.9921392,12.640708,16.434003,13.007889,15.752809,2.41945111713826,-5.24911495020484
5.0308224,12.631047,16.364564,12.968479,15.801591,2.08929222128518,-5.17748410827486
5.0611328,12.602066,16.414163,12.958627,15.743053,2.42386171042827,-5.10771154175304
5.0908592,12.534443,16.463762,12.919216,15.791835,2.32126275504336,-4.69997872114417
5.125832,12.592406,16.473682,12.879806,15.830860,2.57581539103858,-4.6557077840738
5.163328,12.515122,16.503441,12.850248,15.772322,2.73133538594915,-4.46960016105206
5.2033888,12.524782,16.473682,12.850248,15.840616,2.39836538831758,-4.4239591805475
5.2370992,12.544103,16.582800,12.751722,15.840616,3.24909230511502,-4.05911350592009
5.2745824,12.515122,16.632399,12.840395,15.830860,3.02734076080439,-4.12248440552651
5.305848,12.553764,16.582800,12.791132,15.801591,3.28352851275142,-4.23552963366561
5.3357872,12.573085,16.424083,12.830543,15.762566,2.762971061573,-4.7096644498469
5.3771168,12.602066,16.543121,12.850248,15.733297,3.3503102616661,-4.66074057745446
5.4071504,12.553764,16.572880,12.889658,15.743053,3.09539686692969,-4.57234304589831
5.4383136,12.573085,16.582800,12.860101,15.762566,3.24198839928362,-4.49857989460184
5.4733792,12.669689,16.523281,12.810838,15.694271,3.82504081272062,-4.82562985559549
5.5096064,12.582745,16.434003,12.800985,15.655246,3.35544515223582,-4.83599048163198
5.5408112,12.621387,16.523281,12.879806,15.674759,3.45818081027502,-4.90527916715226
5.570848,12.602066,16.493522,12.958627,15.665002,3.01426304679125,-5.10542381868191
5.6107968,12.563424,16.503441,12.889658,15.791835,2.68875626346176,-4.62960915089663
5.643344,12.727652,16.424083,13.145826,15.635733,2.62735270295319,-5.96330491761412
5.6721536,12.824257,16.275286,13.273910,15.323531,3.12805405319516,-7.26825531753503
5.7046032,12.930522,16.096730,13.067005,15.274749,3.83092337571499,-7.45788795263109
5.7458848,12.785615,16.136409,12.702459,15.538170,3.82472424960865,-5.79885670957849
5.7745712,12.602066,16.364564,12.682754,15.645490,3.6562552536656,-4.75541668441944
5.8058448,12.785615,16.285206,12.771427,15.489388,4.30278581127975,-5.77348696045205
5.8533552,12.833917,16.384404,12.544817,15.586952,5.34578173597703,-5.03190698568206
5.8970848,12.544103,16.354644,12.278797,15.801591,4.35345299792534,-3.4646208433741
5.9283088,12.379876,16.602639,12.190124,16.494958,2.3606279830602,-1.27890628694128
5.9782976,12.399197,16.503441,12.062040,15.821103,5.130881023693,-2.3507172070948
6.0083616,12.177006,16.186008,11.835431,15.362556,5.78365015680453,-2.67404234951979
6.0396112,11.829230,16.334805,11.648231,14.991816,7.26439847041125,-1.80933239339703
6.0821104,11.993457,16.394324,11.756610,15.118648,7.16948649075786,-2.12286293746703
6.1208512,12.370215,16.245527,12.062040,15.479632,5.38477386053922,-3.33200830526522
6.150824,12.399197,16.434003,12.042335,16.407479,2.69298041352839,-1.41976158142918
6.1846016,12.486141,16.929993,12.071893,16.835155,3.13374727839027,-0.140196777837296
6.2221024,12.341234,16.959752,11.825578,17.048993,2.83088498419824,1.14945291256252
6.2521088,12.254290,17.247426,11.520148,17.214231,4.09665600873513,2.78409521548894
6.2833792,11.964476,16.584805,10.928992,17.194791,2.86945093572974,3.76119631661863
6.33332,11.210960,16.820186,10.327983,17.709946,1.21779277220066,8.27710719179223
6.3633488,10.766579,16.565189,10.081669,17.564148,0.0072746454144661,9.40263938508121
6.3945856,10.032385,17.029191,9.874764,17.204511,1.17320405745144,12.0296015972889
6.4345776,10.090347,16.329808,10.071816,17.321150,-2.66981272783924,10.4385746266192
6.4661424,10.428463,16.880394,10.456067,17.223951,-0.217337555592698,9.2699527748177
6.5170832,10.515407,16.473682,10.603856,16.553278,0.572069902159776,6.93392228997911
6.5583072,10.660314,16.513361,10.938844,16.961514,-1.6126577359906,6.44537161567405
6.5883472,10.409142,15.977692,11.372359,16.572718,-4.96524523477463,4.45881953929819
6.620848,10.128989,17.009351,11.126044,18.040423,-6.55445172948707,9.79346842614498
6.650864,9.887478,16.939912,10.367394,18.244541,-5.72496705644932,12.5630703576729
6.690816,10.061366,17.197827,9.579186,18.312580,-1.23923962189619,14.6671845264273
6.7208192,10.669975,16.989511,9.411692,18.341740,0.876933903667007,13.2360361586865
6.7521088,11.317225,16.096730,9.845206,17.632187,0.993773602551233,7.96179344374943
6.7933968,11.974136,15.293226,10.475772,16.767116,1.34119080726568,1.96211657385237
6.8233888,12.862898,14.946033,11.667936,16.553278,-0.349071380125947,-3.95846632580031
6.8533952,13.577772,13.854856,13.027595,14.874740,-0.593759000337144,-13.7603664329078
6.8845808,14.340948,12.714079,14.860177,13.264946,-2.95454996951029,-24.793392690907
6.9245504,15.393938,12.029613,16.564016,12.562490,-5.27572017252664,-32.9855741156155
6.9558528,16.504891,11.930415,18.037870,11.967354,-4.57196654846209,-38.9018542199083
6.9983472,17.011590,11.940335,19.170102,11.479538,-4.92288778980293,-42.5462096977238
7.0483424,18.346743,11.335227,20.409701,10.289266,-2.40252581742183,-50.4820067756808
7.078328,19.115177,10.988035,20.331616,9.323390,2.86780306599749,-54.6409618145401
7.1120656,19.259258,10.680521,20.107121,8.991675,4.32794654746413,-56.164965730201
7.1608352,19.384128,10.680521,19.872867,8.757523,6.53433355312761,-56.6298701373155
7.1908656,19.047939,10.541644,19.433639,8.738010,6.55866754818189,-56.0343854695149
7.22212,18.875041,10.531724,19.521484,8.767279,5.43923819378911,-55.8712577147427
7.2633136,18.884647,10.561483,19.423878,8.708741,6.18287393852433,-55.8305358873635
7.29212,18.500430,10.204371,19.414117,8.698985,3.49860275504955,-56.2809026643823
7.3221264,18.413981,9.867098,19.970473,8.796548,-0.600187469371805,-57.5450218492752
7.3558608,18.577273,9.529824,20.087600,8.503858,-0.605518332366736,-59.6184173144616
7.393368,18.827014,9.648862,20.087600,8.435564,1.06436924205681,-59.7977381667203
7.4246176,18.606090,9.807579,20.097361,8.630691,0.0528412798934303,-58.5665011230857
7.4546224,18.250689,10.283729,19.589808,8.767279,1.91881302123073,-55.7873035697458
7.4958368,17.587915,10.928516,19.121299,9.157532,2.14970097936502,-51.5028397833312
7.5258928,17.270936,11.176511,19.101777,9.586811,0.330252440200649,-49.2811164632233
7.5571504,17.069223,11.126912,19.365314,9.645349,-1.83861120421126,-49.3479780461057
7.5883616,17.203698,10.660681,19.345793,9.352659,-1.94851128315355,-51.46457555928
7.6283264,17.703180,10.105173,19.833824,8.981918,-2.60773005353149,-55.2814499362778
7.658368,18.385165,10.293649,20.234010,8.942893,-0.61989822079041,-56.3285669558849
7.6896192,18.846225,10.095253,20.438983,8.679472,0.584053587084193,-58.4087532228098
7.7233792,19.240047,9.926616,20.868450,8.611178,0.0886371631541312,-60.0670205417758
7.7708608,19.825978,10.085333,21.395524,8.757523,0.372655524224893,-60.6105281198281
7.802104,19.691502,9.767900,21.249114,8.533127,0.0641567183045151,-61.7025209374918
7.83588,19.537815,9.589343,21.229593,8.513615,-1.02158171397158,-62.0254195409285
7.87208,19.624264,9.757980,21.200311,8.513615,0.0288597177355565,-61.6426913174289
7.9033664,19.662686,9.609183,20.975817,8.289219,1.26925371692759,-62.422764421595
7.93336,19.825978,9.539744,20.770844,8.035555,3.32562609019634,-63.251975805096
7.9733344,20.018086,9.579423,20.751323,8.094093,4.03009404815458,-63.1879946961074
8.0033744,20.325459,9.450466,20.741562,7.898966,5.45193474967566,-64.4216535960975
8.0346032,20.402303,9.410787,20.702519,7.791647,6.14126459196768,-64.8696490222867
8.0671136,20.450330,9.549664,20.604913,7.859941,6.92872971498058,-64.2430447318584
8.1057936,20.162167,9.678621,20.438983,7.889210,6.87373889429945,-63.2775289315798
8.1371088,19.998875,9.678621,20.263291,7.889210,6.9531578281317,-62.8738959167117
8.1671056,19.864399,9.698461,20.107121,7.859941,7.24938560437628,-62.549992517701
8.2120496,19.912426,9.718301,20.116882,7.830672,7.57288059404038,-62.6457750770044
8.2483712,20.411908,9.827418,20.273052,7.781890,9.35660325110793,-63.2632970369579
8.27836,20.834547,9.738140,20.702519,7.801403,8.82545365727657,-64.4446265671937
8.3133088,21.334028,9.827418,21.288157,8.074580,7.67811792925971,-64.6982349891262
8.3497392,21.084287,9.589343,21.346721,8.094093,5.68393197067888,-65.0675313910678
8.380816,20.728887,9.291749,21.239354,8.094093,3.75057896791066,-65.351499112989
8.4320832,20.344670,9.192551,21.014859,8.074580,2.89758103536465,-64.9845167294398
8.4733872,19.220836,9.162792,20.282813,8.113605,1.19521769237296,-62.7633708887843
8.5021072,18.615695,9.013995,19.882627,8.113605,-0.182624770013774,-61.9339075918384
8.5358864,18.279505,8.984236,19.843585,8.142874,-1.58801349987409,-61.4585257306244
8.5833488,18.289111,9.192551,20.009515,8.474589,-2.63390073706466,-60.162160004484
8.6145824,18.558062,9.390947,20.682998,8.747767,-4.34683510560464,-60.0620173599459
8.6445936,18.961490,9.410787,21.239354,8.894111,-5.27327770324521,-60.8014942289738
8.6858224,19.441761,9.559584,21.678582,8.991675,-4.81114683714311,-61.2539142249985
8.7145728,19.710713,9.569504,22.117810,9.020944,-5.41573349327116,-61.9828324794544
8.745872,19.902821,9.480225,22.098288,8.884355,-4.49292972790475,-62.7740078617299
8.7807968,19.893216,9.252070,21.737145,8.669716,-3.34243510755306,-63.5217164321568
8.817112,19.989270,9.271910,21.551694,8.650203,-2.18108758821987,-63.4176834100273
8.8484144,20.431119,9.321509,21.424806,8.484346,0.675993531910213,-64.0908378628331
8.8820624,20.671254,9.341348,21.356481,8.572153,1.54726930698097,-63.9986227899461
8.9295424,20.709676,9.252070,21.463848,8.503858,1.22245295368564,-64.5847049923789
8.9608176,20.575200,9.242150,21.258875,8.513615,1.40697189505341,-64.200340643205
8.990872,20.623227,9.549664,21.210072,8.630691,2.44214364871053,-63.0670302780847
9.0483648,20.565595,9.638942,21.210072,8.884355,1.63932843671065,-62.0971187413641
9.0808064,21.189947,10.591243,21.317439,9.177045,5.71718962347981,-59.7621786257352
9.1221168,21.286001,10.601162,21.346721,9.186801,5.93895790293599,-59.8584451857688
9.1745968,21.862326,10.601162,21.219832,8.757523,9.8641094981374,-61.4492708889782
9.2033584,22.188910,10.432526,21.005099,8.298976,12.8419332805715,-63.1702152489281
9.235856,22.352203,10.422606,20.702519,8.074580,15.3053528450058,-63.6195572127362
9.2845792,22.304176,10.382927,20.273052,7.957504,17.0824505972249,-63.4928816367167
9.3162624,21.929564,10.115092,19.872867,7.840428,16.9362870789884,-63.629313510651
9.3458336,21.535742,10.214290,19.326272,7.811159,18.2022330437881,-62.3458717008232
9.3870592,21.382055,10.343248,18.838241,7.801403,20.1088235026471,-61.2554107958948
9.4258704,20.853757,10.373007,18.408773,7.889210,19.7939346306833,-59.7541528887747
9.457048,19.643475,10.303569,17.627923,8.123362,17.5529416591602,-56.7063876807899
9.4921216,19.278469,10.263889,17.530317,8.298976,15.7618589041759,-55.7016410886802
9.5283456,18.394770,10.422606,17.169174,8.698985,12.9199341577318,-52.4131517429466
9.5596512,17.914499,10.541644,17.217977,9.059969,9.85981450683659,-50.4842980106056
9.5883696,17.501466,10.670601,17.335105,9.440466,6.74634283794813,-48.6877005261268
9.6283216,17.299753,10.670601,17.374147,9.645349,4.98759760498908,-47.9022686423396
9.6608096,16.896325,10.839238,17.657205,10.103896,1.14435497235642,-46.0948315704054
9.6983488,16.694611,10.601162,17.598642,10.142921,-0.509612944994859,-46.2013409622549
9.746,16.608163,10.650761,17.540078,10.269754,-0.921879666063978,-45.5198957114289
9.7795808,16.896325,10.660681,17.891460,10.503905,-1.99993128043681,-45.893207430564
9.8108144,17.107644,10.253970,17.920742,9.859988,-0.401549813118774,-48.9704041264136
9.8459136,17.232515,9.609183,17.940263,9.225827,-0.0564010220968019,-52.6225319731088
9.8808096,17.146066,9.103273,17.920742,8.689229,-0.233082139972095,-55.391609673538
9.9121152,17.146066,8.974316,17.989066,8.650203,-0.885279647439914,-55.9725794909526
9.9446272,16.867509,8.795760,18.057391,8.708741,-3.31013950289566,-56.0147488583748
9.9933264,16.483292,8.785840,18.369731,9.011187,-7.4398007584637,-55.066986398574
10.0246368,16.531319,9.123113,18.662549,9.313634,-8.1286298478038,-53.7564633408815
10.0546192,16.368027,9.192551,18.672310,9.362415,-8.75041282605022,-53.2019014568977
10.0958368,16.659458,9.202471,18.506379,9.411197,-7.03142777524663,-53.2233965820565
10.1258704,16.408286,9.192551,18.233082,9.499004,-7.40761772282889,-52.2296478461014
10.157128,16.215077,9.252070,18.203800,9.547785,-8.0493766022671,-51.5942113817273
10.1883744,15.751375,9.133033,18.184279,9.811206,-11.4933382141449,-50.4555861291922
10.227096,14.988199,9.400867,17.803615,10.133165,-13.4348031396059,-47.0208011062266
10.2571472,14.988199,9.807579,17.832896,10.464880,-13.0361434664836,-45.080506766506
10.2883632,15.181408,10.055574,18.047630,10.816108,-13.2695512040084,-44.1758456927029
10.3295648,15.954245,10.571403,18.633268,11.245386,-11.6260587516232,-43.9478550130121
10.3808896,16.205417,10.412686,18.584464,11.138067,-10.6853931001048,-44.9247967768364
10.41212,16.244058,10.313488,18.535661,11.079529,-10.5407316503472,-45.3043610234053
10.4545856,16.041189,10.323408,18.389252,11.099041,-10.8642565366341,-44.6869604928736
10.4821328,16.070170,10.353168,18.438055,11.186848,-11.1228435501166,-44.5135071739084
10.5121632,16.157114,10.482125,18.564943,11.147823,-10.5642658227895,-44.621973142046
10.5459216,16.021868,10.581323,18.721113,11.255143,-11.6629738581684,-44.1415590192867
10.5833616,15.596808,10.839238,18.535661,11.372218,-12.0964448913163,-42.2563054773705
10.6145664,15.770696,11.037633,18.623507,11.469782,-11.2546698238641,-41.9513396314978
10.6458752,16.050849,11.702260,18.496619,11.655152,-7.72434855158347,-40.1670385925628
10.6858064,16.215077,12.228009,18.076912,11.733203,-3.83662347064961,-38.3537232042641
10.717208,16.456588,12.833117,17.471753,11.645396,1.88360765637748,-36.5810807069138
10.7484256,16.427607,12.981914,17.052047,11.430756,4.7096313127536,-35.991119645007
10.7796,16.388965,13.001753,16.837313,11.352706,5.7585405565418,-35.7013431612279
10.8196096,16.273040,13.319187,16.574529,11.235630,7.96526596728973,-34.6059020274189
10.8500896,16.215077,13.497743,16.347919,11.372218,8.75562401819465,-33.4067424107458
10.8795664,16.263379,13.815176,16.347919,11.489294,9.62254075234411,-32.5192434342181
10.92456,16.253719,13.944134,16.239541,11.557589,10.2060797536601,-31.8798361083168
10.967136,16.128133,14.053252,16.032636,11.616127,10.7254154771742,-30.9330754078212
11.0046208,16.079831,14.182209,15.825732,11.635639,11.7482964199998,-30.159501798221
11.0445952,16.021868,14.340926,15.707501,11.733203,12.1885221697191,-29.2899196748774
11.0746224,15.857640,14.489723,15.589270,11.772228,12.4457278430562,-28.3792008347894
11.1046224,15.905942,14.489723,15.490744,11.791741,12.9295825126391,-28.2468217203766
11.137112,15.925263,14.440124,15.530154,11.772228,12.7433127835323,-28.5013667031405
11.1758288,15.934924,14.350846,15.599122,11.713690,12.4186560916448,-28.96199975531
11.2058928,15.857640,14.241728,15.707501,11.791741,11.0172658006089,-29.0850265546857
11.2371136,15.828659,14.132610,15.746911,11.840522,10.1744270264111,-29.2347019927258
11.277056,15.790017,14.102851,15.776469,11.811253,9.92628906731026,-29.3469062679943
11.3109072,15.876961,13.993733,16.052342,11.850278,8.61915388900467,-30.1443357227356
11.3383904,15.992886,13.864775,16.121310,11.850278,8.30503001013205,-30.7514220980108
11.3759136,16.070170,13.636620,16.347919,11.655152,7.63552896966047,-32.2139803008303
11.4096608,16.253719,13.408465,16.416888,11.450269,7.99920434756561,-33.6166477025926
11.4408832,16.244058,13.229909,16.554824,11.342949,7.19196305308518,-34.4821078279172
11.4708576,16.321342,13.259668,16.554824,11.352706,7.54625722069151,-34.5237927813199
11.5146208,16.417947,13.279507,16.574529,11.411244,7.66836457283357,-34.543450224985
11.5446336,16.379305,13.339026,16.485856,11.401487,8.12540488960832,-34.2151065358539
11.578456,16.408286,13.299347,16.466151,11.421000,8.08721651125931,-34.2764240515245
11.6283072,16.273040,13.368786,16.426740,11.586858,7.35808864552136,-33.4488637977142
11.66584,16.195756,13.418385,16.407035,11.723446,6.80661989193322,-32.8661612389962
11.6958432,16.050849,13.418385,16.387330,11.752715,6.23917605655955,-32.5171046014809
11.7271232,16.031528,13.477903,16.288804,11.869791,6.31535888955737,-31.9203933733153
11.7758496,15.867301,13.458064,16.278951,11.938085,5.41400416214067,-31.5096109661148
11.8071328,15.828659,13.527502,16.200130,12.064918,5.34361997123062,-30.8706186816432
11.8371056,15.722394,13.517583,16.081899,12.181994,4.91890322591405,-30.2391105860288
11.8871568,15.645110,13.696139,16.081899,12.367364,4.58562179635551,-29.3087321847772
11.9173584,15.500203,13.795337,16.012931,12.484440,4.23403336151962,-28.4597738050939
11.9483552,15.471222,13.825096,16.022784,12.513709,4.08842947488467,-28.2985884420313
11.9896096,15.548505,13.715979,16.012931,12.484440,4.11923816386308,-28.7172778334632
12.0196176,15.538845,13.676299,16.032636,12.484440,3.86179093762133,-28.820895495357
12.0501008,15.567826,13.656460,16.052342,12.445414,3.96900552535994,-29.0351916987876
12.0808592,15.538845,13.626700,16.052342,12.445414,3.75123608667401,-29.047832010841
12.1208656,15.558166,13.537422,16.111457,12.503952,3.04535117532588,-29.2544775622004
12.1521488,15.538845,13.448144,16.190278,12.464927,2.49014195850719,-29.6391701606322
12.1808288,15.606468,13.507663,16.209983,12.445414,2.96315732659309,-29.707200345556
12.222128,15.548505,13.339026,16.278951,12.416145,1.96750452507791,-30.158350002907
12.2758928,15.567826,13.259668,16.328214,12.357607,1.77728897698149,-30.5821127067053
12.3033696,15.625789,13.210069,16.426740,12.416145,1.21760605756152,-30.8380448724946
12.34584,15.625789,13.299347,16.426740,12.367364,1.7354752338207,-30.7491496118868
12.3758752,15.635450,13.259668,16.495708,12.328338,1.51056471395955,-31.0599117780444
12.4058656,15.712733,13.190229,16.456298,12.269801,1.90842467754812,-31.408196219371
12.4370848,15.818998,13.219989,16.613940,12.269801,1.82425686931011,-31.8017443171588
12.4770704,15.828659,13.140630,16.613940,12.181994,1.89371042471383,-32.1879707355641
12.5071712,15.799677,13.001753,16.604087,12.123456,1.52204870448636,-32.5599200067325
12.5383632,15.809338,12.981914,16.574529,12.094187,1.70567916681407,-32.6351962730803
12.5783664,15.818998,12.942234,16.633645,12.045405,1.55374285856551,-32.9522281692211
12.6096032,15.896282,12.991833,16.417606,12.211263,2.21981573762841,-32.2304157179516
12.640864,15.838319,12.971994,16.388324,12.162481,2.22345306814026,-32.2317000276991
12.6721296,15.857640,12.991833,16.378564,12.211263,2.22264568237246,-32.0952965846308
12.7233536,15.741715,12.971994,16.437127,12.250288,1.3431541004857,-31.9525550329913
12.7533648,15.838319,12.991833,16.466409,12.269801,1.59729141492548,-32.0842635012556
12.7838944,15.867301,12.902555,16.515212,12.240532,1.29709473126811,-32.4832223566623
12.8345936,15.809338,12.803357,16.573776,12.123456,0.924629593869031,-32.9686164631918
12.8696272,15.790017,12.763678,16.515212,12.123456,0.922321284225094,-32.9229509067292
12.909616,15.790017,12.723999,16.573776,12.221019,0.183262452573951,-32.8942580941584
12.94712,15.693412,12.783518,16.515212,12.221019,0.262763690885711,-32.4911555625833
12.9783728,15.790017,12.803357,16.544494,12.269801,0.410832202358972,-32.5562370164061
13.0096304,15.828659,12.872796,16.544494,12.318582,0.636124985142284,-32.3593480735968
13.0495712,15.857640,12.753758,16.505452,12.191750,0.919837140634772,-32.8919420637281
13.0808416,15.867301,12.694240,16.495691,12.221019,0.657473608440527,-32.9597667682576
13.1108736,15.886621,12.753758,16.446888,12.162481,1.36125694738373,-32.9064861015387
13.1433792,15.886621,12.902555,16.456649,12.172237,1.84837510373952,-32.567771623275
13.1820752,15.934924,12.783518,16.446888,12.113699,1.84063208801598,-33.0329291547436
13.2133312,15.934924,12.763678,16.388324,12.025892,2.32201523652555,-33.1742521058354
13.2446912,15.934924,12.773598,16.466409,11.996623,2.17361369569281,-33.3530866643915
13.2846064,15.963905,12.793437,16.476170,12.055161,2.098105185707,-33.243106899623
13.315888,16.079831,12.793437,16.603058,12.006380,2.23766181336037,-33.7704084626244
13.3558832,16.108812,12.823197,16.495691,11.996623,2.90171064415386,-33.5909800121965
13.3996672,16.099152,12.783518,16.544494,11.938085,2.75394682116701,-33.8798652482548
13.4308336,16.147454,12.823197,16.564016,11.860035,3.30582922182751,-34.0827159400149
13.4583808,16.050849,12.783518,16.515212,11.860035,2.98144425291987,-33.9236230470113
13.4896144,16.157114,12.823197,16.534734,11.928329,3.1934567126332,-33.8947302898725
13.5471632,16.147454,12.803357,16.603058,11.879547,3.00892392123192,-34.1501114526925
13.5808272,16.224737,12.704159,16.651861,11.811253,3.00105644864301,-34.7448118702273
13.614584,16.205417,12.595042,16.710425,11.742959,2.55641318756704,-35.2162805032058
13.6620672,16.292361,12.604961,16.778749,11.723446,2.73432607253219,-35.5003614120304
13.6921376,16.321342,12.416485,16.886116,11.664908,1.94993018609317,-36.2967619560983
13.7233728,16.369644,12.386726,16.817792,11.635639,2.39040190915313,-36.3995814364014
13.7633424,16.379305,12.416485,16.925159,11.635639,2.13099309716539,-36.5262937925007
13.7946144,16.340663,12.416485,16.983722,11.596614,1.911606418383,-36.6496212628358
13.82588,16.475909,12.386726,16.973962,11.596614,2.34493066756973,-36.9269132626647
13.8558752,16.533872,12.337127,17.071568,11.557589,2.1545708873995,-37.3891750329475
13.895856,16.485570,12.277608,16.973962,11.411244,2.67588882970589,-37.6272813126202
13.9308672,16.495230,12.148651,17.071568,11.440513,1.74322826788805,-38.0374777219042
13.9683984,16.572514,12.267688,17.071568,11.430756,2.51966154858722,-37.9091171889721
14.0083856,16.611156,12.208169,17.169174,11.479538,1.88673681131785,-38.1575101042426
14.042104,16.601495,12.208169,17.120371,11.460025,2.10888318039192,-38.1073401962421
14.0696176,16.591835,12.089132,17.188695,11.440513,1.43951233515778,-38.527471396486
14.1108096,16.562853,12.108972,17.149653,11.352706,1.88569792641178,-38.5758591221501
14.1433808,16.543533,12.138731,17.208217,11.440513,1.37061966820329,-38.3642121051935
14.182072,16.572514,12.148651,17.178935,11.450269,1.59114010956438,-38.3176691413237
14.2158608,16.485570,12.108972,17.266780,11.518563,0.524067965354385,-38.2522276283019
14.2546416,16.495230,12.089132,17.217977,11.479538,0.81631593831497,-38.3258951427266
14.2838144,16.543533,12.118891,17.208217,11.557589,0.854244308177842,-38.1369406988313
14.314584,16.543533,12.059373,17.237499,11.577101,0.445762451653235,-38.2782446317892
14.3571296,16.572514,12.099052,17.247259,11.489294,0.99889931011131,-38.4540419869946
14.3858496,16.582174,11.999854,17.344865,11.479538,0.329901331373716,-38.8840195691647
14.4174512,16.601495,12.019693,17.344865,11.538076,0.258499254443496,-38.7316923855486
14.4483168,16.562853,11.960175,17.344865,11.381975,0.473234658504199,-39.1755718916873
14.497088,16.582174,12.049453,17.305823,11.391731,0.995015805468727,-38.9103169336895
14.5284256,16.611156,11.970094,17.296062,11.450269,0.620548364575155,-38.9905213107315
14.5620848,16.601495,11.970094,17.374147,11.450269,0.29031234429874,-39.1015652751713
14.5996112,16.601495,12.039533,17.266780,11.430756,1.03061833906856,-38.8098395933665
14.6295824,16.572514,11.970094,17.217977,11.430756,0.8422426757796,-38.8464209206133
14.660808,16.553193,11.989934,17.315583,11.391731,0.623087481314179,-39.0191315239057
14.7045792,16.553193,12.019693,17.296062,11.450269,0.588866700192777,-38.7796388119462
14.7333936,16.630477,12.049453,17.325344,11.499051,0.700081602333398,-38.7687464564898
14.7639616,16.524212,12.009774,17.296062,11.391731,0.662047433751207,-38.893437125624
14.8033424,16.543533,12.029613,17.266780,11.391731,0.921056580719494,-38.8304944964467
14.8458464,16.514551,12.049453,17.247259,11.391731,0.960178631904877,-38.7046643010925
14.8759136,16.495230,12.198250,17.227738,11.499051,1.11839596826608,-38.0412366786619
14.9071216,16.495230,12.228009,17.188695,11.528320,1.26744444612619,-37.8396726611664
14.9583456,16.485570,12.237929,17.130132,11.489294,1.63691387883389,-37.7953456365921
14.9883968,16.504891,12.257768,17.159414,11.450269,1.82125611343498,-37.9199629593335
15.0183664,16.533872,12.148651,17.061807,11.518563,1.63020197354335,-37.9024279048969
