0.0317728,14.538244,13.885437,14.890817,14.335470,-1.96121075185301,-8.44318456274988
0.0615024,14.557570,13.885437,14.910520,14.276906,-1.74364009757056,-8.63704740396005
0.0915152,14.538244,13.905274,15.009037,14.276906,-2.10639324806002,-8.74982503772691
0.1327328,14.538244,13.885437,15.018889,14.267145,-2.18223210820079,-8.82867460323413
0.164032,14.547907,13.875519,14.940075,14.237863,-1.78298855251643,-8.77461921146416
0.1927056,14.567234,13.825928,14.959779,14.257384,-2.0436888808336,-8.91093018204386
0.2264896,14.518918,13.875519,15.038592,14.276906,-2.40246636696384,-8.82971979916785
0.2641168,14.538244,13.895356,15.038592,14.267145,-2.21726307017614,-8.8465709907452
0.2952704,14.538244,13.885437,15.009037,14.286667,-2.21796059367492,-8.77019565793923
0.3577248,14.586560,13.935028,14.999185,14.237863,-1.62888721672997,-8.84271416219666
0.3964816,14.605886,13.875519,14.969630,14.247624,-1.70817721399429,-8.92369496786865
0.4264992,14.576897,13.944946,14.999185,14.257384,-1.7001621965658,-8.76460766748282
0.460256,14.576897,13.875519,14.979482,14.159777,-1.52908397969863,-9.06503138481722
0.5090128,14.605886,13.875519,14.959779,14.198820,-1.4906731950564,-9.00365407818774
0.540304,14.547907,14.004455,14.979482,14.267145,-1.54762146923229,-8.53097877709852
0.571544,14.596223,13.935028,14.900669,14.237863,-1.22689714379808,-8.67136725903221
0.6215408,14.547907,13.935028,14.871114,14.286667,-1.48182079427396,-8.42215406280687
0.6515184,14.480265,14.103637,14.812003,14.276906,-0.842851208008026,-7.85629894755531
0.6840144,14.557570,14.054046,14.792300,14.354992,-0.954979342592319,-7.91106165355171
0.723968,14.528581,14.073883,14.861262,14.296427,-1.02821657252566,-8.06635083502715
0.7540208,14.528581,13.984619,14.861262,14.228102,-1.11260728158866,-8.3837362498512
0.7852688,14.576897,13.954865,14.821855,14.159777,-0.640554032104425,-8.599415678322
0.8165104,14.567234,13.935028,14.930224,14.218341,-1.37419278876252,-8.71194829022845
0.8652704,14.644539,13.984619,14.940075,14.218341,-0.929944225859117,-8.7797673078525
0.8964768,14.663865,13.905274,15.048444,14.189059,-1.45027353890041,-9.24491772871079
0.9264896,14.625213,13.766419,15.058295,14.140255,-1.98055506761513,-9.57136884734752
0.9802256,14.596223,13.865601,15.028740,14.110973,-1.49498962982243,-9.31647009308252
1.0177856,14.644539,13.944946,15.048444,14.237863,-1.5537351023978,-9.02876255790676
1.0503136,14.605886,13.865601,14.959779,14.189059,-1.49213343443758,-9.0435955184043
1.0902736,14.596223,13.855683,14.910520,14.247624,-1.60114673846979,-8.83127120652115
1.1202832,14.567234,13.925110,15.009037,14.296427,-1.99288842341047,-8.72618695526945
1.1503232,14.528581,13.925110,14.979482,14.315949,-2.10274858508792,-8.55525731067436
1.1852704,14.509254,13.905274,15.009037,14.354992,-2.50492716082909,-8.53626924947812
1.2215248,14.596223,13.835847,15.009037,14.276906,-2.14996183551345,-9.0020023038658
1.2515312,14.547907,13.835847,15.018889,14.306188,-2.47854725802221,-8.86864279769597
1.2829472,14.615549,13.845765,15.048444,14.257384,-2.112161172038,-9.13435293831613
1.332744,14.625213,13.766419,15.009037,14.296427,-2.37611091923827,-9.15895500890569
1.363976,14.644539,13.716829,15.087850,14.218341,-2.49422006671932,-9.60695024566107
1.4052976,14.625213,13.736665,15.068147,14.198820,-2.34732724800579,-9.53150652171871
1.4552512,14.702518,13.746583,15.156812,14.189059,-2.30638991588671,-9.84857563739051
1.4852768,14.731507,13.677156,15.137109,14.130495,-2.17130053813054,-10.1277214198871
1.5157552,14.712181,13.746583,15.156812,14.150016,-2.12555253678129,-9.94662669297323
1.55652,14.750834,13.706910,15.215922,14.140255,-2.31151724203653,-10.2336206115875
1.5890208,14.712181,13.607729,15.294736,14.071930,-2.87560532666249,-10.6532390334595
1.6277472,14.741171,13.558138,15.235626,14.023127,-2.55595819255413,-10.7987318953601
1.6690096,14.741171,13.667238,15.255329,14.071930,-2.39263961871078,-10.5112580189042
1.6993408,14.673528,13.706910,15.255329,14.140255,-2.7510711979183,-10.1615829501328
1.7390304,14.750834,13.657319,15.265181,14.062170,-2.39394664505478,-10.5886596095462
1.775232,14.692855,13.577974,15.265181,14.013366,-2.73810837662644,-10.7423256466279
1.8152416,14.760497,13.706910,15.225774,14.120734,-2.2391200678417,-10.3105946197007
1.8427216,14.750834,13.696992,15.156812,14.140255,-2.13110631081438,-10.1415020713791
1.8740656,14.750834,13.716829,15.156812,14.081691,-1.83910195235901,-10.220753513051
1.9253504,14.673528,13.667238,15.137109,14.081691,-2.2496544648674,-10.1374517394027
1.9552832,14.721844,13.687074,15.127257,14.052409,-1.84465624649529,-10.2302349620898
1.985272,14.808813,13.806092,15.196219,14.110973,-1.53470450777614,-10.1635742373049
2.0277088,14.760497,13.776338,15.186367,13.984084,-1.32422167785475,-10.3734105149332
2.0577744,14.818476,13.647401,15.206071,13.974323,-1.63057011516287,-10.8058892175759
2.0877536,14.828139,13.677156,15.245477,13.945041,-1.51834507206141,-10.8978319901929
2.1227104,14.808813,13.706910,15.245477,13.954801,-1.51494205057584,-10.7799144237306
2.1602432,14.808813,13.687074,15.206071,13.935280,-1.37161228960111,-10.7862757362392
2.1915088,14.818476,13.706910,15.186367,13.905998,-1.07752278777243,-10.7867002275659
2.225272,14.779823,13.657319,15.127257,13.945041,-1.33819195168511,-10.6227287677012
2.2665664,14.808813,13.786256,15.137109,13.974323,-0.884350141722816,-10.3712962601811
2.304,14.770160,13.756501,15.215922,13.954801,-1.36382649534497,-10.5486897484537
2.3340304,14.750834,13.746583,15.127257,13.993844,-1.29056590137627,-10.2835530973421
2.3752608,14.789486,13.796174,15.156812,13.993844,-1.06571405121515,-10.3116827794339
2.4052688,14.770160,13.865601,15.176516,13.984084,-0.91308397746805,-10.1903146816365
2.4465568,14.702518,13.825928,15.107554,14.032887,-1.24463290414421,-9.91136816997056
2.4814976,14.721844,13.835847,15.097702,13.896237,-0.58818387654167,-10.1890295552126
2.5177888,14.770160,13.835847,15.137109,13.993844,-0.915513534106045,-10.1562397201479
2.5495136,14.799150,13.964783,15.097702,13.993844,-0.173046750219176,-9.87325065369612
2.5790096,14.741171,13.865601,15.127257,13.964562,-0.76711163323074,-10.081292559385
2.6203744,14.770160,13.776338,15.166664,13.876716,-0.815035813573339,-10.5748782307685
2.6602368,14.789486,13.835847,15.087850,13.915759,-0.368191880748254,-10.259185183948
2.6903184,14.808813,13.835847,15.166664,13.915759,-0.588876719881362,-10.4458437261926
2.7302224,14.779823,13.825928,15.107554,13.905998,-0.479363604154136,-10.3186879560965
2.761504,14.741171,13.746583,15.137109,13.905998,-1.0369906551054,-10.4644429463862
2.7915344,14.808813,13.806092,15.156812,13.886476,-0.555619774438058,-10.5483379639333
2.8252784,14.799150,13.716829,15.196219,13.876716,-1.04091158521287,-10.8086466375913
2.881496,14.905445,13.706910,15.284884,13.876716,-1.00530719306093,-11.1976857740413
2.9152752,14.828139,13.637483,15.314439,13.866955,-1.63525023295256,-11.2711813321215
2.9452512,14.857129,13.597810,15.324291,13.827912,-1.56755350517889,-11.5074281659749
2.9852928,14.857129,13.577974,15.393253,13.818151,-1.86260066249792,-11.6986113150456
3.0165392,14.847466,13.617647,15.481918,13.896237,-2.36448932125066,-11.6030277550894
3.0464976,14.905445,13.548220,15.393253,13.857194,-1.93653503127552,-11.7700790197994
3.0890112,14.924771,13.577974,15.383401,13.798630,-1.49655259992207,-11.8476551255865
3.1177968,14.905445,13.568056,15.452363,13.866955,-2.11563653922754,-11.8195217944186
3.149736,14.895781,13.528383,15.452363,13.720544,-1.7615118845515,-12.1882992363425
3.1802512,14.934434,13.439120,15.541028,13.740065,-2.35500442630952,-12.5718181320977
3.2203072,14.982750,13.439120,15.511473,13.740065,-2.06157651672869,-12.6067814934243
3.2503056,15.021403,13.458956,15.511473,13.798630,-2.05555057968172,-12.5151004407718
3.2815088,15.021403,13.369693,15.659248,13.798630,-2.93952492795496,-12.9756855359912
3.321536,14.992413,13.339938,15.560731,13.671740,-2.33241898398337,-13.0675553088647
3.3527936,14.895781,13.310184,15.570583,13.710783,-2.99709833465334,-12.8865010753644
3.3830784,14.905445,13.339938,15.590286,13.730305,-2.99084021842421,-12.8377397680037
3.4127936,15.031066,13.409365,15.698655,13.701022,-2.53761946061095,-13.1876471005125
3.4627584,15.079382,13.280429,15.777468,13.613176,-2.81156581831574,-13.8776075544951
3.4940768,15.069719,13.220920,15.807023,13.505808,-2.78895044913659,-14.2671952125599
3.5477344,15.147024,13.211002,15.875985,13.544851,-2.92948379201799,-14.4733904285404
3.5852368,15.147024,13.250675,15.994205,13.515568,-3.10482831151304,-14.6669713006217
3.616528,15.147024,13.161411,15.895688,13.408200,-2.68787970224503,-14.9052390136599
3.6465392,15.098708,13.171329,15.935095,13.349636,-2.76399441954186,-14.9927983863722
3.6989984,15.243656,13.240756,15.984354,13.339875,-2.09229721822376,-15.218858450371
3.7289856,15.291972,13.181247,15.974502,13.320354,-2.02637186588978,-15.4571591441343
3.7703312,15.340287,13.171329,16.023760,13.252029,-1.81005178987206,-15.8008574921949
3.8102992,15.330624,13.062229,16.043464,13.115378,-1.82860929794999,-16.3474530886796
3.8402912,15.485235,13.091984,16.033612,13.086096,-0.982705367502431,-16.6066311671775
3.871536,15.446582,13.082066,16.033612,13.183703,-1.52902518964572,-16.3482506443755
3.9127584,15.456245,13.091984,16.013909,13.115378,-1.12816175622189,-16.4560641978161
3.94276,15.378940,13.151493,15.974502,13.154421,-1.19430475729631,-16.0337354563632
3.9752848,15.359614,13.131657,15.944947,13.173943,-1.30569148718822,-15.9461532671572
4.0065664,15.320961,13.211002,15.925243,13.203225,-1.18681078031138,-15.6073868106334
4.0565328,15.320961,13.330020,15.816875,13.252029,-0.514662048889936,-15.0520555458346
4.085248,15.320961,13.399447,15.787320,13.398440,-0.686946329192047,-14.5400030776657
4.1168592,15.301635,13.399447,15.767617,13.427722,-0.795328380543158,-14.4069233077384
4.173968,15.166350,13.409365,15.629693,13.457004,-0.865624555668499,-13.8231820034428
4.2077472,15.118034,13.498629,15.560731,13.515568,-0.671930072979081,-13.2952253615915
4.237768,15.089045,13.538301,15.590286,13.554611,-0.886597392872361,-13.1310774380874
4.2890304,15.108371,13.498629,15.511473,13.603415,-0.852044304869988,-13.001731424263
4.3202816,15.040729,13.518465,15.511473,13.574133,-0.924162228505204,-12.8959316758835
4.3503072,14.963424,13.538301,15.521324,13.652219,-1.46894153832052,-12.5654379297373
4.3915424,15.021403,13.488711,15.550880,13.671740,-1.61901419718931,-12.7911785608691
4.4227552,15.011739,13.647401,15.501621,13.759587,-1.19754901490054,-12.1681454609196
4.4527872,14.944097,13.538301,15.412956,13.740065,-1.4661942438369,-12.1436094354401
4.4840384,14.857129,13.548220,15.353846,13.759587,-1.61230824521352,-11.8080874958411
4.524016,14.837802,13.597810,15.343994,13.847433,-1.78662058169423,-11.4676728653103
4.5540288,14.886118,13.716829,15.314439,13.857194,-1.07813942903073,-11.2367623236448
4.585272,14.847466,13.726747,15.314439,13.915759,-1.40400817459808,-11.0227990811093
4.6264896,14.837802,13.746583,15.265181,13.915759,-1.18292560343013,-10.8707320583258
4.6565408,14.828139,13.677156,15.275032,13.866955,-1.33824740112539,-11.1147743119006
4.6865152,14.741171,13.766419,15.196219,13.915759,-1.21801556302904,-10.5160444540506
4.7177728,14.731507,13.776338,15.215922,14.042648,-1.76069559743522,-10.254530497072
4.7589088,14.750834,13.776338,15.146961,14.013366,-1.32330564478572,-10.2200554265499
4.7889728,14.683192,13.806092,15.137109,14.052409,-1.57544785122821,-9.93154415324119
4.8414976,14.750834,13.736665,15.107554,14.032887,-1.40009998506163,-10.1862694760009
4.8814912,14.712181,13.776338,15.137109,14.071930,-1.65071481227173,-10.0077803901715
4.9152224,14.673528,13.796174,15.235626,14.081691,-2.12268864430447,-10.0613693197624
4.9427232,14.741171,13.786256,15.156812,14.091452,-1.64824700476832,-10.0404231881226
4.993992,14.721844,13.687074,15.166664,14.032887,-1.91838740105979,-10.3454050312227
5.0252944,14.644539,13.726747,15.127257,14.023127,-1.87945659121988,-10.0612919629253
5.0540272,14.634876,13.766419,15.176516,14.120734,-2.30894257511551,-9.85600365719799
5.0939904,14.692855,13.796174,15.196219,14.120734,-2.04790173118449,-9.94345684326457
5.1265488,14.712181,13.816010,15.087850,14.150016,-1.60686232485526,-9.67348787286867
5.1565696,14.634876,13.756501,15.077999,14.130495,-2.01837457188194,-9.66784660823135
5.1877744,14.663865,13.776338,15.058295,14.237863,-2.15675206971339,-9.42647492311129
5.2390048,14.615549,13.855683,15.038592,14.306188,-2.21820697874558,-8.99653793837428
5.2690336,14.576897,13.845765,14.930224,14.276906,-1.89412749350089,-8.79276084393862
5.2990336,14.557570,13.825928,14.979482,14.237863,-2.08120250582812,-8.96990701953089
5.35032,14.557570,13.835847,14.979482,14.257384,-2.11567826079933,-8.91018219191136
5.3802384,14.576897,13.875519,14.999185,14.306188,-2.14432324446961,-8.8062813514697
5.411496,14.634876,13.786256,15.009037,14.286667,-2.2276702021542,-9.15707855956302
5.4540176,14.615549,13.845765,15.018889,14.286667,-2.11115357010025,-9.01825514144512
5.4927744,14.576897,13.806092,14.959779,14.286667,-2.19088649276043,-8.9104127723901
5.5227936,14.605886,13.875519,14.910520,14.247624,-1.48898524594884,-8.80972930456715
5.5652832,14.663865,13.825928,14.979482,14.276906,-1.82117569330957,-9.09533435381275
5.6028192,14.673528,13.796174,15.038592,14.159777,-1.68267987287512,-9.52577013916476
5.6341056,14.712181,13.736665,15.097702,14.081691,-1.69163554203379,-9.99375353583503
5.6689936,14.731507,13.627565,15.225774,13.974323,-2.11047234790413,-10.7191436433659
5.7065392,14.857129,13.548220,15.343994,13.935280,-2.22707681031352,-11.4248594053418
5.7365264,14.915108,13.518465,15.353846,13.945041,-2.19206310800658,-11.5938297317441
5.7677552,15.002076,13.498629,15.393253,13.905998,-1.93818075126992,-11.9527419851052
5.8102736,15.253319,13.468874,15.481918,13.593654,-0.270781118163518,-13.2981498535166
5.8390464,15.456245,13.250675,15.393253,13.330114,0.990910773907812,-14.5275733840357
5.8715472,15.079382,13.230838,15.235626,13.583894,-0.877138347271033,-13.0387737605294
5.9015328,14.876455,13.409365,15.284884,13.554611,-1.04546818216001,-12.4348174566151
5.9415088,14.992413,13.647401,15.659248,13.476525,-0.805573431900722,-13.0148755087706
5.9727872,14.779823,13.518465,15.403104,13.632697,-1.73202000672612,-12.0823183212956
6.0027712,14.258012,13.756501,14.920372,14.023127,-2.47820309116772,-8.85369474950404
6.0439968,13.852159,13.905274,14.477046,14.550206,-3.78846419246218,-5.80061245217905
6.0827344,13.620243,13.845765,13.915500,14.930875,-4.25408533120451,-3.54202211105444
6.1177376,13.098431,13.052311,13.570692,14.618532,-7.06875358930051,-3.95260867299125
6.1552368,13.214389,12.705175,13.649505,14.159777,-6.56169001911585,-6.05187574586694
6.18528,13.707211,12.149758,14.014017,12.998249,-3.67804221616722,-11.602663117459
6.218968,13.842496,11.941476,14.447491,12.773753,-4.81763012585912,-13.7424660535807
6.2477552,13.900475,12.120003,14.959779,13.261789,-7.73244939157027,-13.3647687265543
6.2865136,14.045422,12.199349,15.432659,13.808390,-10.6382619807489,-13.1842130786708
6.3177728,13.987443,11.991067,15.580435,13.808390,-12.2822636117378,-13.8132062347554
6.3477584,14.171043,12.090249,15.275032,13.447243,-8.63730866438048,-14.1579700162352
6.3815376,14.373970,12.526648,14.940075,14.345231,-8.13595353800077,-11.0092217715564
6.4190016,14.480265,12.665503,14.792300,14.589249,-7.51014665772841,-10.1234927429628
6.4506448,14.499591,13.082066,14.674080,14.345231,-4.44614610142859,-9.57149317387474
6.480264,14.538244,13.211002,14.555860,14.413556,-3.60458047326318,-9.00779050375515
6.5314768,14.451275,13.072147,14.437640,14.130495,-2.97942316013187,-9.48128660377354
6.5627872,14.451275,12.824193,14.250458,13.427722,-0.533639899118772,-11.1362078793155
6.5927936,14.760497,12.774602,14.437640,13.330114,0.142115057595852,-12.43082284256
6.6340096,14.876455,13.022557,14.703635,14.189059,-2.73517970502543,-10.8084423865552
6.665248,14.857129,13.032475,14.358826,13.945041,-0.543144640725964,-10.5952541864679
6.6952576,15.098708,13.082066,14.339123,13.681501,1.66984575528993,-11.4786494790147
6.7490848,15.668835,11.822458,15.265181,12.851838,-1.3832271994898,-18.8868785003672
6.7877776,16.248626,11.326550,16.191239,12.158826,-1.94687099428618,-24.3072687502707
6.8177728,16.635153,10.949659,16.515212,11.534139,-0.754840901966666,-27.9109891254262
6.8527984,16.857406,10.047106,17.149653,10.099311,-0.324173029987512,-35.2325460907978
6.8890432,17.011590,9.402425,17.959785,8.898741,-0.753580134439995,-41.7273560315632
6.9215264,17.962527,9.461934,19.160341,8.762090,-0.894996767178075,-44.9807540243091
6.95088,18.490824,9.501606,20.038797,8.849937,-2.35857866467309,-46.4945883937481
7.0002592,18.673327,9.293325,19.931430,8.430225,-0.465297017048381,-48.3145354467572
7.0314816,19.105571,8.380853,20.155925,7.629845,-0.119615060119007,-54.0093531865299
7.0614784,19.931637,8.361017,20.946535,7.737213,-0.4331729708855,-55.6345310851854
7.1052384,20.335065,8.301508,21.317439,7.649366,-0.188252315312014,-56.9189452486611
7.1327952,20.700071,7.537809,21.454087,6.936833,0.467816937362235,-61.7760304472209
7.1639872,21.045866,7.557645,21.532172,6.868508,1.82325820831071,-62.3537516894863
7.1953312,20.959417,7.775845,21.893315,7.249176,-0.470388109087968,-60.8654923062806
7.246512,20.776914,7.875027,22.186134,7.424869,-2.51088090150312,-60.1811366014114
7.2765088,20.988233,7.438627,22.439910,7.258937,-3.68483849951895,-62.4024415877729
7.3065712,20.853757,7.121246,22.879138,7.278458,-7.07559876789248,-63.5775037188001
7.362768,20.911390,6.942719,23.406212,7.161330,-9.00257559769592,-65.0107757969993
7.397816,21.161131,6.417056,24.021131,6.809943,-11.0042540083273,-68.4226547113668
7.4315504,21.468504,6.516237,24.382274,6.741618,-10.4450030607316,-68.9145347667187
7.4790064,21.631796,6.565828,24.616529,6.546403,-9.76216677218562,-69.6909002555248
7.5103232,21.891143,6.298038,24.567726,6.263342,-8.63814579406764,-71.5284931995295
7.5428176,22.188910,6.218692,24.265147,5.999802,-5.80063935170061,-72.5733708183704
7.591504,22.496284,6.139347,24.187062,5.794827,-3.9194017417669,-73.6346945332171
7.6227968,22.957344,6.089756,24.099216,5.638655,-1.49113703272385,-74.5649815493406
7.6565632,23.159058,6.446810,24.099216,5.814348,-0.0663222498147196,-73.0855253938006
7.694008,23.360771,6.545992,24.372513,5.726501,0.359271873761145,-73.4231362833647
7.7240976,23.504853,6.387301,24.460359,5.511765,0.763698634395227,-74.7351548812154
7.7553152,23.696961,6.298038,24.597008,5.394636,1.06501973078489,-75.6120650771745
7.7965152,23.965913,6.417056,24.811741,5.482483,1.3695567468561,-75.3405350908036
7.8365776,24.273286,6.436892,24.733656,5.257986,3.61565223710773,-76.1273946789885
7.8665536,24.369340,6.526156,24.616529,5.336072,4.4077709968275,-75.6059283412529
7.8977552,23.927491,6.754273,24.587247,5.628894,2.70826447658394,-73.691898685091
7.949168,22.986160,6.942719,24.099216,5.892434,0.826113111452391,-71.2158529829831
7.9815264,22.419441,7.517973,23.650227,6.224299,1.28054216632342,-67.6692965813183
8.0228016,21.871932,7.527891,23.415972,6.360949,-0.32671734690955,-66.5422963488642
8.0627664,20.930601,7.160918,22.801053,6.292624,-2.74120322319116,-66.4142294118018
8.0928224,20.767309,6.962555,22.674165,6.204778,-3.34173244163456,-67.0208200931545
8.1227808,20.728887,6.883210,22.469192,6.107170,-2.66250359280477,-67.3421103685026
8.1627344,20.700071,6.853455,22.566798,6.136452,-3.37171747304181,-67.408037474576
8.1952592,21.180342,7.091491,23.103633,6.390232,-3.52713697917175,-66.8420420700312
8.2240464,21.708640,7.349364,23.923525,6.683054,-4.56627568229057,-66.4311662186088
8.2602928,22.400230,7.855190,24.655572,7.014919,-3.89433274222478,-65.3050691481717
8.3053616,22.563522,8.093226,24.821502,7.180851,-3.5964275742011,-64.4757672985068
8.3365456,21.919959,8.192408,24.089455,7.278458,-3.36843870629129,-62.6803165911415
8.36816,21.660612,8.132899,23.542861,7.083244,-1.93049470373279,-62.6343485991703
8.4077632,21.622191,8.103145,23.425733,7.024679,-1.55576581156612,-62.7362811191041
8.4390736,21.814299,8.241999,23.084111,6.985636,1.00448386141867,-62.3104121504068
8.4715072,21.987197,8.450280,23.123154,7.044201,2.01787773379639,-61.7626999868642
8.5040464,22.083251,8.589135,23.318366,7.210133,1.56191455225542,-61.1949532572162
8.5403312,22.505889,8.966025,23.562382,7.278458,3.24552311174164,-60.6161722447508
8.5715648,22.611549,8.946189,23.406212,7.161330,4.50364193610264,-60.9394689344592
8.600856,22.112067,8.420526,23.084111,6.829465,3.27004615881317,-62.5319001071346
8.6439952,21.775878,8.053554,22.596080,6.663532,3.14070744783224,-63.2670180389659
8.6915328,21.756667,7.597318,22.820575,6.585446,0.861186585821536,-65.0222972839463
8.7228144,21.679823,7.666745,22.830335,6.722097,0.296203933355625,-64.3544331241896
8.7765488,21.036260,8.043636,22.576559,7.093004,-1.12009502578278,-61.3105343082114
8.8053168,20.700071,8.192408,22.225177,7.141808,-0.710415150514314,-60.0432468040921
8.8353424,20.066113,8.142817,21.600497,7.083244,-0.753935042920709,-59.034979426508
8.8752592,19.768345,8.132899,21.200311,6.975876,-0.00856754470057886,-58.6247616087041
8.9065712,19.797161,8.370935,21.053902,7.073483,1.20948071731321,-57.5033215478049
8.9365536,19.749134,8.370935,21.141747,7.161330,0.350698068146136,-57.2898723858481
8.9703296,19.845188,8.549462,21.366242,7.395587,-0.33790288304796,-56.4485363571875
9.0178352,19.902821,8.886680,21.376002,7.600563,0.351819487773361,-54.9797336056676
9.0490288,20.190984,8.708153,21.463848,7.541998,0.653936842892287,-56.0693940963736
9.0903184,20.162167,8.281672,21.473609,7.229655,0.0700910692449102,-58.1685256727265
9.140304,20.219800,7.676663,21.795709,7.200373,-3.13159770581847,-60.4335817294463
9.1715712,20.565595,7.428709,22.069007,7.180851,-3.69564849035269,-61.8651345899308
9.2028128,20.536779,7.002228,22.293501,7.044201,-5.79378371084814,-63.7466122250751
9.2415488,20.152562,6.744355,22.332543,7.190612,-9.0247159459718,-63.7413158901149
9.2765488,19.970059,6.764192,22.361825,7.483434,-10.8512795139517,-62.6400735258013
9.314032,19.633869,6.932801,21.990922,7.883624,-11.6356007219337,-60.2016743546121
9.3552912,18.951885,7.031982,21.590736,8.049557,-13.1786046464761,-58.2358228431194
9.3853536,18.375559,7.250182,20.907493,8.156925,-12.5596513928929,-55.8228145792587
9.4153312,17.904894,7.428709,20.175446,8.313096,-11.6378549993198,-53.36908552181
9.4503664,17.376596,7.587400,19.433639,8.352139,-10.5284798643848,-51.1587553943169
9.4868512,16.915536,7.815518,18.535661,8.254532,-7.59990093209072,-48.9383858836773
9.518208,16.886720,8.202326,17.998827,8.352139,-4.25824043089622,-46.6789794819838
9.5477984,16.848298,8.450280,17.852418,8.654722,-3.99775631984351,-44.7740022604193
9.5890544,16.992379,8.767662,17.823136,8.986587,-3.27003064176549,-43.0522763379472
9.6203488,17.357385,9.065207,17.871939,9.103716,-1.18944723847741,-42.476397134773
9.6503984,17.568704,9.194143,17.784093,9.201323,0.156396032212285,-42.0205982784681
9.6816048,17.616731,9.362752,17.666966,9.279409,1.18583550900679,-41.234554399052
9.7215648,17.847261,9.154471,17.374147,8.693765,4.86247219768655,-43.3737926993337
9.751568,17.943316,9.085043,17.374147,8.605918,5.33441146614886,-43.9617008880037
9.7815744,18.087397,8.985862,17.237499,8.479029,6.61710081190025,-44.6229556816501
9.8228,18.125819,9.055289,17.003244,8.381422,8.45182923886131,-44.4237287824631
9.8527888,18.250689,9.491688,16.934919,8.576636,10.1221571641571,-42.6968666165464
9.8844464,18.221873,9.610706,16.983722,8.693765,9.77234413744831,-42.0609548078245
9.9240896,18.212267,9.977679,17.208217,9.093955,8.55313675331935,-40.2566618934328
9.9752992,18.154635,10.423996,17.666966,9.718642,5.66817168261999,-37.9924030804298
10.00656,18.000948,10.820723,17.950024,10.060268,4.14384230457186,-36.283198292198
10.0415584,17.933710,11.078595,17.842657,10.294526,4.36814978396322,-34.7852624405889
10.0777728,17.511072,11.167859,17.520557,10.509262,3.53106341064251,-32.9003105524791
10.1103248,16.925141,11.465404,17.081329,10.811845,2.96609601444707,-29.8111010797956
10.1390624,16.809090,11.634013,16.456649,11.280360,3.77397052123213,-27.0589856650739
10.1790144,16.132668,12.308448,16.073019,12.100262,2.07714695387271,-21.7542836780752
10.2118288,15.388603,13.121738,15.708506,13.408200,-1.22515053444292,-15.08907033095
10.2403248,14.818476,14.202819,15.718358,14.413556,-3.01194010067031,-9.75522737334977
10.2753168,14.344981,15.045863,15.393253,14.901593,-2.22620442815234,-5.65450345875029
10.3140224,13.813506,15.452508,14.398233,14.755182,1.47020226503872,-2.15921004713381
10.3431152,13.291695,15.492181,13.570692,14.813746,2.56560877912446,0.812684681616657
10.3728096,13.166073,15.779808,13.235734,15.106568,3.33391994134852,2.86989769030535
10.4127616,12.856852,16.166616,13.018997,15.662930,2.33431049776289,5.70771735307445
10.4440752,12.702241,16.493916,12.585523,16.592157,1.12143903324782,9.17542842339917
10.4743408,12.441335,16.434407,12.260418,16.640757,0.957613519776386,10.4675088463766
10.5053696,12.412346,16.454243,12.211159,16.669917,0.998600737703034,10.7270708978537
10.5465232,12.422009,16.483998,12.299825,16.689356,0.741881990362453,10.5875622339522
10.586832,12.537967,16.434407,12.388490,16.650477,0.804388182621623,9.97827349461518
10.6165472,12.528304,16.464161,12.457451,16.582437,0.875991145051457,9.78077312781481
10.6690608,12.528304,16.355062,12.753002,16.465799,-0.196983135647274,8.73894575867611
10.6978112,12.528304,16.236044,12.733299,16.456079,-0.534887269543001,8.5623559070489
10.7277712,12.547630,16.166616,12.762854,16.485238,-0.94109758940834,8.38484623614267
10.7690656,12.547630,16.186453,12.723447,16.339440,-0.178743319375428,8.25543511626787
10.7990272,12.750557,16.285634,12.792409,15.867906,2.46335149394364,7.0074242975556
10.8290256,12.808536,16.255880,12.782557,15.848384,2.67951305380216,6.8152255111233
10.8615344,12.682915,16.315389,12.674188,15.848384,2.84349337534528,7.43594471030428
10.900312,12.847189,16.434407,12.693892,15.819102,3.93211478315232,7.1861646413167
10.9302784,12.847189,16.474080,12.595375,15.799581,4.52761553256259,7.43853281063773
10.9615344,12.914831,16.424489,12.595375,15.731255,4.85493523121773,7.08346523676994
11.0015824,12.866515,16.454243,12.506710,15.721495,5.16311550734882,7.42112647337465
11.031576,12.943820,16.652607,12.487007,15.750777,6.13894010257337,7.68984606760282
11.0627616,12.924494,16.692279,12.339231,15.741016,6.81851187237989,8.11179281506559
11.0965664,12.914831,16.622852,12.240714,15.614127,7.40104460651932,8.01188231009532
11.1340352,12.866515,16.801379,12.171753,15.711734,7.76559727455533,8.75234227233265
11.1652896,12.934157,16.930315,12.142198,15.760538,8.40511441029842,8.97261904878501
11.20532,12.963147,16.920397,12.122494,15.750777,8.58837129860486,8.91815192097069
11.2552912,12.914831,16.781543,12.142198,15.750777,7.83256841792709,8.74346312897546
11.2865632,12.885841,16.801379,12.161901,15.750777,7.72286391364977,8.79839112920461
11.3166336,12.866515,16.821216,12.171753,15.877666,7.1961748615973,9.07149672778777
11.3590784,12.885841,16.821216,12.230863,15.926470,6.85121579248473,8.97985625970237
11.3890896,12.934157,16.642689,12.211159,15.838623,6.79000208953291,8.45832778158035
11.4190416,12.963147,16.513752,12.319528,15.770298,6.26949008104419,7.81077897641303
11.4503648,12.953484,16.513752,12.358935,15.789820,6.0072881038223,7.77869809023874
11.4903024,13.050115,16.374898,12.496858,15.701973,5.65983177905366,6.86428736752761
11.5216112,13.059779,16.325307,12.565820,15.692212,5.28597697219887,6.58709373340134
11.5519552,13.059779,16.196371,12.703744,15.623887,4.5439006458938,5.93654637279784
11.5940144,13.088768,16.067435,12.753002,15.623887,3.98550982278954,5.53658169033848
11.6227984,13.040452,16.087271,12.881074,15.711734,3.05929083643733,5.55409928067119
11.6540464,13.050115,16.007926,12.930332,15.682452,2.72443674892275,5.23290386586949
11.6865648,13.117758,15.908744,12.871222,15.731255,2.64588228696582,5.12456531039654
11.725344,13.069442,15.908744,12.871222,15.731255,2.46555405419657,5.22960259617163
11.7553408,13.088768,15.869071,12.920481,15.867906,1.68822020478748,5.25330330541539
11.7868992,13.108094,15.869071,12.812112,15.809341,2.38995412780969,5.34260253439315
11.8353648,13.059779,15.819480,12.821964,15.828863,1.91256114917184,5.37281396214906
11.8777888,12.953484,15.819480,12.595375,15.945992,1.92775254316866,6.3109184377024
11.9091184,12.934157,16.067435,12.585523,16.543558,0.578096073311232,7.85264369658471
11.9515856,12.943820,16.047598,12.585523,16.553278,0.504002684002405,7.81396206287502
11.9802736,12.876178,15.988089,12.595375,16.562998,-0.0444822012822559,7.85539563007075
12.010328,12.818199,15.998008,12.555968,16.562998,-0.0784789647758521,8.08753924733991
12.0541344,12.847189,16.007926,12.526413,16.621317,-0.0392983104868592,8.20626722803495
12.0915776,12.789210,16.047598,12.555968,16.582437,-0.0733600341041933,8.2705148899027
12.1228224,12.798873,15.988089,12.516562,16.601877,-0.186430935258266,8.26745675950324
12.155328,12.760220,15.948417,12.585523,16.650477,-0.917488003278947,8.21569191673178
12.1927584,12.740894,16.017844,12.506710,16.601877,-0.25598506139386,8.46912544879682
12.2240976,12.779546,16.007926,12.516562,16.669917,-0.43714950438518,8.46132479048929
12.2540688,12.779546,15.988089,12.487007,16.669917,-0.40209522635166,8.49282905115654
12.2878128,12.692578,15.988089,12.516562,16.844875,-1.48639086605593,8.91976855603053
12.3253296,12.634599,15.998008,12.526413,16.844875,-1.70422265340442,9.04371420212741
12.3565632,12.644262,15.958335,12.526413,16.757396,-1.49487740113447,8.80491746106009
12.3865648,12.702241,15.958335,12.516562,16.718516,-1.09542859485183,8.63122207790415
12.4378064,12.750557,15.958335,12.605227,16.708796,-1.20500353151908,8.31078357345578
12.4715712,12.818199,16.007926,12.664337,16.699076,-0.946121880703566,8.09943970878694
12.5115776,12.866515,15.908744,12.703744,16.524118,-0.63645224735655,7.43371925916056
12.5490176,12.856852,15.789726,12.733299,16.446359,-0.942923832137288,7.0478307358379
12.5802864,12.837526,15.948417,12.762854,16.514398,-0.779031132543635,7.41943502086923
12.610304,12.895505,16.057517,12.753002,16.475518,0.0277490627637487,7.43531680020889
12.6579056,12.963147,16.047598,12.821964,16.417199,0.203942894493422,7.01859228998955
12.6915728,13.108094,15.789726,12.900777,15.780059,1.8687890818222,4.95593388538828
12.722816,13.156410,15.730217,12.950036,15.731255,1.82513620232582,4.55027593154564
12.7578144,13.282031,15.700462,13.009146,15.614127,2.40297729467392,3.88705363912508
12.7940528,13.397990,15.660790,13.127366,15.467715,2.79417707585285,3.04776932917066
12.8253136,13.397990,15.531854,13.255438,15.360347,2.23447176820042,2.34304573107501
12.855352,13.446305,15.521935,13.324399,15.282262,2.41256817262567,1.93231245726765
12.89528,13.484958,15.492181,13.344103,15.262740,2.44512464513841,1.71797213076344
12.9266112,13.504284,15.512017,13.403213,15.331065,2.11018519689049,1.71474863660391
12.956568,13.465632,15.492181,13.353955,15.252979,2.37256176024176,1.72000266572015
12.98656,13.455969,15.492181,13.344103,15.292022,2.22603295345808,1.83329357931199
13.0302864,13.484958,15.482263,13.324399,15.233458,2.59358335063829,1.68729239622216
13.0590784,13.446305,15.551690,13.344103,15.399390,2.00716091850592,2.1603648259051
13.0928272,13.455969,15.561608,13.225883,15.389630,2.56327667827509,2.39085556010106
13.1415424,13.436642,15.541772,13.294844,15.418912,2.04608731243675,2.30279248821896
13.1915344,13.407653,15.512017,13.294844,15.311544,2.23195243377922,2.11263541991495
13.222784,13.455969,15.531854,13.265289,15.467715,2.00868452454376,2.39564523075704
13.2627984,13.436642,15.521935,13.314548,15.409151,1.93448769172857,2.20679126597644
13.2940368,13.436642,15.551690,13.344103,15.418912,1.89758974728712,2.2165724948972
13.3240848,13.311021,15.561608,13.284993,15.360347,1.90843751318552,2.51984981329777
13.3653232,13.340011,15.502099,13.275141,15.370108,1.79429775089036,2.38781096561637
13.3952784,13.446305,15.502099,13.383510,15.428673,1.56350550546575,2.03979068839473
13.4253248,13.484958,15.561608,13.344103,15.301783,2.556528744518,1.91769591461316
13.4590752,13.465632,15.462426,13.452471,15.262740,1.85233512639171,1.47503642441638
13.4965392,13.475295,15.402917,13.422916,15.301783,1.62988991393452,1.47917514060412
13.5265824,13.562264,15.472345,13.472175,15.223697,2.32323636447347,1.1764238874606
13.5578128,13.513948,15.531854,13.422916,15.252979,2.44033829955812,1.54559482639533
13.6016672,13.504284,15.392999,13.452471,15.155372,2.1426213783073,1.06601252301631
13.629064,13.504284,15.402917,13.393361,15.184654,2.29268980864905,1.26343985290924
13.6590528,13.591253,15.452508,13.373658,15.165133,2.95151116519374,1.17743159704666
13.6928176,13.639569,15.492181,13.452471,15.165133,2.98042433873995,0.983900524478156
13.7315392,13.610579,15.482263,13.482026,15.165133,2.7240309494476,0.964341862800687
13.771624,13.610579,15.402917,13.422916,15.116329,2.83693596261045,0.850426030622229
13.8040704,13.697548,15.392999,13.482026,15.106568,2.93700287808407,0.507683517800396
13.8441136,13.736201,15.432672,13.482026,15.067525,3.37596545240628,0.428118272120677
13.8753344,13.755527,15.323572,13.482026,14.989439,3.33877334518529,0.0379522635381591
13.9065712,13.774853,15.373163,13.550988,14.940636,3.51838465745377,-0.14452217834843
13.9390624,13.784516,15.373163,13.501730,14.891832,3.92741951257968,-0.153685496667083
13.976568,13.823169,15.343408,13.531285,14.930875,3.69927343060507,-0.278173072613884
14.0065312,13.900475,15.264063,13.560840,14.891832,3.72778891704081,-0.722689059071066
14.0378112,13.958454,15.254145,13.590395,14.803985,4.12796039590151,-1.08843514820788
14.0878112,13.948790,15.174799,13.570692,14.774703,3.98456770443315,-1.23373999049105
14.1192848,13.987443,15.254145,13.570692,14.852789,4.12444672575965,-1.01531390337125
14.1503472,13.997106,15.244227,13.718467,14.843028,3.59923926220592,-1.37663733180347
14.1902704,13.968117,15.273981,13.629802,14.755182,4.27301837371685,-1.24454349049996
14.22032,13.987443,15.174799,13.629802,14.774703,3.90265178038291,-1.43552681258144
14.2523328,13.987443,15.204554,13.639653,14.686857,4.31061139143063,-1.5663158363071
14.2840288,14.016433,15.184718,13.688912,14.706378,4.08207187139167,-1.72788670900809
14.3216016,14.084075,15.115290,13.728318,14.716139,3.88821360096492,-2.06114951748185
14.3528,14.113064,15.075618,13.738170,14.677096,3.95973751646677,-2.29103411146612
14.3841552,14.151717,15.045863,13.757873,14.579489,4.28985444984766,-2.6545031122217
14.4440288,14.209696,14.986354,13.807132,14.579489,4.0962166804529,-2.9874393083481
14.4753264,14.238686,14.956600,13.895797,14.657574,3.45945101779523,-3.13310295744762
14.5141856,14.180707,14.907009,13.895797,14.511163,3.61634072351567,-3.39387007999074
14.5677776,14.180707,14.877254,13.876094,14.677096,2.94981985282267,-3.09079293348732
14.5977952,14.151717,14.857418,13.876094,14.725900,2.5829332275236,-2.97610766877739
14.6290288,14.132391,14.897091,13.895797,14.725900,2.58428490591843,-2.90054231081448
14.6790848,14.045422,15.006191,13.856390,14.833268,2.41005644645721,-2.22857900492365
14.7103712,13.977780,15.115290,13.728318,14.921114,2.7162896966263,-1.45343787646483
14.7403168,13.987443,15.174799,13.688912,14.969918,2.93784645519682,-1.1874977954255
14.78028,13.929464,15.065700,13.619950,14.930875,2.72460747649948,-1.20623584264255
14.811584,13.794180,15.026027,13.570692,14.882071,2.44190227560271,-0.99190884029789
14.8428064,13.832832,15.214472,13.511581,15.135850,2.55343798093722,-0.114694588117493
14.8740816,13.823169,15.283899,13.501730,15.165133,2.70252541272167,0.110444916898992
14.9228144,13.794180,15.194636,13.501730,15.135850,2.37248896976073,-0.050938030782099
14.9541184,13.765190,15.214472,13.472175,15.048004,2.78297350696533,-0.0564921291506248
14.9841424,13.784516,15.264063,13.521433,15.106568,2.63163237143059,0.00334180552169716
15.0365696,13.803843,15.313654,13.491878,15.165133,2.77850417004882,0.226668416312029
