0.0419632,12.318797,15.211510,13.227836,17.311430,0.43984512557333,3.66277032842065
0.070688,12.309134,15.181758,13.119477,17.243391,0.910616183357776,3.7537231564983
0.1018624,12.347785,15.211510,13.080074,17.243391,1.31923236965916,3.8068949361882
0.1318544,12.318797,15.280932,13.139179,17.340590,0.9223307261885,4.02794876138785
0.1856096,12.338122,15.370189,13.040670,17.379470,1.55787697736205,4.42269706791815
0.2343872,12.376773,15.261097,13.119477,17.311430,1.24472535687386,3.85921807645966
0.2681616,12.347785,15.271015,13.158881,17.223951,1.34093563831825,3.70238537137804
0.3056224,12.347785,15.340437,13.109626,17.272551,1.61441618565184,4.01450506390577
0.3356496,12.338122,15.380107,13.080074,17.340590,1.59467150832332,4.28604834603431
0.3669024,12.289808,15.300767,13.050521,17.272551,1.44315190514998,4.20490720162429
0.4169488,12.299471,15.380107,13.020969,17.311430,1.75781325233896,4.45217400250852
0.4481312,12.318797,15.380107,13.030820,17.291990,1.86736492392381,4.3542231707632
0.4781344,12.347785,15.310685,12.991416,17.321150,1.74605676005287,4.30810545967616
0.5231856,12.309134,15.320602,13.070223,17.253111,1.59541694624745,4.11922850424912
0.5506544,12.396099,15.300767,13.040670,17.243391,1.99755629746352,3.94143763237207
0.5806576,12.338122,15.271015,13.050521,17.243391,1.61971182448541,3.99640616248768
0.613152,12.376773,15.290850,13.119477,17.233671,1.6372803790822,3.77638791636874
0.6518912,12.347785,15.290850,13.158881,17.204511,1.48760381007367,3.70306834499527
0.6831408,12.347785,15.340437,13.129328,17.223951,1.71720712393797,3.8873477766336
0.7131232,12.318797,15.231345,13.109626,17.291990,1.00538081026105,3.92392798613387
0.7543184,12.318797,15.221428,13.208135,17.291990,0.61719449191178,3.68965998584186
0.7856576,12.396099,15.271015,13.188433,17.291990,1.18334719632028,3.64865446567789
0.8156752,12.396099,15.221428,13.178582,17.311430,0.955655154431955,3.61825263379352
0.8694336,12.328459,15.181758,13.139179,17.243391,0.916454546659338,3.6675785665281
0.9068432,12.231832,15.191675,13.149030,17.291990,0.368091252949615,3.96051523668936
0.9380736,12.328459,15.271015,13.119477,17.379470,0.853413028222858,4.09989650718703
0.970656,12.309134,15.261097,13.158881,17.379470,0.599540907118971,4.03857918948709
1.0093936,12.289808,15.152005,13.198284,17.321150,0.162415193171281,3.70558803606478
1.040608,12.357448,15.152005,13.217986,17.223951,0.702673983731474,3.34490433156953
1.070664,12.357448,15.181758,13.188433,17.233671,0.889761252022922,3.4783747854113
1.11184,12.483063,15.161923,13.267240,17.253111,0.955577208595027,3.02955310273885
1.14444,12.454075,15.161923,13.286941,17.107312,1.28938400147325,2.79620496302348
1.1731648,12.512052,15.052831,13.277091,17.097592,1.15886252411451,2.48339559668391
1.205704,12.405761,15.072666,13.217986,17.175352,0.753344055604613,3.01611500525904
1.2430912,12.541040,15.152005,13.306643,17.155912,1.3478582328389,2.63087435667108
1.2743472,12.541040,15.191675,13.365748,17.078153,1.56863108486528,2.4358422333564
1.3043872,12.512052,15.102418,13.316494,17.068433,1.31655498095378,2.43318638653859
1.3444272,12.531377,15.062748,13.385450,17.039273,1.09560513638227,2.12030301007389
1.3743552,12.560365,15.142088,13.385450,17.010113,1.62234036549371,2.14532460444905
1.4157008,12.550703,15.122253,13.326345,17.019833,1.68290652320248,2.27712715585618
1.4506544,12.570028,15.102418,13.336196,17.000393,1.71505654291736,2.14474934295743
1.4993456,12.560365,15.052831,13.365748,17.019833,1.3092469559975,2.04855196548621
1.5281408,12.560365,15.102418,13.355897,17.048993,1.43441585410386,2.20815520059826
1.561936,12.589354,15.102418,13.395301,16.980954,1.64932313418032,1.94023768702914
1.5993808,12.570028,15.092501,13.375599,17.039273,1.39796876116681,2.1099195099828
1.6406096,12.521714,15.092501,13.346047,16.932354,1.69490176538227,2.09146810656293
1.6718944,12.531377,15.072666,13.375599,17.000393,1.30752826795759,2.09086200873861
1.7118576,12.570028,15.142088,13.336196,17.078153,1.59327450597604,2.35045437850814
1.7418896,12.560365,15.161923,13.306643,17.087872,1.70337697984769,2.48740992330425
1.7756512,12.579691,15.112336,13.434704,17.019833,1.37231522165642,1.96142716630362
1.814376,12.541040,15.042913,13.375599,17.019833,1.1598060447554,2.05172214307042
1.8443328,12.502389,15.102418,13.405152,17.029553,1.10197593032608,2.19304365075208
1.8743392,12.521714,15.072666,13.483958,17.048993,0.713161278306186,1.96188937794285
1.9056592,12.599016,15.122253,13.355897,17.019833,1.7661902404602,2.10783635419247
1.9580992,12.570028,15.092501,13.375599,17.000393,1.53612746849584,2.04168603247788
1.988144,12.541040,15.023079,13.355897,17.019833,1.15214451456796,2.05970622553409
2.0281872,12.560365,15.042913,13.375599,17.048993,1.13188678050711,2.06094490947397
2.069416,12.560365,15.042913,13.415002,17.029553,1.06104914683611,1.94122367373455
2.1031344,12.541040,15.032996,13.474108,17.048993,0.668368727317203,1.87169069769771
2.1507184,12.531377,15.052831,13.503660,16.971234,0.878861701167732,1.72670007139923
2.1906192,12.570028,14.923904,13.493809,17.039273,0.318977462090935,1.55700217567301
2.22184,12.550703,14.933822,13.483958,16.951794,0.626724323775656,1.48312732998454
2.2519264,12.589354,14.953656,13.552914,16.961514,0.577496639434074,1.30265966034903
2.293104,12.647330,14.953656,13.523362,16.961514,0.909160625658455,1.24132749656922
2.324344,12.685981,14.894152,13.651423,16.883754,0.649528205140568,0.639330261495619
2.3543968,12.666656,14.884234,13.572616,16.864315,0.882953146475112,0.798000480912032
2.3868768,12.589354,14.804895,13.552914,16.786555,0.613602580186287,0.727007274443078
2.4256896,12.666656,14.874317,13.582467,16.912914,0.636923166542605,0.845575956307297
2.4556288,12.685981,14.904069,13.651423,16.961514,0.413757644560935,0.794982767079675
2.4868816,12.705307,14.904069,13.680975,16.942074,0.453693804012921,0.655765040462683
2.5306512,12.685981,14.854482,13.680975,16.844875,0.527106372868726,0.436101946956649
2.5568544,12.656993,14.834647,13.552914,16.883754,0.651422499790886,0.807586493989813
2.5881392,12.579691,14.963574,13.552914,16.971234,0.544109727994737,1.35823548922778
2.620648,12.579691,15.052831,13.474108,17.019833,1.00036143666999,1.77159245409926
2.6694304,12.608679,15.032996,13.405152,16.903194,1.69548624310823,1.61768566439214
2.6993856,12.521714,15.032996,13.336196,17.019833,1.18534643151595,2.16213454529005
2.729808,12.550703,15.191675,13.326345,17.087872,1.71163219990773,2.51748616245508
2.7856992,12.454075,15.251180,13.277091,17.107312,1.67293251525451,2.97316578902124
2.820656,12.444412,15.152005,13.247538,17.117032,1.31830961012402,2.90322564430672
2.8531376,12.483063,15.211510,13.257389,17.078153,1.80512920822271,2.8330520616003
2.9030896,12.473401,15.152005,13.267240,17.155912,1.22353643719184,2.86444461869161
2.9318912,12.512052,15.171840,13.277091,17.146192,1.45148573850122,2.77612336119637
2.9633344,12.425087,15.152005,13.247538,17.117032,1.24265089183329,2.94556310478426
3.004344,12.454075,15.251180,13.277091,17.087872,1.74206621070416,2.93935665612182
3.0343888,12.463738,15.231345,13.217986,17.146192,1.7051928702197,3.11445028595702
3.0643856,12.483063,15.211510,13.237687,17.087872,1.8406807600131,2.89307409258596
3.0993824,12.492726,15.231345,13.109626,17.048993,2.55211180497766,3.11944361897958
3.1356432,12.444412,15.271015,13.139179,17.126752,2.13463379650351,3.36483249171836
3.1668992,12.492726,15.290850,13.168731,17.155912,2.19058348903177,3.27894082902609
3.1969632,12.405761,15.310685,13.208135,17.165632,1.75437786743544,3.43440493145059
3.2380896,12.454075,15.280932,13.208135,17.087872,2.10362449778902,3.1420292876907
3.2681504,12.502389,15.261097,13.227836,17.078153,2.17891507882034,2.94175674777579
3.2993968,12.521714,15.181758,13.267240,17.107312,1.70100752866955,2.7260724298548
3.3306656,12.512052,15.271015,13.227836,17.058713,2.3244156577256,2.90406192775351
3.370656,12.502389,15.152005,13.286941,17.048993,1.64689837286628,2.57149204739956
3.4106544,12.502389,15.221428,13.237687,17.039273,2.1279676588262,2.78337450559454
3.4406176,12.579691,15.161923,13.267240,17.029553,2.12655422427393,2.42920740045561
3.490616,12.550703,15.142088,13.286941,17.087872,1.65841917357816,2.51672671115515
3.5219072,12.521714,15.102418,13.336196,17.058713,1.31886601516822,2.35216980412817
3.5518752,12.570028,15.102418,13.405152,16.990673,1.50434581054892,1.977869997043
3.5918608,12.579691,15.052831,13.444555,16.980954,1.24298468627908,1.76719195590339
3.6219376,12.628005,15.032996,13.385450,17.048993,1.32252727904832,1.87535946249552
3.6531536,12.618342,15.023079,13.346047,17.058713,1.35143856358467,1.98144155495796
3.6843968,12.541040,15.072666,13.405152,17.068433,0.998915040940947,2.12504534744507
3.7243808,12.570028,15.032996,13.483958,17.029553,0.815747768568832,1.75339847616338
3.7556576,12.579691,15.052831,13.395301,17.010113,1.31433756424311,1.92530068960452
3.7856736,12.608679,15.023079,13.395301,17.097592,1.00108488185098,1.96382551747807
3.8268624,12.512052,15.032996,13.375599,17.039273,0.938339884563572,2.13152635789028
3.861928,12.512052,15.003244,13.434704,16.980954,0.818852965972669,1.84798539625588
3.8981616,12.502389,15.052831,13.365748,16.951794,1.32435742536867,2.05503661244777
3.9318832,12.560365,15.142088,13.395301,17.019833,1.55281477512914,2.14096683329065
3.973096,12.579691,14.973491,13.424853,17.010113,0.898905536012272,1.721494522537
4.0006944,12.676318,14.973491,13.415002,16.951794,1.51915711807742,1.43062180188059
4.0343584,12.628005,14.973491,13.474108,16.912914,1.25835513830498,1.33852602533757
4.0844288,12.628005,14.993326,13.454406,16.932354,1.33687017886694,1.45059206885648
4.111904,12.705307,14.933822,13.513511,16.835155,1.54193009364399,0.878375858680789
4.141832,12.705307,14.963574,13.483958,16.874035,1.6249503292196,1.06392141719341
4.1894,12.705307,14.973491,13.493809,16.844875,1.73238816779079,1.00855190396192
4.223152,12.734295,14.993326,13.503660,16.864315,1.81852414380277,0.994560734447964
4.2544,12.782609,14.913987,13.552914,16.844875,1.59158586434473,0.609493531917291
4.294344,12.763283,14.894152,13.533213,16.776836,1.75098986053251,0.536728001359581
4.3256576,12.724632,14.973491,13.552914,16.796275,1.77038502009891,0.7534013134372
4.3557088,12.734295,14.943739,13.543063,16.825435,1.62330492822404,0.752751890484028
4.3931664,12.763283,14.913987,13.572616,16.835155,1.48072969741104,0.591390491819363
4.429904,12.753620,14.913987,13.562765,16.776836,1.68544119918329,0.529381848953852
4.4581152,12.724632,14.953656,13.533213,16.854595,1.55564219609835,0.864148072390893
4.489352,12.743958,14.943739,13.513511,16.844875,1.69698559635715,0.83007712270957
4.5306656,12.628005,14.953656,13.543063,16.844875,1.17746031093524,1.03382306141842
4.5593616,12.637667,14.983409,13.513511,16.874035,1.33308189147155,1.18124190473071
4.5906176,12.676318,14.963574,13.513511,16.903194,1.30304150773084,1.11439006981326
4.620704,12.560365,14.963574,13.444555,16.835155,1.33654030236045,1.39365972508579
4.6819024,12.618342,15.032996,13.483958,16.864315,1.59103392242797,1.35741584212234
4.713624,12.676318,15.052831,13.503660,16.922634,1.61722876616909,1.32782801566911
4.7481328,12.618342,15.013161,13.543063,16.854595,1.33790845527863,1.17744062986173
4.7831648,12.724632,15.013161,13.483958,16.874035,1.89366213036368,1.11014044959348
4.8137232,12.705307,15.003244,13.533213,16.893474,1.53556369330176,1.06256295949569
4.8443568,12.637667,15.032996,13.543063,16.932354,1.21494205365695,1.30835094285119
4.8780928,12.608679,14.993326,13.582467,16.835155,1.1516482587865,1.04367781418285
4.9156576,12.647330,14.993326,13.513511,16.796275,1.68637147789905,1.04003346284024
4.94568,12.647330,15.023079,13.513511,16.805995,1.76794828329933,1.11009332588336
4.980152,12.666656,14.973491,13.552914,16.912914,1.12975924591348,1.08509529650226
5.0268576,12.714969,14.993326,13.552914,16.854595,1.60267403031533,0.91295135910805
5.0580944,12.666656,15.013161,13.483958,16.844875,1.77144468016116,1.18351004008839
5.0881488,12.628005,15.023079,13.552914,16.767116,1.69061121637024,0.997767590773066
5.1293632,12.705307,14.993326,13.641572,16.844875,1.28497393176571,0.726103600425608
5.15936,12.714969,15.013161,13.552914,16.844875,1.71450583157298,0.930884716471386
5.1918688,12.714969,14.953656,13.493809,16.786555,1.90053702732683,0.848844141205515
5.2206768,12.705307,14.993326,13.533213,16.796275,1.84252131290475,0.872607151720802
5.2606384,12.695644,15.032996,13.533213,16.893474,1.61384985300255,1.13599422120629
5.2918432,12.714969,15.052831,13.523362,16.825435,2.04320117314341,1.03029552403248
5.3343776,12.714969,15.052831,13.562765,16.805995,1.97215871267164,0.911110918898812
5.373104,12.628005,15.062748,13.543063,16.815715,1.70751160229102,1.17555877388423
5.4056608,12.656993,15.042913,13.503660,16.786555,1.98746351420922,1.11120001184209
5.4343968,12.618342,15.082583,13.444555,16.912914,1.75184532158161,1.61604715464676
5.4668896,12.714969,15.161923,13.454406,16.912914,2.40092148013901,1.52576540926783
5.5068784,12.656993,15.102418,13.454406,16.883754,2.04842682171693,1.49472353815994
5.5381776,12.628005,15.102418,13.483958,16.835155,2.00339829655884,1.40771260416443
5.5668896,12.628005,15.082583,13.464257,16.893474,1.78858832305292,1.51824347908944
5.6193728,12.656993,15.082583,13.424853,16.864315,2.14581265652975,1.48929662289158
5.6481904,12.618342,15.122253,13.444555,16.854595,2.11418186547818,1.58315918173977
5.6780768,12.647330,15.132171,13.464257,16.883754,2.09151157921827,1.54676747434906
5.7193456,12.647330,15.112336,13.454406,16.893474,2.01481047325197,1.55022801306011
5.74968,12.647330,15.201593,13.415002,16.980954,2.19062148712444,1.94595678472955
5.77944,12.637667,15.132171,13.355897,16.893474,2.40567231502251,1.81937853704644
5.8106448,12.676318,15.072666,13.424853,16.796275,2.42543328445414,1.30964160740036
5.8518944,12.666656,15.132171,13.355897,16.796275,2.86620678700102,1.58509610259514
5.8818944,12.666656,15.032996,13.405152,16.767116,2.408005194568,1.25114597002671
5.9122064,12.628005,15.023079,13.533213,16.757396,1.79548414936444,1.02300782277772
5.9581104,12.753620,15.042913,13.464257,16.767116,2.57381586186087,0.953331880101958
6.003176,12.714969,14.973491,13.572616,16.912914,1.24855116868603,0.93881082969695
6.033152,12.772946,14.933822,13.612019,16.932354,1.11167735991538,0.694111985870489
6.0746736,12.811597,15.013161,13.671124,16.961514,1.25897949385442,0.677214852936512
6.1044,12.792271,14.884234,13.769633,16.874035,0.643215217986343,0.124619245004308
6.1356816,12.821260,14.755307,13.720379,16.699076,1.04556706420292,-0.376105260105943
6.1668672,12.937213,14.675968,13.779484,16.747676,0.807184099220176,-0.803598963729442
6.205896,13.101479,14.626381,14.006053,16.747676,0.456282112271834,-1.71598422405969
6.2356736,13.188444,14.646215,14.045456,16.650477,1.07448563532939,-2.11975660966058
6.2669056,13.304397,14.497454,14.212921,16.533838,0.768481140047466,-3.19079510118506
6.3068272,13.391362,14.338774,14.459192,16.446359,-0.0664438716470226,-4.3274190709871
6.3372288,13.690907,14.100756,14.646358,15.729460,2.03985468377072,-7.10688209799696
6.3698128,13.835848,13.773480,14.774419,15.407418,2.02085612782916,-8.90721716000041
6.400664,13.903487,13.624718,14.833524,15.114652,2.5426514386982,-10.02817634484
6.4506448,14.203033,13.347029,15.129049,14.812127,2.65367301606181,-12.3586608660631
6.479424,14.502578,13.168515,15.355619,14.587673,3.1197733887511,-14.1920398763851
6.510648,14.599205,12.652808,15.601890,14.011900,2.66633232410612,-17.122319491256
6.5623232,14.715158,12.494129,15.946669,13.777687,2.0941235332035,-18.8231106686939
6.5943568,14.724821,12.573468,15.966371,13.758169,2.44630106835862,-18.7484718098046
6.633152,14.773135,12.831322,15.887564,14.041176,2.91172447362635,-17.5390395544122
6.6743488,14.483252,12.742065,15.700398,14.002141,2.2370876652932,-16.9204605069857
6.703152,14.454264,12.652808,15.463978,13.787446,3.42062512340552,-17.0680070270338
6.737256,14.270672,12.722230,15.227558,13.758169,3.95076316019161,-16.1786391454046
6.7756208,14.125731,12.980084,15.119198,14.011900,3.86120227741778,-14.5998858008013
6.8056784,14.058091,13.317277,15.000988,14.304666,4.2851503587152,-12.9233026223299
6.8356608,13.893825,13.515626,15.030541,14.792609,2.52754623849846,-11.2601064366351
6.8694016,13.642593,13.644553,14.932032,15.202481,0.922524576425843,-9.49203705346852
6.9169248,13.169119,14.041251,15.020690,15.700183,-1.46130733834705,-6.9794865745063
6.9474112,13.304397,13.594966,15.276812,15.407418,-2.57204951947539,-9.19904215107604
6.9781072,13.700570,13.069341,15.729951,14.753574,-2.38467101238587,-13.2338336211696
7.0193792,13.855174,12.593303,16.232344,14.236354,-3.63389713819248,-16.5580565279619
7.0481376,14.087080,12.454459,16.388324,14.207077,-3.70255490310844,-17.6423082860599
7.0794496,14.164382,12.523881,16.739707,14.460808,-5.21739855462524,-17.7513026506234
7.1107232,14.135393,12.563551,16.944680,14.548637,-6.17900075591357,-17.8060330932018
7.1506656,13.739221,12.375119,16.866595,14.255871,-7.28528466625819,-17.949613181621
7.1818768,13.613605,12.414789,16.739707,14.363219,-7.57190557081372,-17.1670249513841
7.2118464,13.439676,12.761900,16.564016,14.782850,-7.69872054265796,-14.9038679764224
7.2631104,13.140130,12.890827,16.596825,14.987786,-9.21066321210565,-13.7098290336076
7.3043952,12.512052,13.961911,15.532934,15.700183,-6.19683880540039,-6.83826369751251
7.3343936,12.135204,14.517289,14.843375,16.660197,-6.40120229192588,-1.80197881140647
7.3743568,11.787345,15.152005,14.015904,17.136472,-4.04326441908712,2.69384668186002
7.40568,11.555440,15.717300,13.493809,17.525268,-2.25605839565466,5.99063793868409
7.435672,11.352522,15.885897,12.961864,17.700226,-1.14358958837333,8.2222211967175
7.4668912,11.323534,15.826392,12.892908,17.671067,-1.14888464885984,8.299575926799
7.5068512,11.893636,15.558621,13.424853,17.185072,-0.116080732277632,4.54588202994267
7.5368928,12.454075,14.804895,13.858290,15.797772,2.53977002761764,-1.43944133057529
7.5656624,13.024177,14.388362,14.340982,15.075616,4.02331548077046,-5.82259542607763
7.6068448,13.603942,14.348692,14.803971,14.704779,5.79505474101073,-8.75210555397305
7.63816,13.990452,14.269352,15.168453,14.402254,6.75048504075888,-10.9934534389462
7.6681856,14.454264,13.872654,15.592039,13.933829,7.17133191732068,-14.4464605771741
7.7006928,14.831111,13.515626,15.877713,13.445886,7.99087595183143,-17.4403650647686
7.7393904,15.236947,12.890827,16.350554,12.665177,8.29389987951801,-22.0655549358713
7.7706688,15.323911,12.811487,16.399808,12.577347,8.46721249856647,-22.6776565964792
7.8006912,15.372225,12.811487,16.488466,12.499276,8.61336681323164,-23.093424105534
7.8431056,15.333574,12.960249,16.419510,12.772524,8.27531800115707,-21.9717115523351
7.8743728,15.111331,13.733810,15.976222,13.533715,9.19168436528403,-17.4954967528097
7.9106896,14.985715,13.733810,15.739802,13.650822,9.15780987596772,-16.5869737451164
7.9475952,14.889088,13.545378,15.769354,13.387333,8.94309616895186,-17.407829000986
7.9819808,14.831111,13.585048,15.680697,13.621545,8.33444091901934,-16.5610045833928
8.0131696,14.763472,13.932159,15.710249,14.002141,7.88930615333395,-14.9892620988655
8.0443648,14.473590,14.061086,15.454127,14.197318,7.50281074712557,-13.3034211166375
8.1044752,14.087080,14.527206,14.803971,14.646226,8.54131743108402,-9.47844523840753
8.1356704,13.777872,14.943739,14.183368,14.812127,10.6307541511775,-6.48819668410557
8.1769152,13.719895,15.122253,14.006053,14.812127,11.7481047791733,-5.66657253397973
8.2156512,13.613605,15.538786,13.651423,15.143928,12.9920558290839,-3.3092738499489
8.245624,13.468664,15.756970,13.286941,15.417176,13.6071627077031,-1.33760334918048
8.2769152,13.487989,15.856144,13.227836,15.446453,14.1576824875583,-1.02033731287965
8.3168384,13.545966,15.667713,13.208135,15.114652,15.0103866667809,-2.05144393385702
8.3481344,14.067754,15.489199,13.759782,14.695020,15.7713376302749,-5.40169111248346
8.3793808,14.560554,15.003244,14.193219,14.197318,16.0410587239287,-9.15399111355383
8.4107264,14.831111,14.646215,14.567551,13.728893,16.0833201866676,-12.0525449365726
8.449384,15.034029,14.269352,14.991137,13.387333,15.1296223959611,-14.7138217472249
8.4808416,15.352900,13.981746,15.503381,13.133602,14.2635896678588,-17.3893199309469
8.5147728,15.594468,13.654470,16.311151,12.889630,11.8364876270085,-20.4899281457929
8.5730912,16.019629,13.079258,16.847074,12.372411,11.210408786947,-24.5276666064073
8.6019056,16.696022,12.047843,17.754811,11.523389,9.66432145688307,-31.4087636679326
8.63316,16.387238,11.651145,18.037870,11.230623,7.01087001890097,-32.9959027280465
8.673104,16.819482,11.373457,18.330688,11.113517,6.95802768726741,-35.079278091745
8.7044064,17.347780,10.956924,18.711352,10.752439,7.31417454162555,-38.3506020784411
8.7344368,17.530283,10.758575,18.769916,10.498709,7.97275616234129,-39.8272836327513
8.7694032,17.972132,10.371794,18.955368,10.049801,9.16183499471946,-42.8437144046487
8.8056704,18.836620,9.905674,19.423878,9.356921,11.513184532229,-47.683138588817
8.836888,19.422550,9.816417,19.736218,9.093432,13.1841854668821,-49.7854236103044
8.866904,19.710713,9.737077,19.697175,8.790907,15.2444299733462,-51.1180894560135
8.906848,19.777951,9.697407,19.648372,8.732354,15.754268894896,-51.4046125798229
8.9368864,19.653080,9.796582,19.472681,8.693319,16.4816746401843,-50.8635587722422
8.9681536,19.451366,10.024683,19.033453,8.790907,17.8987408069174,-49.165070510923
8.9993904,19.124782,10.629648,18.603986,9.103191,19.3716136260566,-45.7355779234992
9.0406448,18.586879,11.829659,17.832896,9.864382,21.7885679723025,-38.9198496431564
9.0707104,17.962527,13.089176,16.915398,10.703645,24.3249123496448,-31.571728919095
9.1018928,17.366991,14.190013,16.488466,11.435560,24.8814804148426,-25.8060639660002
9.156888,16.896325,14.695803,15.956520,11.943021,25.0960428803282,-21.940378210244
9.1956832,16.773324,15.895814,14.764568,12.762765,30.1508998245584,-15.4856917032234
9.2243584,16.725010,16.143751,14.537999,12.831077,31.4244521761374,-14.3632319638661
9.2643872,16.232210,16.183420,13.976501,12.870113,32.0031400712457,-12.255014145831
9.2969056,15.681433,16.619788,13.346047,13.016496,33.5749444473107,-8.84977793365076
9.3256416,15.662108,16.798302,13.237687,12.957942,34.7814726890759,-8.36831432184757
9.356912,15.517166,16.709045,13.050521,12.606623,36.22826420483,-8.55972158923883
9.3981184,15.372225,16.381769,13.070223,12.226028,36.164604951788,-9.70244712862551
9.4268912,15.420539,16.034659,13.306643,11.923503,35.4336317910885,-11.5794326086252
9.456904,15.594468,15.677630,13.720379,11.767361,33.721487169791,-13.7883884492189
9.498112,15.517166,15.350354,14.084860,11.708808,31.0450876031861,-15.1489922703329
9.5281136,15.507504,15.082583,14.380385,11.503872,29.6983762071054,-16.6971801144598
9.559376,15.391551,15.013161,14.449341,11.660013,28.113213591464,-16.4227628703736
9.590688,14.966390,15.300767,14.409938,12.079645,26.0677621159585,-14.0417938643021
9.6332096,14.724821,15.628043,14.242473,12.489517,25.3906341870442,-11.7297960737526
9.6618688,14.782798,15.637961,14.173517,12.665177,25.2020195847588,-11.3332900932789
9.690704,14.985715,15.211510,14.242473,12.557829,24.5610170214796,-12.9506790172399
9.7318704,14.821449,15.181758,14.262175,12.440723,24.2584604961708,-12.9702854482895
9.7618592,15.024366,15.023079,14.301578,12.255304,25.0087974007717,-14.1566028377152
9.7968992,15.401213,14.596628,14.626656,11.923503,24.8579265976895,-17.104407079087
9.8369264,15.459190,14.249517,15.109348,11.855191,22.1412319430974,-19.0119855009481
9.8731536,15.507504,13.892489,15.532934,11.767361,19.6754339498837,-20.8509109748939
9.9056752,15.565480,13.565213,15.769354,11.894226,17.2507503516418,-21.8262081499406
9.9356768,15.333574,13.446204,15.897415,12.030850,14.9090147722316,-21.5999711060763
9.988184,15.005041,13.426369,15.936819,12.450482,11.8261834954266,-20.1951927535456
10.0181616,14.918076,13.604883,15.926968,12.753006,11.0638440900622,-18.9753248672428
10.0493904,14.889088,13.525543,16.133835,12.801801,9.69129150440976,-19.3666550568837
10.0881216,14.724821,13.594966,15.936819,12.957942,9.48240515446046,-18.2195019513184
10.1193952,14.541229,13.852819,15.641293,13.358056,9.37478664183551,-15.9354093052424
10.151888,14.116068,14.378444,15.129049,13.855758,9.81137726884466,-12.0378233579447
10.1812864,13.642593,15.112336,14.390236,14.548637,10.9678445559733,-6.81572469891402
10.2193952,13.043503,15.717300,13.562765,15.290311,11.3113670183599,-1.3239599820299
10.2507008,12.734295,16.113998,12.922460,15.729460,12.3974925946312,2.23291232714134
10.2808352,12.347785,16.490861,12.370813,15.875843,13.9032735864886,5.24050225463406
10.3218384,12.251157,16.748715,12.085139,16.485238,13.2732801294679,7.58619385958745
10.3518944,12.115879,16.837972,11.829017,16.485238,14.0760790876354,8.6359654595796
10.3818928,12.086891,17.066073,11.848718,16.796275,13.5608690336978,9.54652928281963
10.4257056,12.115879,17.026404,11.740359,16.767116,14.042090415418,9.61770753081274
10.4730944,12.164193,16.996651,11.760061,16.660197,14.4426515769319,9.23589542824676
10.504424,12.289808,17.095826,11.858569,16.640757,14.9730591428763,8.8503828514572
10.5356784,12.386436,17.066073,11.868420,16.601877,15.3293564046138,8.49340366905095
10.5768544,12.289808,16.976816,11.976779,16.504678,14.6017350278418,8.15821620300005
10.6069216,12.222169,17.036321,11.957078,16.572718,14.3881178606664,8.5694682144049
10.6381536,12.241495,16.359230,12.045735,16.835155,10.6028893468475,7.63219847447223
10.6781248,12.057902,17.095826,12.035884,16.815715,12.7857796882125,9.26233922890222
10.7094048,11.999926,17.175165,12.163945,17.048993,11.5177753973811,9.60940418103775
10.7406704,11.874310,17.175165,12.232901,17.398909,9.50963020184278,10.3010980198631
10.7718976,11.825996,16.996651,12.321559,17.369750,8.44408905810538,9.87604495992709
10.8106992,11.661730,16.689210,12.449620,17.428069,5.98150107028453,9.5567544568519
10.8418512,11.729369,16.570201,12.479172,17.330870,6.03051563684171,8.98204513317923
10.8719136,11.748695,16.461109,12.607233,17.389190,5.01271916542753,8.56237816792098
10.9168928,11.806671,16.530531,12.666338,17.369750,5.35713155777958,8.37811749414864
10.9443664,11.797008,16.302430,12.774698,17.214231,4.61582542706133,7.52186425019714
10.974464,11.816334,16.153668,12.833803,17.155912,4.11376920658379,6.9992613759157
11.006912,11.845322,16.203255,12.784548,17.253111,4.24436904741598,7.29001959349468
11.0468832,11.797008,16.123916,12.754996,17.408629,3.29883210630991,7.59286049097664
11.0894288,11.758357,16.123916,12.784548,17.554428,2.5226766586972,7.85477216246949
11.1169312,11.690718,16.173503,12.646637,17.739106,2.28626696060277,8.70671172787585
11.1694368,11.516789,16.153668,12.528427,18.059863,0.81491625416419,9.86438237043888
11.1983744,11.429824,16.113998,12.400366,18.341740,-0.221746709225686,10.7493942243501
11.229408,11.304208,16.133833,12.321559,18.370900,-0.462574275685716,11.3019387569928
11.2693952,11.323534,16.054493,12.301857,18.400060,-0.732090578597429,11.2227544767403
11.2994208,11.333196,16.024741,12.360962,18.234821,-0.437639488495559,10.7502131321858
11.3293952,11.323534,15.975154,12.420067,18.215381,-0.811375026047862,10.5241205560114
11.3606496,11.468475,16.024741,12.548128,18.137622,-0.222193058043356,9.84747007646531
11.402016,11.468475,15.965236,12.666338,18.040423,-0.529878614617882,9.32158999375823
11.4307264,11.516789,15.875979,12.646637,17.914064,-0.176514783119329,8.90362323006893
11.4606384,11.565102,15.866062,12.676189,17.846025,0.110683633113029,8.59713350911335
11.5044416,11.584428,16.014824,12.646637,17.865465,0.805977987586246,8.89652075052641
11.5321056,11.632742,16.193338,12.469321,17.904344,2.18122073985639,9.54628029956047
11.5631248,11.632742,16.193338,12.272305,17.826585,3.16326712739646,9.87386354869763
11.594392,11.671393,16.352017,12.213199,17.807145,4.20965047270744,10.1467685349159
11.646896,11.681055,16.570201,12.035884,17.846025,5.58521774789999,10.9486058222586
11.6756672,11.642404,16.718963,11.848718,17.884905,6.5441843347937,11.7737241309799
11.72068,11.671393,16.768550,11.848718,17.836305,7.0205147224113,11.707560958364
11.7881248,11.777683,16.758632,11.858569,17.719666,7.77653899265338,11.2353716303708
11.8194208,11.816334,16.728880,11.829017,17.661347,8.13225691165522,11.0734401763036
11.8606192,11.912961,16.659458,11.986630,17.534988,8.12071396570612,10.16910687095
11.8894416,12.028914,16.480944,12.124542,17.291990,8.26941228991852,8.89842303669449
11.9207008,12.038577,16.431357,12.183647,17.291990,7.90053328212495,8.65930916064498
11.951896,12.057902,16.421439,12.252603,17.311430,7.61224326262011,8.47312606524023
11.99188,12.086891,16.361934,12.351111,17.253111,7.34923207902214,7.9883009834031
12.0219472,12.125542,16.332182,12.360962,17.291990,7.20510585366873,7.89318516969821
12.0531776,12.067565,16.203255,12.370813,17.243391,6.6336227009662,7.70822131997905
12.09312,12.067565,16.133833,12.400366,17.330870,5.9409554060063,7.67102058958803
12.1243872,12.038577,16.223090,12.439769,17.428069,5.67601794524006,7.95630234985907
12.154432,12.086891,16.123916,12.538277,17.389190,5.26547007476681,7.39499174468363
12.1982032,11.970938,16.113998,12.489023,17.389190,4.95998426771149,7.7530654122353
12.2356944,12.038577,16.084246,12.577681,17.437789,4.61011987166496,7.42996753353732
12.2681248,12.019251,16.074328,12.587532,17.350310,4.77765326273042,7.28940872127982
12.297,12.028914,15.955319,12.676189,17.340590,4.07123817772575,6.85222826479695
12.3494064,12.019251,15.935484,12.735294,17.282271,3.95438640853746,6.60967772376946
12.3881712,12.077228,15.796640,12.833803,17.282271,3.28704546431592,6.02403963147523
12.421936,12.135204,15.737135,12.892908,17.165632,3.48781569473407,5.46338335264095
12.459392,12.125542,15.796640,12.912609,17.185072,3.54027480599464,5.57500593574005
12.4907312,12.086891,15.796640,12.873206,17.272551,3.21802657875903,5.89766576518131
12.5207264,12.067565,15.816475,12.853504,17.311430,3.15126272622831,6.08421384916047
12.554448,12.067565,15.895814,12.764847,17.389190,3.49743673490439,6.54729641432641
12.591888,12.028914,15.905732,12.686040,17.350310,3.80903052004226,6.76320024546954
12.6232448,12.009589,15.994989,12.686040,17.369750,4.00939003675141,6.98871489278737
12.653176,12.009589,15.994989,12.676189,17.330870,4.18482758848725,6.94596810016314
12.7044736,12.028914,15.994989,12.607233,17.321150,4.54329044172032,7.04186588833182
12.7356544,12.009589,15.915649,12.636786,17.340590,3.98509025603459,6.91844640930986
12.76568,12.019251,15.925567,12.617084,17.408629,3.88668074006028,7.07163142277856
12.8056832,12.057902,16.014824,12.626935,17.418349,4.30997718716251,7.12723579058263
12.8369216,12.067565,16.024741,12.557979,17.408629,4.66889165093692,7.26151364363505
12.8669408,12.067565,15.975154,12.617084,17.369750,4.40489400137801,6.9803567831878
12.900688,12.067565,15.985071,12.656487,17.360030,4.33614649716223,6.89178646554482
12.9381728,12.028914,15.994989,12.676189,17.272551,4.46976739586051,6.8047040472799
12.9681824,12.106216,15.994989,12.656487,17.340590,4.59324645463238,6.7887756076175
13.0094704,12.135204,15.945402,12.626935,17.301710,4.76092457666138,6.6418465299361
13.0519232,12.135204,15.985071,12.705742,17.253111,4.80449620658123,6.44957201369943
13.0869664,11.999926,15.985071,12.597382,17.291990,4.53410403322079,7.0643846239702
13.1131456,12.067565,16.113998,12.656487,17.330870,4.93708999719915,7.05828313800793
13.154376,12.077228,16.014824,12.607233,17.350310,4.70062892012984,7.01458071157085
13.1869808,12.077228,15.965236,12.617084,17.340590,4.50911075153749,6.89318601734636
13.2156816,12.086891,16.034659,12.577681,17.330870,4.99112383982988,7.06015723639869
13.2494352,12.096553,16.054493,12.626935,17.330870,4.92655089458784,6.96031939797517
13.29688,12.067565,16.024741,12.607233,17.291990,4.91233768136049,6.95549592039849
13.3268992,12.106216,16.054493,12.577681,17.311430,5.21194143833812,7.01717432327272
13.3581888,12.106216,16.074328,12.518576,17.301710,5.53743787568176,7.16762680580342
13.40068,12.028914,16.044576,12.597382,17.330870,4.73493747082462,7.16323395966089
13.4294912,12.154530,16.014824,12.636786,17.233671,5.31265702934429,6.57847578696187
13.4606624,12.144867,16.054493,12.587532,17.175352,5.81805545908244,6.67990321736417
13.4957696,12.144867,16.044576,12.666338,17.253111,5.21251596352363,6.61621404249852
13.5332192,12.144867,15.975154,12.725443,17.243391,4.76749197472529,6.35064546137468
13.5618976,12.202844,15.925567,12.735294,17.223951,4.83435668073686,6.08240007200621
13.6133104,12.193181,15.885897,12.695891,17.117032,5.17400957745477,5.94482403836795
13.66444,12.144867,16.004906,12.754996,17.262831,4.70520888300315,6.36695701992726
13.6943952,12.212506,16.014824,12.764847,17.233671,5.07233767717856,6.16115940114161
13.7256944,12.164193,15.975154,12.695891,17.214231,5.05386449064068,6.32458092158093
13.765664,12.086891,16.034659,12.695891,17.194791,5.05575519363239,6.56571848593689
13.796904,12.106216,16.054493,12.695891,17.223951,5.10079990877413,6.60442788392456
13.8269152,12.135204,16.044576,12.715593,17.291990,4.85733285941346,6.59236656783428
13.8681648,12.115879,16.034659,12.636786,17.321150,4.92412126442375,6.84520848366649
13.899424,12.057902,16.014824,12.636786,17.262831,4.83551497970164,6.84516278825557
13.9294208,12.154530,16.014824,12.617084,17.223951,5.4192427911406,6.60651654124228
13.9631584,12.135204,15.965236,12.735294,17.262831,4.5865300446058,6.36622269237862
14.0006928,12.193181,15.915649,12.705742,17.175352,5.04152898437713,6.07161521554532
14.0307424,12.241495,15.905732,12.784548,17.146192,5.00961945389548,5.72097580057716
14.0619296,12.231832,15.856144,12.892908,17.068433,4.67123451186378,5.28483701499185
14.104432,12.299471,15.826392,13.001267,17.048993,4.4965481579726,4.81017288567828
14.1344368,12.280146,15.786722,13.030820,16.980954,4.40807821039622,4.60359446291347
14.1645072,12.367110,15.747052,13.050521,16.844875,5.01029140505072,4.06602474561091
14.1983008,12.367110,15.756970,13.080074,16.835155,4.97671308343081,4.00113921961259
14.2357312,12.376773,15.737135,13.139179,16.737956,5.07539368336734,3.64756678686841
14.2669648,12.454075,15.806557,13.099775,16.786555,5.60510648007682,3.76796816349485
14.3069328,12.473401,15.786722,13.257389,16.757396,5.13927847744923,3.29568650637833
14.3569072,12.444412,15.657795,13.149030,16.737956,4.9947232737928,3.33969420678441
14.388176,12.396099,15.667713,13.099775,16.611597,5.48423078435876,3.35198819981338
14.4181568,12.434750,15.806557,13.109626,16.718516,5.74191930237222,3.67141796694987
14.4581392,12.444412,15.826392,13.129328,16.864315,5.25635870435023,3.89217635978497
14.4894336,12.405761,15.776805,13.119477,16.844875,5.02393804299156,3.88008144189785
14.5194336,12.444412,15.766887,13.060372,16.805995,5.48840353176322,3.84103690815417
14.5532192,12.425087,15.747052,13.060372,16.767116,5.47905393860848,3.78228428936037
14.5906752,12.425087,15.826392,13.109626,16.776836,5.56959335419212,3.8274695845228
14.6219296,12.454075,15.806557,13.050521,16.737956,5.95985828570257,3.79251802286311
14.6519216,12.425087,15.776805,13.089925,16.718516,5.66231796320731,3.68462130611764
14.6931584,12.454075,15.727218,13.099775,16.660197,5.7593066673971,3.41224918731785
14.7244496,12.434750,15.816475,13.089925,16.718516,5.85136978152436,3.73188451749649
14.7544304,12.512052,15.856144,13.139179,16.747676,6.01414245681456,3.57275194358425
14.7881856,12.483063,15.885897,13.109626,16.786555,5.98330187649058,3.81921828912166
14.8268928,12.434750,15.786722,13.001267,16.708796,6.09499059657206,3.85911750768958
14.856968,12.473401,15.816475,13.020969,16.786555,6.0025898516456,3.91591753330016
14.888176,12.415424,15.875979,13.050521,16.747676,6.04228827938757,4.01404828238404
14.9294656,12.405761,15.915649,13.001267,16.854595,5.94782634182422,4.39557417015331
14.9806208,12.328459,15.895814,12.873206,16.864315,6.00580011686796,4.83322928864886
15.0106576,12.338122,15.985071,12.873206,16.912914,6.20762948760071,5.04698267094223
