0.0341968,13.692572,15.252536,13.596883,15.096808,1.07448599769797,1.7516122392994
0.0828368,13.769825,15.173196,13.665828,15.038243,1.02752873015303,1.18891410096907
0.1141088,13.721542,15.222783,13.665828,15.057765,0.958812469684567,1.41899747736345
0.147848,13.789139,15.153361,13.685526,14.979679,1.17224675743096,0.960321726334711
0.202832,13.769825,15.153361,13.764320,15.038243,0.582519484082928,0.947754719479708
0.2365872,13.847079,15.074020,13.774169,14.999200,0.684484271767038,0.54457525627034
0.271632,13.731199,15.183113,13.695375,15.018722,0.882297192303007,1.18965524673842
0.3090336,13.837422,15.143443,13.813566,15.038243,0.613252579241223,0.688180778000482
0.339056,13.818109,15.153361,13.665828,14.999200,1.28121128944097,0.977967139712116
0.3728688,13.789139,15.113691,13.774169,15.028482,0.50597168403366,0.794332831850328
0.4103936,13.760169,15.103773,13.675677,15.057765,0.620655481528597,1.09450309003001
0.4415888,13.808452,15.093856,13.685526,15.067525,0.690591986524047,0.973824494062827
0.4716272,13.721542,15.163278,13.675677,15.087047,0.588667597314714,1.3417746482055
0.502808,13.769825,15.163278,13.665828,15.096808,0.769797463783501,1.28040629749956
0.5528848,13.808452,15.153361,13.744622,15.048004,0.764345025559821,0.927052277936579
0.5828176,13.740855,15.074020,13.685526,15.057765,0.399385378132803,1.05799538652956
0.6140896,13.740855,15.143443,13.705225,15.087047,0.475565518435062,1.20315458525514
0.6653312,13.692572,15.212866,13.734772,15.048004,0.590464945850964,1.2991026901702
0.6952832,13.644289,15.113691,13.734772,15.087047,-0.109914240604959,1.28618656003763
0.7265696,13.779482,15.113691,13.715074,15.067525,0.545188617321812,1.01002131165167
0.7677952,13.663602,15.143443,13.705225,15.077286,0.222357866256888,1.34507359360183
0.80408,13.750512,15.193031,13.715074,15.116329,0.550346235471414,1.31091886379887
0.8390224,13.769825,15.163278,13.695375,15.057765,0.805538845528036,1.14577546744473
0.8728032,13.711885,15.133526,13.715074,15.038243,0.476283673096777,1.13221477708234
0.9090064,13.721542,15.143443,13.784019,15.067525,0.180543601414674,1.04330175481644
0.9403632,13.779482,15.054185,13.764320,15.077286,0.100324369203319,0.81440388857864
0.9716176,13.769825,15.064103,13.813566,15.067525,-0.0467942040598188,0.732993085828
1.0215872,13.750512,15.064103,13.813566,15.028482,0.0271110294179154,0.699077751457227
1.0516096,13.905019,15.044268,13.833265,14.999200,0.567839161817778,0.247652324221314
1.0828416,13.847079,15.024433,13.754471,15.008961,0.536115946012213,0.50976576810273
1.1227872,13.818109,15.054185,13.793868,15.038243,0.280887138535812,0.600004578868075
1.154072,13.789139,15.014515,13.833265,15.145611,-0.526398544706109,0.706369957077511
1.185312,13.837422,15.093856,13.823416,15.018722,0.464169208178162,0.537494988047629
1.2166096,13.769825,14.984763,13.764320,15.038243,-0.0503329525369919,0.629195725123244
1.2565824,13.750512,15.024433,13.705225,15.048004,0.211851200968494,0.885010752611776
1.2878096,13.779482,14.994680,13.734772,15.077286,-0.0123490435174582,0.763008546930283
1.3178112,13.779482,15.044268,13.813566,15.116329,-0.267780772746785,0.767746689801355
1.3590256,13.779482,15.004598,13.754471,15.116329,-0.195518162192598,0.814838005706953
1.3902816,13.731199,15.034350,13.734772,15.116329,-0.191346643215391,1.01160891511548
1.4203184,13.760169,15.034350,13.724923,15.165133,-0.228441199403472,1.06401523680781
1.4752832,13.740855,15.044268,13.784019,15.155372,-0.448466411880928,0.982047766302198
1.5115632,13.692572,15.123608,13.784019,15.223697,-0.587009408526536,1.35928256967157
1.5428224,13.663602,15.093856,13.665828,15.174893,-0.182847028043796,1.51724614132887
1.5790464,13.711885,15.064103,13.705225,15.223697,-0.443658689582302,1.37090401413154
1.61468,13.673259,15.153361,13.715074,15.213936,-0.253693601631187,1.57963948905679
1.6453488,13.721542,15.093856,13.715074,15.194415,-0.222769499349971,1.33134839396717
1.6753008,13.731199,15.064103,13.675677,15.204176,-0.187261399773846,1.35547316231263
1.7165872,13.760169,15.103773,13.734772,15.135850,0.105070836266382,1.11918215520732
1.7481184,13.750512,15.103773,13.685526,15.145611,0.217000426862218,1.25949459702163
1.77656,13.702229,15.153361,13.655978,15.174893,0.22289020849703,1.56906701819764
1.8141456,13.721542,15.163278,13.695375,15.106568,0.441162258357752,1.33758887427582
1.859024,13.750512,15.074020,13.646129,15.116329,0.363494657078548,1.23012259159281
1.8890992,13.740855,15.193031,13.596883,15.135850,0.885319740530765,1.61279060705304
1.9202752,13.760169,15.153361,13.636280,15.165133,0.550696318237444,1.47135519017493
1.9727568,13.789139,15.143443,13.695375,15.135850,0.510009030892038,1.21530771702743
2.0016,13.673259,15.173196,13.577184,15.135850,0.631958153763734,1.7574051631389
2.0315872,13.663602,15.173196,13.547637,15.116329,0.780865430818479,1.80261504027528
2.0841168,13.615318,15.262453,13.518089,15.184654,0.788224416713504,2.26024343204371
2.1241088,13.702229,15.331876,13.557486,15.252979,0.967159818509743,2.25284233040316
2.1540896,13.634632,15.331876,13.527938,15.243219,0.862636461033131,2.43751069508133
2.2054224,13.605662,15.321959,13.518089,15.233458,0.791020505666121,2.48217543946807
2.2353168,13.567035,15.331876,13.518089,15.223697,0.720290644824384,2.56340700875718
2.2665648,13.605662,15.391381,13.468843,15.233458,1.23605996548237,2.71426488556704
2.3065712,13.634632,15.321959,13.508240,15.262740,0.826234003177718,2.49655515314473
2.3390864,13.576692,15.312041,13.429446,15.213936,1.05340750863263,2.67422903283421
2.3690832,13.624975,15.391381,13.468843,15.282262,1.12423255055722,2.76419059492728
2.4040864,13.586348,15.361629,13.478692,15.321304,0.684911394443996,2.84172408386194
2.4402848,13.576692,15.331876,13.518089,15.233458,0.719701207489317,2.5613013209604
2.4715984,13.576692,15.391381,13.488541,15.262740,0.943290466133949,2.78797953849663
2.5028288,13.586348,15.401299,13.508240,15.292022,0.832155606912351,2.79899119745018
2.5427696,13.528408,15.351711,13.498390,15.272501,0.540315351357018,2.81323959179489
2.5740288,13.596005,15.391381,13.458993,15.301783,0.979693443203887,2.8817212088985
2.6053248,13.557378,15.411216,13.508240,15.272501,0.834382610260308,2.84196286542847
2.6440304,13.528408,15.411216,13.478692,15.223697,1.0211673363222,2.87447266690961
2.6766192,13.538065,15.440969,13.429446,15.292022,1.09654628051202,3.13919180393664
2.7102912,13.557378,15.421134,13.429446,15.252979,1.24184547073973,2.98970632862092
2.7503552,13.557378,15.500474,13.409747,15.262740,1.57531871426285,3.19578841255765
2.7890784,13.538065,15.440969,13.458993,15.272501,1.05876503140455,3.04096916743433
2.8203328,13.499438,15.391381,13.390049,15.262740,1.02568280695796,3.15779953407198
2.8503264,13.460812,15.440969,13.439295,15.204176,1.10195238471222,3.11876543333431
2.892784,13.547722,15.470722,13.419596,15.331065,1.13368326619988,3.26649631490633
2.9228272,13.586348,15.480639,13.439295,15.311544,1.31394967693307,3.12618334972921
2.9528096,13.509095,15.431051,13.488541,15.282262,0.765409356407309,3.03946476312203
2.9840768,13.538065,15.351711,13.478692,15.213936,0.871366686332647,2.72565135855286
3.0240432,13.596005,15.421134,13.518089,15.252979,1.05201338460318,2.72258303162255
3.0553376,13.547722,15.341794,13.478692,15.301783,0.539475037943049,2.84993918592423
3.0853232,13.615318,15.361629,13.498390,15.252979,0.976113229953789,2.61312065265824
3.130288,13.586348,15.272371,13.508240,15.233458,0.5699690054587,2.45102414052132
3.157768,13.605662,15.331876,13.508240,15.252979,0.791716548441486,2.55749754459385
3.1878352,13.615318,15.282289,13.527938,15.204176,0.751839486487349,2.31301153763925
3.2216112,13.624975,15.341794,13.537787,15.262740,0.75316288107412,2.49177046996371
3.2590176,13.576692,15.282289,13.498390,15.262740,0.497781959812381,2.56486434527127
3.291552,13.557378,15.341794,13.468843,15.252979,0.796483552327768,2.75984476295092
3.3216096,13.518752,15.351711,13.557486,15.331065,0.0623234924403059,2.81794936262094
3.3616112,13.528408,15.381464,13.557486,15.311544,0.283162789665758,2.81663257635651
3.412856,13.547722,15.331876,13.488541,15.321304,0.391894004369928,2.84704333489212
3.4427904,13.480125,15.351711,13.537787,15.360347,-0.118510316773535,2.99452979335417
3.48404,13.441498,15.401299,13.488541,15.360347,0.107264406933114,3.27099586049509
3.5148624,13.460812,15.381464,13.527938,15.340826,0.0307530327054597,3.07473952079514
3.5456192,13.499438,15.371546,13.508240,15.321304,0.285614120237185,2.98052292718468
3.5778176,13.499438,15.351711,13.527938,15.311544,0.173910125996394,2.88436369370379
3.6165904,13.528408,15.292206,13.498390,15.243219,0.427275077965547,2.64837167948472
3.6485648,13.538065,15.252536,13.616581,15.184654,0.0901465818134659,2.19728106018671
3.6790352,13.605662,15.292206,13.557486,15.184654,0.715048910102872,2.25349624425908
3.7191104,13.682915,15.242618,13.685526,15.165133,0.410696760790127,1.69661557684596
3.749072,13.721542,15.232701,13.646129,15.067525,1.03335455214946,1.49684088160883
3.7802976,13.789139,15.083938,13.675677,15.008961,0.83892650124535,0.904895244438767
3.8116864,13.847079,15.123608,13.734772,14.999200,1.01824448484641,0.719515601262755
3.851872,13.866392,15.103773,13.774169,14.940636,1.08852778125516,0.450265538641561
3.8831344,13.914676,15.083938,13.813566,14.960157,0.972892719004758,0.269446155414085
3.9128032,13.982272,15.034350,13.754471,14.833268,1.74204114385336,-0.0833037824210177
3.9527824,13.972616,14.935175,13.823416,14.823507,1.11141651041619,-0.412871449262401
3.9831504,14.059526,15.034350,13.774169,14.843028,1.9183580735825,-0.263335255361778
4.0340352,14.040213,14.955010,13.862812,14.755182,1.5476797754972,-0.724476862727439
4.0753264,14.069183,14.875670,13.852963,14.794225,1.24910453518345,-0.840776545724259
4.1053664,14.136779,14.885587,13.892360,14.755182,1.53726285457625,-1.11452374679592
4.1353136,14.098153,14.875670,13.941606,14.823507,0.912707449577503,-1.02397932597855
4.1778768,14.107809,14.826082,13.902209,14.755182,1.16955779608606,-1.19011381161708
4.2166064,14.059526,14.786412,13.981003,14.813746,0.322389251521391,-1.21575389415464
4.2481536,14.175406,14.845917,13.862812,14.823507,1.3869483101868,-1.07793490589862
4.2778112,14.127123,14.875670,13.971154,14.833268,0.873063567195577,-1.12400158956213
4.3290432,14.117466,14.786412,13.961305,14.755182,0.834219681862254,-1.40619347929536
4.3602848,14.204376,14.875670,13.961305,14.716139,1.6392510960499,-1.48549278730174
4.3916096,14.214033,14.836000,13.971154,14.745421,1.37986896641356,-1.54493131556517
4.4328112,14.252660,14.776495,14.010551,14.716139,1.26392265937535,-1.87367387909151
4.4628032,14.291286,14.627732,14.069647,14.618532,0.997669105884518,-2.54834341388914
4.5028144,14.310600,14.578144,14.069647,14.628292,0.847464554142345,-2.6647948202959
4.5653552,14.329913,14.677319,14.118893,14.716139,0.774660497685287,-2.43854699840267
4.5940656,14.339570,14.538474,14.177988,14.599010,0.509558646062993,-3.07457523997288
4.6266128,14.310600,14.538474,14.158290,14.599010,0.475034245912182,-2.97722716703308
4.6765376,14.291286,14.558309,14.079496,14.647814,0.589941533096718,-2.64639936917291
4.7165888,14.194719,14.637649,14.138591,14.755182,-0.100171171111822,-2.20795587355999
4.747984,14.156093,14.627732,14.079496,14.706378,0.122416515610071,-2.12503979954492
4.7877968,14.165749,14.766577,14.049948,14.745421,0.643764194397336,-1.74042101558786
4.8177824,14.127123,14.845917,14.000702,14.901593,0.39476789672997,-1.10996352302477
4.8490816,14.127123,14.796330,14.010551,14.882071,0.245570587288888,-1.26238117589236
4.8890048,14.030556,14.826082,14.000702,14.843028,0.178555984209952,-1.06439557823459
4.9216736,13.953302,14.935175,13.961305,14.891832,0.262631710780548,-0.524665647437008
4.9528656,13.991929,14.865752,13.931757,14.901593,0.221434033564738,-0.6571902808695
4.9841056,13.991929,14.865752,13.961305,14.843028,0.330427106468538,-0.829558048079359
5.0328144,14.020899,14.885587,13.971154,14.882071,0.329761877893517,-0.795838938525403
5.0628608,13.962959,14.885587,13.971154,14.833268,0.295822184743358,-0.771284517945447
5.094064,14.030556,14.855835,13.941606,14.843028,0.512120782293976,-0.887120601534101
5.1340528,13.982272,14.875670,13.931757,14.872311,0.332403463590359,-0.674549761146342
5.1657952,13.972616,14.955010,13.941606,14.950397,0.263510697361874,-0.374424513344441
5.1966096,13.991929,14.974845,13.931757,14.872311,0.739877222317381,-0.504731974472385
5.227856,13.982272,14.855835,13.961305,14.852789,0.22030035300977,-0.810182412655164
5.2691344,13.885706,14.855835,13.912059,14.862550,0.00565037966373484,-0.493571238264784
5.3190848,14.011242,14.845917,14.040099,14.872311,-0.076932330658062,-1.01097809293849
5.3603728,13.933989,14.855835,14.049948,14.891832,-0.439729285823704,-0.817583026958875
5.3991424,13.876049,14.726907,14.187838,14.803985,-1.33163561314016,-1.39662830126307
5.43036,13.972616,14.697154,14.237084,14.686857,-0.82532503530971,-1.97592880362
5.4641168,14.049869,14.716990,14.266632,14.706378,-0.64285448044555,-2.11497351125389
5.5116192,14.059526,14.716990,14.306029,14.628292,-0.461876717851741,-2.36502121782764
5.5428224,14.069183,14.667402,14.296179,14.530685,-0.209423991105943,-2.65119299453158
5.5741328,14.127123,14.637649,14.325727,14.501403,-0.104291658108229,-2.94204120264962
5.6153424,14.098153,14.716990,14.335576,14.559967,-0.171498819353044,-2.63465350700575
5.6453488,14.117466,14.746742,14.374973,14.569728,-0.171330023128984,-2.67534051125626
5.6765696,14.088496,14.697154,14.443918,14.550206,-0.651024742542512,-2.88974436890673
5.710336,14.069183,14.697154,14.453767,14.608771,-0.978794316847156,-2.75683512631744
5.7465952,14.040213,14.766577,14.463616,14.638053,-0.972330851559538,-2.52700185483343
5.7790672,14.020899,14.716990,14.473466,14.501403,-0.758866624715555,-2.87016979952349
5.8103248,13.914676,14.845917,14.434069,14.491642,-0.489571883265094,-2.34623921668544
5.8516752,13.895362,14.915340,14.374973,14.608771,-0.518096038465714,-1.82725928662909
5.8803072,13.818109,14.925258,14.443918,14.686857,-1.31912208466728,-1.6409499294359
5.922832,13.847079,14.895505,14.463616,14.696617,-1.43147898482868,-1.77744667197312
5.97288,13.847079,14.836000,14.562109,14.579489,-1.58660510949653,-2.31644270149279
6.002864,13.847079,14.816165,14.562109,14.638053,-1.8787931753433,-2.24146764838856
6.0328464,13.827766,14.776495,14.640903,14.550206,-2.06819761959618,-2.60789176011762
6.067872,13.818109,14.677319,14.650752,14.394035,-1.93688427888361,-3.10666775464278
6.1053552,13.876049,14.766577,14.680300,14.335470,-1.270984332527,-3.22140634401965
6.1353472,13.866392,14.945093,14.650752,14.442838,-0.924633922036602,-2.58598916322318
6.1666048,13.982272,15.133526,14.512863,14.540446,0.362705169734477,-1.99005405822288
6.2178672,13.972616,15.302124,14.187838,14.540446,2.16980658865596,-0.994285440534961
6.2465776,13.914676,15.341794,13.941606,14.394035,3.59169762637452,-0.579896179525312
6.2778112,13.962959,15.411216,13.695375,14.364752,5.0834588830277,-0.0970981671991735
6.3203568,14.078839,15.500474,13.527938,14.218341,7.0528929320933,-0.100256339936946
6.3492576,14.185063,15.708742,13.439295,14.071930,9.11589575869215,-0.0181397859068699
6.3790576,14.329913,15.758330,13.370350,13.886476,10.8198244463629,-0.434657334650984
6.4228288,14.571330,16.184783,13.202913,13.613176,14.9465685798834,-0.293135636438834
6.4603408,14.890001,16.531897,13.015777,13.105618,20.0726533819063,-0.869568325616255
6.491616,15.247298,16.898845,12.848340,12.715188,24.8250508151744,-1.30089437699959
6.5253504,15.508028,17.166619,12.868039,12.305237,28.2045425710848,-2.14088699308104
6.5816112,15.797729,16.437691,12.799094,11.983133,28.4304189156367,-4.65222975427757
6.614176,16.367473,16.888839,12.641506,11.153470,36.0342947781139,-6.23194127524563
6.6465728,16.521980,16.879032,12.592260,11.026581,37.2722759626665,-6.71675338831969
6.6853504,16.705457,17.094799,12.365727,10.694716,41.0225053420277,-6.86996014645806
6.7166016,16.763397,17.251720,12.316481,10.587348,42.3936237958502,-6.78549566525265
6.7553808,16.454476,17.555755,12.247536,10.304286,43.9889506452821,-5.99732144833104
6.7965616,16.579346,17.585177,12.168742,10.001704,46.224367826973,-6.65017211545025
6.8318048,16.713822,17.800944,12.080099,9.611274,49.5244531934249,-7.10277751562538
6.8578176,16.800271,17.977480,11.863416,9.406299,52.3089323857699,-6.90366019262205
6.8953264,16.896325,18.065749,11.784622,9.259888,53.9300968205259,-7.05904156294183
6.9290832,17.117250,18.183440,11.636883,9.035391,56.7119403890044,-7.42728771688903
6.9615728,17.395807,18.291323,11.430049,8.791372,60.0194574533424,-7.85472193132119
6.9904064,17.626337,18.477667,11.341406,8.615679,62.48724198532,-8.11191886522981
7.030304,17.904894,18.565935,11.292160,8.410704,64.7558312220578,-8.80649439589043
7.0615856,18.327532,18.595358,11.341406,8.020274,67.6797556640418,-10.4845737741098
7.0928096,18.548457,18.693434,11.223215,7.717692,70.6528339024818,-11.1191956320001
7.1228672,18.654117,18.811124,11.055778,7.473673,73.3441817178661,-11.2735200714132
7.1754,18.903857,18.997468,10.898190,7.258937,76.3830160793076,-11.5107284532166
7.2154112,19.307285,19.075929,10.583014,7.053962,80.3076585875082,-11.9526990855607
7.2494432,19.451366,19.174005,10.454974,6.927072,82.247461917572,-12.0457438638801
7.2853488,19.614658,19.527078,10.061004,6.907550,85.6847307017896,-10.8851920057817
7.3166176,19.528210,19.752652,9.804924,6.907550,87.391507031636,-9.74231211532298
7.3478576,19.547420,19.948803,9.726130,6.966115,87.9962234675483,-9.0857360887681
7.3978432,19.451366,20.282261,9.548843,7.034440,89.1273622833494,-7.70819766258601
7.4290912,19.480183,20.468605,9.647336,7.112526,88.6598732323553,-7.40900523760065
7.4591184,19.384128,20.468605,9.617788,7.063722,88.8651901054862,-7.2637334456796
7.4991056,19.364918,20.439182,9.499597,7.093004,89.2362117924537,-6.99350148470928
7.5303568,19.374523,20.654949,9.381406,7.034440,90.7018523370192,-6.45438251567227
7.561632,19.441761,20.458797,9.253366,6.966115,91.4870331015236,-6.88060368278496
7.5928672,19.412945,20.292069,9.154873,6.829465,92.3475065241293,-7.26098722528389
7.6328432,19.681896,20.252838,9.105627,6.683054,93.9438403644621,-8.08844343033886
7.6628288,20.094929,20.547066,9.076079,6.653771,95.8069490149728,-8.28459199586391
7.6966048,20.383092,20.821678,8.839697,6.565925,98.7960265305687,-7.99597532855787
7.734096,20.824941,20.900138,8.721507,6.497600,100.904999586919,-8.60197262889472
7.7658736,21.113104,20.664756,8.583617,6.292624,102.932928047112,-9.81247105569588
7.7953616,21.218763,20.419567,8.613165,6.126692,103.423967070644,-10.9441571871854
7.8290816,21.266790,20.262646,8.504823,6.068127,104.155630408235,-11.2921257001627
7.889048,21.305212,20.184185,8.583617,6.048606,103.736866580702,-11.7268612431321
7.9178688,21.478110,20.076302,8.524522,5.960759,104.707193406883,-12.3673909812895
7.9516096,21.516531,20.066494,8.573768,5.921716,104.705883333818,-12.6393304082522
7.9903248,21.699034,20.144955,8.573768,5.980281,104.89036731954,-12.6840117914561
8.0203552,21.766272,20.321491,8.632863,6.019324,104.814782330148,-12.4541822092531
8.0516192,21.689429,20.350914,8.632863,6.048606,104.555493226634,-12.184363494183
8.0915568,21.651007,20.399952,8.583617,5.980281,105.242970803109,-12.0615661284726
8.1216208,21.602980,20.311684,8.632863,6.097409,104.030331131004,-12.0018152102782
8.1528528,21.449293,20.360722,8.760904,6.146213,102.823566212979,-11.7438041414093
8.1840992,21.334028,20.331299,8.800301,6.165735,102.200717027606,-11.6222850423983
8.2228608,21.237974,20.125340,8.711657,6.048606,102.752957601432,-11.9696345758581
8.2541312,21.189947,19.988034,8.652562,6.048606,102.712754742442,-12.0647597791065
8.2841008,21.132314,19.929188,8.770753,6.029084,101.911617889033,-12.3507494123668
8.325312,21.276396,19.919381,8.908642,6.068127,101.183315089674,-12.819065245672
8.3566416,21.382055,19.791882,9.046532,6.097409,100.195935602298,-13.4888915608521
8.386608,21.430082,19.733037,9.213969,6.087649,99.2896248928239,-14.0385198910569
8.4191568,21.478110,19.576115,9.342009,6.048606,98.5655459824679,-14.7933336967652
8.457816,21.468504,19.625153,9.430652,6.155974,97.5585763736225,-14.594137748024
8.499128,21.439688,19.683999,9.529145,6.165735,97.0233968798025,-14.5712320184042
8.5316352,21.545347,19.478040,9.519295,6.077888,97.3522655281084,-15.3916021072226
8.5728288,21.487715,19.340734,9.450351,6.126692,97.0520612988395,-15.3569418961102
8.6016288,21.631796,19.448617,9.292763,6.165735,98.2421096600325,-15.0073680882778
8.63164,21.795088,19.772267,9.253366,6.185256,99.3630655590106,-14.4811355230699
8.6741264,21.996802,19.487847,9.332160,6.087649,99.2970131871881,-15.8265928017497
8.7028352,22.064040,19.154390,9.282914,5.980281,99.6192696916422,-16.838937537068
8.7353376,22.179305,19.066121,9.302612,5.843630,100.330623408842,-17.5864674013207
8.7653888,22.323386,18.860162,9.361707,5.765544,100.309631195661,-18.5919175666361
8.8066192,22.236938,18.752279,9.351858,5.746023,100.072433996101,-18.7121456078484
8.8378528,22.275359,19.026891,9.322310,5.814348,100.501494110057,-17.9475408645205
8.8678672,22.304176,19.085737,9.351858,5.775305,100.734853564415,-18.0064479076827
8.905352,22.294570,19.066121,9.410954,5.863152,99.8523120823634,-17.9402337593906
8.9390992,22.284965,19.193620,9.696582,5.980281,97.8648657586755,-17.8786029154094
8.969104,22.150489,19.105352,9.873868,6.068127,95.9457675706911,-17.9547053383189
9.0003696,21.689429,19.223043,9.952662,6.224299,93.9344889084771,-16.6704308287699
9.0403152,21.276396,19.242658,9.952662,6.253581,92.9233519095745,-15.8215032614859
9.0715808,21.007444,19.144582,10.021607,6.399992,90.9434211906153,-15.3519632125182
9.1016096,20.796125,19.046506,10.070853,6.399992,89.9841329990636,-15.2734630693009
9.1565888,20.661649,18.919008,10.051155,6.331667,89.8731390639081,-15.4269308520687
9.1928272,20.709676,18.909200,10.189044,6.312146,89.3135393877392,-15.8331262108458
9.22412,20.757703,18.850355,10.346632,6.292624,88.5387115979932,-16.3825998567704
9.2590528,20.815336,18.752279,10.445124,6.302385,87.8606031697849,-16.8628769109887
9.2940624,20.988233,18.546320,10.494371,6.214538,87.993704720285,-17.92466249215
9.3253296,21.017049,18.340361,10.464823,6.136452,88.1719206837915,-18.5711685055823
9.3566048,20.940206,18.291323,10.543617,6.068127,87.8252599969849,-18.8442324867344
9.4065888,20.767309,18.114787,10.681506,6.107170,86.0499881384823,-19.0991628980085
9.4378736,20.584806,17.673446,10.711054,6.058366,84.6754389579177,-19.9706646730058
9.4691056,20.277432,17.536140,10.848943,6.185256,82.1523097737877,-19.6914447712141
9.5090576,19.960453,17.859790,11.065627,6.429274,79.682234514537,-18.1847821139657
9.5403712,19.672291,17.997096,11.528541,6.741618,75.2099733509251,-17.4695850829055
9.5703888,19.441761,18.193247,11.755074,6.936833,72.9404572351731,-16.578841996306
9.604112,19.220836,18.075556,12.060401,7.161330,69.3674622140439,-16.4921122045453
9.6415792,18.951885,17.918635,12.237687,7.346784,66.4206252081488,-16.2630291900697
9.672864,18.807803,17.751906,12.464220,7.522477,63.5834460823501,-16.3918425284492
9.7028576,18.538852,17.506717,12.611958,7.805538,60.0538558238322,-16.0884944141421
9.7428784,18.317927,17.173259,12.779396,7.854342,57.4422317579245,-16.6290571301307
9.7940688,17.828051,16.378845,12.996079,8.117882,51.3697595649929,-17.3392546641251
9.825344,17.415018,16.978186,13.291556,8.596158,48.2359217971638,-14.6959478739182
9.8665664,17.184488,16.888928,13.587034,9.250127,42.8752399879216,-13.5798318306314
9.8978496,16.713822,16.502144,14.040099,10.109072,34.3488393842189,-12.533013203342
9.929096,16.406449,16.085608,14.237084,10.499501,29.4696231842815,-12.3847587120836
9.9603808,16.348816,15.877340,14.286330,10.655673,27.7157458363908,-12.4804747047315
10.0003616,16.550950,15.391381,14.719697,11.270599,22.3734725488303,-13.369288212979
10.0403616,16.299876,14.756660,14.965928,11.456053,17.5867519293605,-14.3223880557618
10.074144,16.126056,14.508721,15.251556,11.856243,13.354174086573,-14.1967086169818
10.1215968,15.942579,13.993010,15.812963,12.217391,7.24608643851907,-15.2058153926534
10.1528608,15.710819,13.566556,16.059194,12.285716,3.63360711572014,-16.0080061553491
10.184104,15.614252,13.219443,16.453164,12.412605,0.00977409653044845,-17.0150497139651
10.23408,15.382491,12.892165,16.610752,12.666384,-3.64103534790635,-17.0463407975579
10.2653504,15.247298,12.931835,16.661622,13.095857,-5.76790661978121,-15.8726436105866
10.2966128,15.131418,12.921917,16.729946,13.583894,-8.25471388341937,-14.7605533035046
10.3366048,14.947941,12.723567,16.661622,13.818151,-10.3251833211401,-14.2353634380651
10.3678624,14.561673,12.545051,16.476170,13.847433,-11.9968179672181,-13.5214425931636
10.401616,14.262316,12.485546,16.398085,14.101213,-14.0572300891897,-12.4124509401376
10.4391024,14.107809,12.802907,16.476170,14.559967,-15.2831997882421,-10.6372855423645
10.4778368,14.001586,12.783072,16.407846,14.686857,-15.9917657025267,-10.09002709669
10.5116608,13.808452,12.802907,16.512259,14.843028,-17.5880059478618,-9.56068473933452
10.5504176,13.682915,12.822742,16.463013,14.901593,-18.0478201435032,-9.07069559188279
10.5904192,13.576692,12.921917,16.266028,15.126090,-18.1706430191457,-7.83453895306333
10.6216144,13.538065,12.941752,16.187234,15.262740,-18.444757267885,-7.29313616448214
10.6516064,13.451155,12.872330,16.049345,15.311544,-18.7761747924479,-6.90235274253584
10.6928224,13.393215,12.892165,16.049345,15.389630,-19.1988637219663,-6.59274012865552
10.7228736,13.402871,12.912000,15.911455,15.399390,-18.6397683654202,-6.28443441133041
10.754144,13.431842,12.852495,15.852360,15.438433,-18.6956779909202,-6.26704435182269
10.7891328,13.451155,12.961587,15.753868,15.379869,-17.6310885877177,-6.01107206694168
10.8253632,13.451155,13.011175,15.744018,15.448194,-17.6311748104357,-5.75524246418957
10.8553568,13.528408,13.110350,15.724320,15.506758,-17.0504533011503,-5.55247207311581
10.8866352,13.557378,13.011175,15.635677,15.370108,-16.55544500724,-5.90768895859786
10.9278512,13.605662,13.031010,15.625827,15.370108,-16.2456852193376,-5.94285377409609
10.9579088,13.673259,13.110350,15.625827,15.311544,-15.4498181729658,-6.03281132948618
10.9891072,13.653945,13.130185,15.586430,15.321304,-15.34450714784,-5.85919137356249
11.021616,13.634632,13.249196,15.586430,15.282262,-14.8081533017045,-5.66157999408773
11.0778656,13.798795,13.269031,15.458390,15.096808,-12.9725544906357,-6.06376125447479
11.1103632,13.760169,13.388041,15.497787,15.087047,-12.757281680494,-5.84619685427503
11.1453504,13.827766,13.447546,15.389445,15.057765,-11.766723033175,-5.70631952694235
11.1815888,13.789139,13.497134,15.320501,15.067525,-11.5133577541882,-5.37755856194005
11.2129152,13.769825,13.655814,15.123516,14.999200,-10.0164222030875,-4.77245289908302
11.2441744,13.750512,13.745072,15.093968,15.087047,-9.95014792775116,-4.32477380795618
11.2840736,13.789139,13.814495,14.877285,15.194415,-9.13443177501423,-3.6233894378113
11.3142368,13.769825,13.973175,14.837888,15.204176,-8.4836438330495,-3.17654405223383
11.3440848,13.711885,13.953340,14.709848,15.252979,-8.50162252572777,-2.7482695680977
11.3766208,13.750512,14.112020,14.709848,15.262740,-7.76865686337594,-2.49794656453623
11.4153904,13.740855,14.171526,14.552260,15.272501,-7.04082608196315,-2.02790609343722
11.4466368,13.760169,14.260783,14.404521,15.243219,-5.97716721577705,-1.65277630751337
11.4778384,13.721542,14.161608,14.424219,15.272501,-6.68889007943288,-1.7495953749942
11.5178672,13.789139,14.240948,14.404521,15.243219,-5.94191075155303,-1.74965871819551
11.5492112,13.740855,14.250866,14.345426,15.204176,-5.73142039609442,-1.58857318987579
11.5791584,13.721542,14.260783,14.335576,15.243219,-5.87454805315398,-1.43478285903193
11.610376,13.721542,14.280618,14.424219,15.321304,-6.405864638744,-1.42572533690144
11.6516096,13.750512,14.211196,14.404521,15.262740,-6.27728349418392,-1.69132483451819
11.6904176,13.760169,14.240948,14.434069,15.331065,-6.48116986850186,-1.5813404415029
11.7203632,13.721542,14.240948,14.453767,15.360347,-6.80826687626082,-1.48670285688594
11.7741376,13.682915,14.171526,14.453767,15.389630,-7.33304934537935,-1.4858526533991
11.8028896,13.634632,14.141773,14.434069,15.301783,-7.24604701750934,-1.57512155615869
11.8341472,13.634632,14.211196,14.483315,15.399390,-7.50880266349272,-1.35273664529873
11.8778592,13.663602,14.290536,14.434069,15.399390,-6.91071299292067,-1.15923195267696
11.904152,13.760169,14.201278,14.473466,15.321304,-6.74211427576081,-1.75619762846167
11.9341536,13.750512,14.211196,14.384822,15.262740,-6.20544597812026,-1.65145240508023
11.966936,13.789139,14.201278,14.414370,15.145611,-5.77445223749601,-2.03545023414047
12.0154304,13.847079,14.191361,14.542410,15.067525,-5.77167173953742,-2.58110390591064
12.0478896,13.827766,14.171526,14.552260,15.116329,-6.13684692247571,-2.50571011751148
12.0803744,13.856736,14.161608,14.532561,15.087047,-5.88455425642751,-2.60064785975084
12.1278448,13.924332,14.191361,14.581807,14.999200,-5.36829463367961,-2.94802782645673
12.1591056,13.972616,14.171526,14.640903,14.999200,-5.4747898772255,-3.2010513875602
12.1891856,14.001586,14.131855,14.640903,14.901593,-5.15908844776082,-3.52758539238768
12.2316416,13.982272,14.052515,14.660601,14.823507,-5.32509044737463,-3.83825069088612
12.2604048,14.146436,14.072350,14.759094,14.803985,-4.90674039112623,-4.35793894853898
12.290376,14.078839,14.022763,14.798491,14.745421,-5.28677796363014,-4.51618907903312
12.3304016,14.098153,14.012845,14.788642,14.667335,-4.92812241691696,-4.70949871631078
12.3816096,14.136779,13.983093,14.847737,14.677096,-5.14658022640878,-4.94174202598479
12.4116624,14.156093,13.933505,14.877285,14.696617,-5.44275869174409,-5.09757115136097
12.4466672,14.175406,13.953340,14.837888,14.686857,-5.11211960784661,-5.03807736062666
12.4841504,14.136779,13.933505,14.877285,14.794225,-5.87359069207308,-4.86565282214826
12.5141248,14.175406,13.933505,14.857586,14.745421,-5.47481617183162,-4.9997382524489
12.5440864,14.146436,13.973175,14.926531,14.745421,-5.68528917655633,-4.9993751684911
12.5853552,14.136779,13.963258,14.837888,14.657574,-5.11524398010762,-5.00069438308571
12.6169488,14.175406,13.893835,14.788642,14.764943,-5.44683782090978,-4.90428230182088
12.646656,14.117466,13.913670,14.788642,14.677096,-5.27175657608814,-4.92557415991044
12.6816144,14.127123,13.893835,14.847737,14.716139,-5.67074069407332,-5.02270130688711
12.7178912,14.165749,13.973175,14.837888,14.764943,-5.35872232899411,-4.82455831545089
12.7491136,14.146436,14.002928,14.818189,14.725900,-5.10371095398425,-4.76626869779433
12.7790896,14.156093,13.933505,14.867435,14.725900,-5.51381850640967,-5.0199662549856
12.8303456,14.107809,13.953340,14.798491,14.696617,-5.26376557231507,-4.80807144408429
12.8603888,14.117466,14.062433,14.778792,14.774703,-5.02085854546347,-4.41708329618317
12.8904064,14.136779,14.042598,14.699998,14.774703,-4.73402032296942,-4.33885236205188
12.9316096,14.146436,14.012845,14.709848,14.745421,-4.73984870693819,-4.49428469072789
12.9790976,14.117466,14.012845,14.759094,14.725900,-4.96034132122421,-4.57302740884431
13.0128928,14.088496,14.092185,14.739395,14.764943,-4.83774542077805,-4.2425620068498
13.0541856,14.117466,14.121938,14.729546,14.794225,-4.68376359217059,-4.16386691301206
13.0853856,14.107809,14.112020,14.660601,14.764943,-4.39820327731175,-4.08566694069532
13.11544,14.136779,14.112020,14.680300,14.716139,-4.1800989455871,-4.27842880163673
13.1591856,14.117466,14.052515,14.759094,14.735660,-4.84368415294845,-4.47507161264588
13.1966112,14.069183,14.062433,14.739395,14.784464,-5.09784124954447,-4.22457439628822
13.2266784,14.127123,14.131855,14.690149,14.755182,-4.32093650307616,-4.16251293649108
13.2604368,14.020899,14.121938,14.699998,14.813746,-5.01762240813982,-3.87565949501359
13.3078576,14.078839,14.141773,14.680300,14.784464,-4.53932325304162,-3.97011578752703
13.339128,14.049869,14.181443,14.709848,14.774703,-4.57094306820768,-3.91235447202205
13.3704032,14.020899,14.191361,14.699998,14.852789,-4.89409497361713,-3.6623987293315
13.4103296,14.069183,14.201278,14.601506,14.911354,-4.5248408298234,-3.42843649750803
13.4416544,14.001586,14.260783,14.522712,14.862550,-4.08698372252119,-3.1157294403958
13.4729152,13.972616,14.191361,14.512863,14.843028,-4.35614391889122,-3.21244184199868
13.5041088,13.895362,14.221113,14.473466,14.882071,-4.53748402565095,-2.84369016861638
13.5441936,13.885706,14.280618,14.503013,14.960157,-4.74181374706253,-2.61484203245479
13.5741648,13.943646,14.350041,14.512863,14.969918,-4.32564910084786,-2.59664772250084
13.6166544,13.895362,14.359959,14.483315,15.028482,-4.57890706450976,-2.30763174716842
13.6753568,13.885706,14.280618,14.424219,14.960157,-4.4520689992595,-2.45645440957265
13.7065872,13.943646,14.350041,14.522712,14.950397,-4.29014531976422,-2.65432416299374
13.7366848,13.943646,14.330206,14.503013,14.940636,-4.2578199530453,-2.67246688889418
13.7778368,13.953302,14.290536,14.443918,14.911354,-4.04746310295064,-2.70774201663993
13.8091808,13.943646,14.240948,14.453767,14.852789,-4.09495859590752,-2.91958939010303
13.8404224,13.943646,14.280618,14.522712,14.940636,-4.52012232664462,-2.80854397740191
13.8816176,13.962959,14.221113,14.522712,14.882071,-4.45902663170825,-3.07794211734236
13.9229104,14.030556,14.240948,14.542410,14.872311,-4.16044043091993,-3.23261010954894
13.9529216,14.030556,14.231031,14.601506,14.794225,-4.12852343132629,-3.52291856209344
13.9940832,14.088496,14.121938,14.631054,14.794225,-4.43325900378562,-3.9114518819369
14.0241216,14.214033,14.121938,14.729546,14.706378,-3.9919481623254,-4.5277864715014
14.0554,14.252660,14.082268,14.680300,14.647814,-3.5988643493582,-4.70143098933881
14.0878976,14.291286,13.983093,14.798491,14.618532,-4.15790336923172,-5.26494635904068
14.1266448,14.358883,13.993010,14.857586,14.550206,-3.8276924647148,-5.62913665930811
14.1566416,14.329913,13.883917,14.877285,14.608771,-4.64348611191475,-5.7120265919848
14.1878896,14.339570,13.943422,14.887134,14.520924,-4.09196568276131,-5.80679129356802
14.217968,14.407166,13.824412,14.975777,14.569728,-4.79336906188348,-6.25135007842582
14.2603696,14.436136,13.893835,14.926531,14.550206,-4.16478991563239,-6.11195411974415
14.2992464,14.378196,13.784742,14.956079,14.530685,-4.84142196306525,-6.31507281679666
14.3303648,14.214033,13.725237,14.965928,14.530685,-5.74015737056798,-6.1343937924381
14.3704048,14.339570,13.844247,14.975777,14.618532,-5.15511979231288,-5.9825133784831
14.4007808,14.281630,13.854165,14.956079,14.667335,-5.44595033380946,-5.71392947621806
14.4316032,14.281630,13.903752,14.975777,14.657574,-5.2917422422633,-5.67278739900459
14.4741584,14.204376,13.774825,14.965928,14.647814,-6.0143464342283,-5.78027759085705
14.5128592,14.243003,13.764907,14.926531,14.677096,-5.86646556952771,-5.73995752899605
14.5429536,14.165749,13.854165,14.956079,14.716139,-6.07043896546434,-5.39015669341111
14.5854336,14.185063,13.824412,14.936380,14.735660,-6.11009797910454,-5.40981657573652
14.6153872,14.165749,13.774825,14.995476,14.764943,-6.69811723048925,-5.52815717149478
14.6453664,14.165749,13.814495,14.965928,14.677096,-6.11721064423539,-5.56666786068627
14.6791376,14.252660,13.824412,14.965928,14.696617,-5.81475516564704,-5.6775860588491
14.72788,14.233346,13.715319,15.054571,14.647814,-6.45570981407397,-6.12902236738556
14.7579072,14.281630,13.715319,15.064420,14.618532,-6.19824406313885,-6.30087661746198
14.7878928,14.291286,13.645897,15.113667,14.559967,-6.3954143698549,-6.67309258956897
14.8290944,14.300943,13.665732,15.074270,14.511163,-5.95933484490388,-6.67398449213719
14.8591872,14.387853,13.655814,15.202310,14.501403,-6.0935313917943,-7.12914198988278
14.9003456,14.378196,13.695484,15.143214,14.491642,-5.72680002245805,-6.93614567132622
14.9403472,14.445793,13.606227,15.133365,14.462360,-5.66736483912129,-7.28753858992079
14.971664,14.513390,13.576474,15.202310,14.452599,-5.73763169147431,-7.63008744245577
15.0016576,14.474763,13.616144,15.202310,14.403795,-5.55544476296885,-7.57457000437689
