0.0318384,13.750814,16.186383,12.765411,15.103909,2.46006416193895,-6.08461102990625
0.0692624,13.731499,16.176464,12.755561,14.996634,2.80973405282196,-6.23475795854805
0.1142256,13.702527,16.037594,12.745711,15.016138,2.16371166340788,-6.36895106615192
0.1630288,13.683213,16.176464,12.726012,15.084405,2.40849692163619,-5.90898839392866
0.200544,13.702527,16.027675,12.716162,15.045395,2.1287829590879,-6.27039105982617
0.231696,13.712185,16.146706,12.726012,15.035643,2.59537348845722,-6.11340903420702
0.2655664,13.673556,16.017756,12.706312,15.045395,2.02561782065959,-6.20520075298404
0.3042192,13.683213,16.116949,12.765411,15.035643,2.22918951467512,-6.18979080690295
0.3355248,13.721842,16.087191,12.745711,15.025891,2.37596937796871,-6.30216408537934
0.3680848,13.760471,16.047514,12.775261,14.957625,2.52299422991324,-6.64474141267754
0.4191888,13.779786,16.027675,12.804810,15.016138,2.17832656518905,-6.67834753964759
0.4467696,13.876359,16.017756,12.873759,15.035643,2.1489778055347,-7.01260832233108
0.4768336,13.799101,15.968160,12.844210,14.967377,2.06879494783535,-7.00137934010358
0.5179632,13.818415,15.968160,12.873759,14.957625,2.06198993453176,-7.12312371017485
0.5492144,13.818415,15.898725,12.824510,15.035643,1.69791501264127,-7.00270138782007
0.5792192,13.808758,15.868967,12.883609,14.908863,1.81740972593331,-7.39545659299484
0.6105264,13.828073,15.799532,12.913159,14.928368,1.44392757237555,-7.59128215506078
0.649256,13.779786,15.839209,12.952558,14.899111,1.37310680094028,-7.55319478361456
0.6817008,13.895674,15.819371,12.893459,14.967377,1.68763920701675,-7.58427091594598
0.711712,13.876359,15.859048,12.942708,14.967377,1.57072886128147,-7.57456256575053
0.7617296,13.934303,15.878886,13.011657,14.869854,1.96398650443051,-7.98555035826458
0.8030128,13.914988,15.809451,12.903309,14.908863,1.91086514509801,-7.7722436613644
0.8329568,13.886017,15.849128,12.932858,14.928368,1.75924832379232,-7.66426653792557
0.8742336,13.895674,15.789613,12.962408,14.860101,1.72815271609783,-7.98322690656363
0.9042416,13.886017,15.720178,13.021507,14.967377,0.794814807581281,-8.0175800178125
0.9341824,13.934303,15.759855,12.962408,14.918615,1.53327440638227,-8.01157292232702
0.9667472,13.992247,15.730097,12.972258,14.967377,1.40877521562958,-8.11930406857585
1.0067488,13.972932,15.710259,13.021507,14.967377,1.0757421840117,-8.21898233774533
1.0367232,13.953618,15.640824,13.060907,14.938120,0.712677825755176,-8.44415078176527
1.06676,14.001904,15.640824,13.041207,14.850349,1.30495738879499,-8.66744758621342
1.1080064,14.098478,15.561470,13.120006,14.821092,1.17583093681683,-9.23740584869169
1.1379952,14.166079,15.531712,13.129856,14.762578,1.50225408418997,-9.56427800619315
1.1698288,14.320596,15.373004,13.238204,14.655303,1.48283137987492,-10.6108718827955
1.199224,14.436484,15.303569,13.248054,14.606541,1.80283377223727,-11.0943431971227
1.2504512,14.484770,15.125022,13.257904,14.606541,1.28990096841169,-11.5545747963144
1.2817712,14.504085,15.164699,13.326853,14.645550,1.08694047356003,-11.5849422801905
1.3117552,14.465456,15.095264,13.346552,14.587036,0.842450943773295,-11.7911057245282
1.3517056,14.426826,15.075426,13.297303,14.616293,0.705742821320209,-11.592853512875
1.39544,14.494428,15.174618,13.326853,14.684559,0.93716669838389,-11.4718180225561
1.4230096,14.475113,15.095264,13.376102,14.733321,0.199004436977408,-11.5913996778099
1.4642176,14.465456,15.015910,13.415501,14.743073,-0.316154903485405,-11.7851790023675
1.4942832,14.455798,14.956394,13.415501,14.645550,-0.194949435706503,-12.0667417337628
1.525488,14.513742,14.857202,13.445051,14.713816,-0.723291004566374,-12.3047757034762
1.5567664,14.552371,14.926637,13.504150,14.694312,-0.477958531880208,-12.4074280074418
1.5992,14.610315,14.847282,13.494300,14.674807,-0.443878042905918,-12.6954134700816
1.6279792,14.600658,14.758009,13.573099,14.635798,-0.960603874140707,-13.0834882649506
1.6579984,14.639287,14.668736,13.642048,14.596789,-1.26221666967636,-13.5498581907764
1.6979696,14.591001,14.599301,13.710997,14.528522,-1.70038142945805,-13.8602414179885
1.7392576,14.716546,14.668736,13.799646,14.479761,-1.13268927779152,-14.2494980134956
1.7697616,14.716546,14.569543,13.907994,14.479761,-1.91243017161,-14.6599288886477
1.8042336,14.716546,14.599301,13.917844,14.518770,-1.98862701409604,-14.5447726186259
1.8417392,14.697231,14.609220,13.829195,14.450504,-1.4244956799076,-14.4437926413678
1.8718032,14.648945,14.569543,13.907994,14.460256,-2.08815065551048,-14.5634458278314
1.9042512,14.619973,14.579462,13.839045,14.479761,-1.96994915126651,-14.3099361372443
1.9517632,14.581343,14.599301,13.799646,14.518770,-2.03812685210273,-14.0381623037112
1.9829632,14.629630,14.738170,13.779946,14.548027,-1.38276582826202,-13.7674307177007
2.0197888,14.629630,14.698493,13.848895,14.509018,-1.64338407375681,-14.0588974797835
2.0642288,14.581343,14.698493,13.740547,14.509018,-1.40743982272301,-13.7445878963414
2.1092096,14.571686,14.638978,13.730697,14.538275,-1.73772417309761,-13.7643919600037
2.1480624,14.658602,14.807605,13.730697,14.645550,-1.20501691375561,-13.4028063092134
2.1854688,14.639287,14.807605,13.740547,14.606541,-1.16471590345937,-13.4593249476315
2.2154544,14.648945,14.718332,13.720847,14.548027,-1.15870194903436,-13.7261872987924
2.2467104,14.610315,14.748090,13.622348,14.489513,-0.588721000577659,-13.5060988684283
2.2817136,14.571686,14.877040,13.681447,14.548027,-0.708092528247406,-13.1832234023077
2.3166976,14.610315,14.837363,13.592799,14.577284,-0.484063250776635,-13.1024441726903
2.3480208,14.513742,14.886959,13.533700,14.596789,-0.504620605940142,-12.6534412294956
2.3792512,14.513742,14.896879,13.592799,14.635798,-0.844828673791611,-12.6788909373727
2.4305104,14.581343,14.966314,13.573099,14.635798,-0.266325532134833,-12.6421186964935
2.4605232,14.465456,14.956394,13.523850,14.713816,-0.838283534454773,-12.1761725939061
2.4905136,14.504085,14.906798,13.533700,14.684559,-0.804232596227003,-12.4263056350867
2.5316992,14.407512,14.966314,13.514000,14.645550,-0.715299756776862,-12.1501678086115
2.5630112,14.475113,14.986152,13.484450,14.635798,-0.242585413713039,-12.2083339255069
2.593008,14.484770,14.956394,13.454901,14.587036,-0.0147129905223915,-12.3189682660261
2.6242224,14.494428,14.966314,13.523850,14.606541,-0.283525074047225,-12.4222895345681
2.6817616,14.504085,14.956394,13.504150,14.596789,-0.171153686996746,-12.4397715851765
2.7167248,14.562029,15.055587,13.553399,14.645550,0.0276823233464514,-12.3729036299535
2.7505136,14.591001,15.075426,13.602649,14.665055,-0.0576265286725093,-12.4557507782899
2.7855264,14.523400,14.966314,13.563249,14.509018,0.0465890896011647,-12.7492810077642
2.8167264,14.436484,14.896879,13.543549,14.518770,-0.49020648506636,-12.6480934901377
2.8467424,14.407512,14.916717,13.494300,14.489513,-0.220795800866195,-12.5068669375287
2.8979552,14.475113,14.996071,13.514000,14.626046,-0.282307079081996,-12.2681733240932
2.9292624,14.407512,15.065506,13.553399,14.674807,-0.614016933317387,-11.9839748459294
2.9580064,14.388197,15.015910,13.543549,14.635798,-0.679854569013779,-12.0944625158837
2.9991952,14.368882,15.035748,13.464751,14.548027,-0.0364890696670095,-12.0246919872801
3.0308832,14.417169,15.055587,13.494300,14.616293,-0.163243096832598,-12.0143763914888
3.0605568,14.388197,15.105183,13.514000,14.694312,-0.463007497609781,-11.7510791955847
3.0942192,14.378540,15.144860,13.523850,14.645550,-0.203589592706662,-11.768832814587
3.1329616,14.359225,15.095264,13.435201,14.616293,-0.00262655412642232,-11.6990053154028
3.1642256,14.388197,15.154780,13.523850,14.655303,-0.169323173527579,-11.7509504252329
3.1929728,14.310939,15.154780,13.474600,14.723569,-0.525624641249161,-11.362101032872
3.2366912,14.291624,15.144860,13.454901,14.713816,-0.519956526528301,-11.3196069002122
3.2753808,14.252995,15.144860,13.385952,14.772330,-0.621948668280526,-10.9870690453886
3.3142464,14.262652,15.224215,13.366252,14.821092,-0.406453122837907,-10.723221030012
3.355472,14.243337,15.234134,13.336703,14.782083,-0.17745958405224,-10.677617552774
3.386944,14.156421,15.283730,13.277603,14.821092,-0.237193630258589,-10.2079596739402
3.4167232,14.088820,15.303569,13.287453,14.830844,-0.488318356558216,-10.0322353315067
3.4505088,14.156421,15.303569,13.257904,14.928368,-0.500997324821128,-9.92748387669428
3.4879968,14.166079,15.333326,13.238204,14.899111,-0.168255679581518,-9.90570794268577
3.519832,14.166079,15.174618,13.248054,14.879606,-0.71479409472799,-10.2623800909915
3.5492176,14.117792,15.125022,13.248054,14.830844,-0.888630819249674,-10.3485627027082
3.5991936,14.117792,15.333326,13.228354,14.899111,-0.307614860112992,-9.78495541006486
3.6305504,14.146764,15.363084,13.287453,14.908863,-0.356592703566971,-9.89352303975527
3.6629952,14.108135,15.333326,13.277603,14.899111,-0.532376010471091,-9.86721649781298
3.6980208,14.050191,15.363084,13.198805,14.850349,-0.14508477207711,-9.61836778122299
3.732976,14.011562,15.343246,13.238204,14.977129,-0.999516557075809,-9.41913112973005
3.7642272,13.992247,15.402761,13.129856,14.977129,-0.435136856615133,-9.04083593446305
3.795512,14.021219,15.363084,13.129856,14.996634,-0.549603821442525,-9.13923994162331
3.83548,13.963275,15.422600,13.100306,15.074652,-0.730112268162515,-8.69909900927589
3.86548,13.934303,15.501954,13.041207,15.074652,-0.317574807128871,-8.36643090744565
3.8967056,13.866702,15.551550,12.972258,15.172176,-0.493676433700584,-7.80594696658646
3.930456,13.808758,15.561470,12.942708,15.259947,-0.894057765937869,-7.44062765290016
3.9879552,13.818415,15.571389,12.893459,15.230690,-0.520345533274516,-7.39222386672718
4.0193424,13.741157,15.601147,12.913159,15.250194,-0.846089617524939,-7.17929024557198
4.0536304,13.712185,15.630904,12.932858,15.240442,-0.881403268510664,-7.12281316977047
4.08924,13.818415,15.561470,12.972258,15.220937,-0.822184369186782,-7.59553053098455
4.1205072,13.857045,15.601147,12.972258,15.259947,-0.683785361554934,-7.53244819788406
4.1505056,13.818415,15.601147,13.051057,15.211185,-0.940829422432514,-7.70702145003025
4.2018272,13.857045,15.521793,13.011657,15.240442,-1.0518832000455,-7.79771747128428
4.2317168,13.837730,15.571389,13.070756,15.250194,-1.20379639305139,-7.77230939258394
4.2617776,13.876359,15.521793,12.991958,15.191680,-0.718244359614348,-7.88691940582152
4.302992,13.914988,15.501954,13.031357,15.230690,-0.949717601913812,-8.0160781536704
4.3329648,13.818415,15.521793,12.991958,15.162423,-0.819341313399174,-7.81849317830963
4.3642784,13.808758,15.581308,12.972258,15.211185,-0.747259337834619,-7.55649569693015
4.3955168,13.760471,15.640824,12.982108,15.259947,-0.930718422015165,-7.27596645831925
4.4354768,13.818415,15.630904,12.962408,15.172176,-0.341603332427468,-7.53658895089681
4.4654832,13.808758,15.620985,12.972258,15.181928,-0.488907077099174,-7.53730415948517
4.4955136,13.847387,15.591227,12.962408,15.172176,-0.380940052694417,-7.67103943324278
4.5392528,13.789443,15.601147,12.893459,15.172176,-0.29211200336982,-7.38364998539208
4.5680096,13.857045,15.601147,12.952558,15.220937,-0.458551442118037,-7.56252805418088
4.6067488,13.857045,15.511873,12.952558,15.152671,-0.52445487200109,-7.85325230382445
4.643016,13.914988,15.571389,12.942708,15.123414,0.0580330517067775,-7.89899044998912
4.6780352,13.905331,15.511873,12.991958,15.152671,-0.498280059798995,-8.03856044947836
4.709248,13.934303,15.472196,12.991958,15.191680,-0.687525006689399,-8.1008993540477
4.7392464,13.914988,15.541631,13.001807,15.123414,-0.278779483944406,-8.0787814949667
4.7917424,13.914988,15.492035,13.021507,15.152671,-0.649274088422649,-8.1579689319427
4.8217632,13.943960,15.511873,13.041207,15.142919,-0.508026653616206,-8.24176698056226
4.85172,13.895674,15.492035,13.021507,15.201433,-0.907472985702407,-8.02701214216839
4.894216,13.905331,15.472196,13.031357,15.220937,-1.05745448612515,-8.06874667477814
4.9242512,13.866702,15.511873,12.982108,15.211185,-0.82738248669662,-7.82800032506559
4.9554864,13.905331,15.551550,12.982108,15.191680,-0.464485733106936,-7.87233748169491
4.987056,13.866702,15.531712,13.021507,15.220937,-0.942818270575585,-7.85658138630715
5.0255088,13.818415,15.601147,12.962408,15.279451,-0.862764507662511,-7.39403690052947
5.0554944,13.799101,15.601147,12.942708,15.347717,-1.11974929652962,-7.18615429528764
5.089264,13.818415,15.591227,12.913159,15.240442,-0.560582282680941,-7.3795773052972
5.1292032,13.673556,15.511873,12.873759,15.279451,-1.38719419322396,-7.06164144131552
5.1580256,13.750814,15.670582,12.804810,15.308708,-0.363204452363907,-6.7344557432399
5.1892624,13.721842,15.690420,12.883609,15.425736,-1.14787887624469,-6.59090247892347
5.2292352,13.673556,15.660662,12.854060,15.396479,-1.21037588606984,-6.53247048693019
5.28296,13.634926,15.710259,12.735861,15.464745,-0.978501429980118,-5.98222914049534
5.3117616,13.586640,15.759855,12.804810,15.523259,-1.46167242873827,-5.83062868546907
5.3454992,13.528696,15.749936,12.775261,15.552516,-1.71109732298247,-5.60777595931639
5.3817184,13.490066,15.720178,12.745711,15.533012,-1.77660349160075,-5.55005759991293
5.412984,13.451437,15.749936,12.745711,15.591525,-2.03318058449475,-5.30721546924048
5.4430272,13.441780,15.809451,12.686612,15.611030,-1.69723742346323,-5.01629873079444
5.4829472,13.461095,15.878886,12.706312,15.728058,-1.89102816199092,-4.76626756751941
5.514288,13.412808,15.898725,12.716162,15.708553,-1.95925974215948,-4.68263173324408
5.5455232,13.258291,15.948321,12.607813,15.679296,-1.82215411730251,-4.07545701894623
5.57676,12.949257,16.067352,12.558564,15.776820,-2.71307730207037,-2.90460595816743
5.6167392,12.968571,16.384769,12.597963,15.835334,-1.83767881310125,-2.37354275808027
5.646792,13.007201,16.345092,12.588114,15.757315,-1.50658842296881,-2.64272226632964
5.676792,12.997543,16.345092,12.627513,15.698801,-1.46919939870203,-2.81077238583798
5.718008,12.910627,16.315334,12.588114,15.767067,-2.01060054016375,-2.46510251955429
5.7605328,12.949257,16.305415,12.647213,15.708553,-1.9065723670854,-2.80053251023293
5.7905424,12.843026,16.355011,12.647213,15.776820,-2.37653528887898,-2.3597483312711
5.825528,12.785082,16.364930,12.735861,15.854838,-3.18750252607819,-2.27374953808694
5.8730256,12.775425,16.285576,12.666912,15.845086,-3.22016415475476,-2.25601354921827
5.9043152,12.669194,16.235980,12.686612,15.854838,-3.91388593108175,-2.13423198147763
5.93424,12.669194,16.216141,12.676762,15.884095,-4.06178243474462,-2.09589435144205
5.9742816,12.640222,16.265738,12.686612,16.378319,-5.87835810926999,-1.11018239889074
6.0055296,12.678852,16.176464,12.775261,16.368600,-6.36173984336679,-1.56194609143968
6.035584,12.630565,16.047514,12.735861,15.903600,-5.13879111749026,-2.40311538579773
6.0755824,12.543649,15.948321,12.765411,15.903600,-5.9552071372469,-2.45066258108894
6.1067552,12.389132,16.017756,12.794961,16.397759,-8.23836815870314,-1.18724310676232
6.138048,12.292559,16.007837,12.735861,16.397759,-8.42553536475834,-0.856675228365685
6.1680016,12.205643,15.987998,12.686612,16.514398,-9.08458305361229,-0.38390512255935
6.2080608,11.906266,15.898725,12.568414,16.465799,-9.96675104802319,0.324795776755611
6.2392832,11.886952,16.136787,12.509315,16.349160,-8.4617544094911,0.713332910682311
6.2693088,11.645519,16.394688,12.302468,16.388039,-7.76638305221086,2.25382346994696
6.3192512,11.510316,16.523638,12.282768,16.349160,-7.56929840976221,2.76696992522582
6.3504912,10.757045,16.265738,11.750876,15.815829,-7.44183312593483,4.49324773916022
6.3807728,10.351438,16.087191,11.898624,15.425736,-8.85143799475012,4.14161327277191
6.4142976,10.196921,15.412681,12.351717,15.562269,-14.6057659529284,2.44768686588305
6.4517936,9.839600,14.311642,12.657063,15.698801,-22.6213691420869,0.813898515334131
6.4831072,9.462965,14.420754,12.312318,16.611597,-25.9483835758262,4.48443289513382
6.533008,9.240846,14.400915,12.164570,16.737956,-26.9607607381529,5.61815727715176
6.573056,8.951127,13.895033,11.790275,16.349160,-27.7614795900624,5.74800185243389
6.6030496,9.067015,14.867121,12.036522,16.971234,-26.0326637128398,7.61579892209656
6.6371392,8.941470,15.928482,12.016822,17.641907,-24.2979587692787,10.8678621948975
6.6742848,8.999413,16.604420,12.046372,18.895775,-25.723684535446,13.6414034979243
6.70552,9.704398,18.379591,12.529014,20.587038,-23.0859823974956,15.6701662903751
6.746784,10.390067,19.438809,12.903309,21.578468,-20.948516240709,15.9186660254084
6.7967392,11.191625,19.370156,12.913159,22.210262,-20.3199321536058,14.8303204015988
6.8280432,11.288198,17.202682,12.597963,21.053594,-23.2641040869039,10.8623742087391
6.8580752,11.075737,16.265738,12.095621,20.169082,-23.1666802223075,9.86754916997354
6.8992656,10.930877,15.541631,11.514479,19.673367,-22.9895567800622,9.74726395508324
6.9279616,9.849257,12.913025,9.327812,17.525268,-23.1351285220343,10.3751074189634
6.9592928,9.105644,11.494570,8.717121,15.435488,-22.4700207734613,7.69970903701853
6.990544,9.530566,11.097800,8.983067,14.460256,-19.1129977632105,2.7222396519656
7.0292592,10.351438,11.554086,10.401446,15.113662,-21.7642966430467,-1.28009876248508
7.0605264,11.838665,11.921099,11.908474,14.791835,-17.9011274407078,-8.7991709816211
7.0917824,14.832434,12.903106,14.351237,14.294467,-8.779624195336,-19.5153205296157
7.1418176,18.125819,13.984306,17.510796,14.226200,-4.01941143352787,-28.7589588471819
7.1842448,24.455789,16.513719,22.801053,15.601278,1.71774889189725,-37.2474250671737
7.2142656,28.518881,17.153644,25.875649,16.980954,1.60174438526281,-41.5884846629626
7.2554944,31.583009,17.791137,28.608624,16.815715,3.73587963590528,-46.2665317485791
7.2867808,35.982291,17.791137,33.323004,15.074652,6.10657310094263,-56.1578417159733
7.316752,39.459452,18.320746,36.378079,15.542764,6.27904648413725,-59.1184284700815
7.3505056,43.964393,20.772640,39.794297,19.255411,4.66233582795622,-55.7727685452003
7.3892848,47.172603,20.056687,43.493573,16.961514,6.20159522486386,-63.3978670043509
7.4193152,45.866266,15.987998,43.444770,10.861649,8.7829986864262,-76.7990868308429
7.4492496,31.679064,7.546702,26.607696,3.654683,22.6420236066914,-92.7462718502675
7.489288,8.902840,0.999986,5.988711,0.329141,42.5645678266431,-110.817146676545
7.5209232,-0.175039,0.196525,-0.128048,0.212113,0,0
7.5504896,0.162967,0.077494,0.196997,0.114590,0,0
7.581784,0.182282,0.067575,0.147748,0.075580,0,0
7.6217888,0.182282,0.017979,0.068949,0.095085,0,0
7.6518192,0.105023,0.027898,0.059099,0.017067,0,0
7.6830656,0.114681,0.037817,0.029550,0.017067,0,0
7.7229968,0.056737,-0.041537,0.019700,0.017067,0,0
7.7544256,0.056737,-0.031618,0.000000,0.026819,0,0
7.794232,0.056737,-0.011779,0.029550,0.075580,0,0
7.8393296,0.076051,-0.031618,0.009850,-0.051200,0,0
7.8755376,4.064524,3.142548,8.293577,0.689977,-29.0396668663424,-75.5290658796846
7.9068096,36.577827,17.369411,33.488935,9.915674,18.1610114884162,-65.5973088303523
7.9392512,62.349164,32.992880,52.766164,18.322300,26.2654473786188,-59.2007536901463
7.9792752,67.488062,28.559856,60.330646,19.031853,15.3092907361368,-67.6394097151848
8.0080304,53.713893,15.581308,51.282549,8.901432,9.95006146908884,-86.3878528058536
8.0381888,46.077585,14.609220,45.250485,10.335024,4.21399907348549,-80.5860157675201
8.0804736,38.297197,14.341400,35.275129,10.686107,9.37711734591593,-71.6264950892719
8.109312,28.077032,11.950857,24.411556,8.930689,14.4432842828266,-64.6094697609281
8.140536,19.105571,9.877730,16.524973,7.809172,13.5936326388337,-53.8654948220326
8.1718096,14.243337,8.409678,12.558564,7.224033,9.35977937554449,-45.5020122670867
8.2105344,11.326827,8.300566,10.834840,7.877438,-0.117098625490793,-33.2914791271051
8.24432,8.574491,9.560313,10.027152,9.535333,-13.4839934184557,-14.0056195640617
8.2717824,7.434928,10.671271,9.968052,11.095705,-21.6316596514945,-2.79858456283614
8.3055216,7.975738,11.663198,11.071236,13.036417,-27.4001500895808,-0.769214690271138
8.3556528,8.381345,15.640824,12.637363,18.098743,-31.8298198288998,10.9837335777563
8.3842384,8.700037,17.039440,12.696462,19.692807,-30.0517490287306,14.5763865018928
8.4280432,8.951127,16.464123,12.351717,19.624768,-30.0357368172973,13.870714254785
8.4754864,9.028385,16.087191,12.420666,19.799726,-32.1123657641719,13.2069981355862
8.5055552,9.260161,16.602993,12.538864,20.353760,-31.1864588268497,13.9100184227586
8.5405744,9.540223,16.692266,12.942708,20.606478,-31.7821568342851,12.7533174767195
8.5767936,9.743027,15.958240,13.188955,19.634487,-31.6316637185639,9.16227569192888
8.6080368,9.714055,15.601147,13.120006,19.313731,-31.9719493473212,8.34875351831836
8.638088,10.341781,15.571389,13.179105,19.041573,-28.7748558565905,6.25194083881765
8.6880256,10.814989,15.303569,13.405651,18.380620,-26.4756350957979,3.13180708318941
8.7217872,11.838665,14.837363,13.967093,17.223951,-22.176837459424,-3.17588344034646
8.7492416,12.167014,14.609220,14.085291,16.757396,-20.56413735678,-5.38078190205044
8.790576,12.447076,14.351319,13.986793,15.767067,-16.5991166733446,-8.07215264422753
8.8210304,13.094116,14.162853,14.183790,15.269699,-13.6701735519291,-11.1682382156216
8.8504928,13.567325,14.212449,14.321688,14.996634,-11.1183987775744,-12.8639261259133
8.8830896,13.770129,14.043822,14.331538,14.665055,-9.79160317325309,-14.2810604045209
8.9218128,13.818415,14.212449,14.183790,14.577284,-8.06833289251651,-13.9187043219878
8.9530448,14.011562,14.311642,14.164090,14.606541,-6.98130422460639,-14.0169094302474
8.983088,14.079163,14.579462,14.075442,14.616293,-5.40964826785045,-13.4299497566159
9.0231088,13.992247,14.708413,13.937544,14.635798,-4.80338540968855,-12.6842241535914
9.0718096,13.857045,14.867121,13.829195,14.743073,-4.71070104521609,-11.671529435952
9.1045776,13.876359,15.263892,13.602649,14.869854,-2.77535953437824,-10.2465258770746
9.1454864,13.808758,15.472196,13.425351,15.035643,-2.21026691088288,-9.03620126176367
9.1768176,13.866702,15.710259,13.277603,15.006386,-0.446710595576686,-8.46116199579963
9.2080368,13.837730,15.670582,13.218504,15.064900,-0.695896276354292,-8.24184333137629
9.2392848,13.789443,15.759855,13.120006,15.035643,-0.0559013626082479,-7.82237983951346
9.2780384,13.818415,15.878886,13.169255,14.996634,0.44525165594857,-7.83982751768436
9.3092768,13.750814,15.908644,13.139705,14.947872,0.60849505724136,-7.67014841295751
9.3405712,13.789443,15.710259,13.129856,14.821092,0.551748375505127,-8.33209399359719
9.3792384,13.789443,15.690420,13.238204,14.704064,0.512573692790877,-8.81535863828671
9.4105744,13.808758,15.660662,13.267754,14.821092,-0.0917558543934138,-8.75510101462368
9.4417968,13.770129,15.650743,13.277603,14.821092,-0.308069961849018,-8.71318383681981
9.4730784,13.663898,15.640824,13.277603,14.879606,-0.961160816147921,-8.39921586506099
9.5118112,13.683213,15.710259,13.198805,14.908863,-0.443422073288382,-8.09046231194006
9.5429968,13.605954,15.779693,13.198805,14.957625,-0.659766467766237,-7.70850597410939
9.584336,13.499724,15.868967,13.257904,15.016138,-1.17327374073445,-7.33662006653158
9.635536,13.432123,15.938402,13.021507,15.006386,-0.220413390835245,-6.57956306370007
9.665624,13.383836,15.898725,13.159405,15.191680,-1.78558371470697,-6.50518951077572
9.7192624,13.451437,15.878886,13.188955,15.133166,-1.49859443956509,-6.85515645846001
9.7580304,13.393493,15.492035,13.395802,14.996634,-3.42085987064706,-8.13668872846295
9.7892896,13.576982,15.263892,13.464751,15.064900,-4.11018986991484,-8.96787185637988
9.8192944,13.625269,15.283730,13.573099,15.074652,-4.30197332000215,-9.24063559819953
9.8693296,13.596297,15.204376,13.681447,15.094157,-5.19039425545064,-9.51842314943192
9.899296,13.557668,15.134941,13.602649,15.133166,-5.44754066523927,-9.33031739283183
9.9305456,13.441780,15.214295,13.720847,15.211185,-6.32210452088549,-9.04046621081382
9.9705024,13.441780,15.253972,13.642048,15.298956,-6.20589216882196,-8.63798159656876
10.0005792,13.238976,15.273811,13.612498,15.415984,-7.22496900007268,-7.8951021250087
10.03176,13.152060,15.283730,13.454901,15.454993,-7.07456318523644,-7.2858198327885
10.0656064,13.026515,15.392842,13.317003,15.572021,-7.0589665793043,-6.30657651769092
10.1017264,12.929942,15.492035,13.287453,15.845086,-7.95754525299347,-5.3587332064528
10.1330864,12.814054,15.640824,13.208654,16.349160,-9.40075153795031,-3.77331511960445
10.1642832,12.717481,15.601147,13.129856,16.407479,-9.84512236363998,-3.35926125704703
10.2104976,12.707824,15.581308,13.139705,16.436639,-10.1006812462439,-3.34327302926569
10.2442672,12.669194,15.630904,13.169255,16.397759,-10.0246067825564,-3.30461734817288
10.2742848,12.707824,15.620985,13.149555,16.378319,-9.77156796872111,-3.39756629950119
10.309288,12.736796,15.511873,13.198805,15.864591,-8.36233798724364,-4.67705449874525
10.3405376,12.814054,15.482115,13.208654,15.864591,-8.21717483742654,-4.9201007710866
10.389384,12.910627,15.412681,13.267754,15.767067,-7.9702845108046,-5.55925112496328
10.4193504,13.065144,15.293649,13.376102,15.640287,-7.76603278042945,-6.57290692321889
10.4593072,13.200347,15.263892,13.405651,15.523259,-7.03750675966899,-7.19450855508662
10.4893008,13.287263,15.174618,13.514000,15.484250,-7.30560420618766,-7.84610184617951
10.5205584,13.451437,15.184537,13.592799,15.337965,-6.39331612669732,-8.61148373448956
10.5630352,13.374179,15.075426,13.523850,15.269699,-6.58549380802126,-8.63462331011842
10.6017488,13.509381,15.105183,13.563249,15.328213,-6.32712766222759,-8.83714536572389
10.631832,13.441780,15.125022,13.642048,15.328213,-6.8027900492556,-8.82361858728244
10.6655248,13.432123,15.115103,13.602649,15.308708,-6.65668037570864,-8.77554793075745
10.703,13.432123,15.105183,13.464751,15.376974,-6.43327827070266,-8.37632851050552
10.7330672,13.345207,15.144860,13.474600,15.367222,-6.61297691324498,-8.15772865468993
10.7668832,13.354864,15.234134,13.445051,15.367222,-6.12678312702381,-7.94979770482181
10.8155648,13.316235,15.263892,13.523850,15.454993,-6.78437342847995,-7.81726644975425
10.8455536,13.229319,15.293649,13.435201,15.513507,-6.8884501108499,-7.28225607308559
10.8755376,13.258291,15.234134,13.405651,15.474498,-6.74776699529203,-7.46268440450793
10.917088,13.229319,15.293649,13.405651,15.572021,-6.99669818711994,-7.11180179017814
10.9483248,13.200347,15.323407,13.464751,15.572021,-7.21424831205025,-7.12125978352716
10.993056,13.229319,15.224215,13.405651,15.503755,-7.00521856564459,-7.36532660191182
11.0492608,13.267948,15.174618,13.474600,15.484250,-7.23191792544514,-7.72166648744423
11.0805536,13.267948,15.154780,13.514000,15.503755,-7.52738377738372,-7.80581346819559
11.1092976,13.335549,15.204376,13.573099,15.474498,-7.19324516370275,-8.03600976818548
11.1530352,13.296920,15.115103,13.632198,15.435488,-7.75424571190412,-8.3170328740637
11.1805536,13.335549,15.174618,13.642048,15.435488,-7.41767083846209,-8.30865459204689
11.2117808,13.277605,15.144860,13.642048,15.464745,-7.859988667175,-8.18752006389378
11.2468192,13.248634,15.164699,13.671598,15.386727,-7.71438974799466,-8.2967423002773
11.2830592,13.325892,15.045668,13.661748,15.376974,-7.80059439035352,-8.67862237238964
11.3155248,13.306577,15.105183,13.681447,15.445241,-7.97471557663266,-8.44140675470182
11.344304,13.287263,15.125022,13.740547,15.386727,-7.97489434956626,-8.59699111797842
11.3855408,13.345207,15.045668,13.622348,15.367222,-7.5435747366523,-8.65454768436002
11.420584,13.325892,15.154780,13.582949,15.337965,-6.94510734045027,-8.3818695196044
11.4483744,13.296920,15.283730,13.573099,15.425736,-6.85704065593838,-7.89791775483834
11.4818,13.335549,15.293649,13.563249,15.376974,-6.45432133701814,-8.03049484807304
11.5205408,13.325892,15.253972,13.504150,15.357470,-6.34660864045472,-7.99485694486632
11.5493072,13.267948,15.224215,13.445051,15.367222,-6.49405579965082,-7.78386479888099
11.580568,13.238976,15.343246,13.405651,15.425736,-6.22423182866517,-7.31024654486625
11.6368752,13.248634,15.412681,13.366252,15.503755,-6.07000265810762,-6.9758839722638
11.6718736,13.152060,15.432519,13.287453,15.484250,-5.99098453013915,-6.60064284295435
11.7030992,13.152060,15.363084,13.336703,15.435488,-6.25608546257602,-6.92314452442604
11.7430288,13.190690,15.432519,13.346552,15.533012,-6.24984408448872,-6.72039031665315
11.7755568,13.181032,15.482115,13.405651,15.513507,-6.2472155594213,-6.77082506579484
11.8043312,13.161718,15.392842,13.464751,15.415984,-6.51415943812223,-7.1982107289179
11.8383664,13.219662,15.382923,13.395802,15.474498,-6.29313801031759,-7.08542142107341
11.8755504,13.152060,15.382923,13.454901,15.445241,-6.66111096090007,-7.12108506062542
11.9056368,13.181032,15.363084,13.445051,15.464745,-6.66262548536866,-7.16242948212948
11.9394656,13.219662,15.293649,13.543549,15.396479,-6.8926467647712,-7.7076670532985
11.9767472,13.219662,15.343246,13.474600,15.445241,-6.62899443687927,-7.37984976411467
12.0080672,13.229319,15.343246,13.504150,15.386727,-6.48393454141487,-7.570987043206
12.0405648,13.210004,15.293649,13.582949,15.386727,-7.04014582323996,-7.78871545671857
12.0719808,13.287263,15.134941,13.602649,15.367222,-7.35061965740738,-8.32438128826757
12.1093056,13.296920,15.125022,13.563249,15.289203,-6.91200896275107,-8.42547260682169
12.14556,13.325892,15.105183,13.681447,15.220937,-7.06439415804395,-8.90057356163051
12.1806304,13.586640,14.956394,13.848895,15.064900,-6.68170237522992,-10.3691288770548
12.2318704,13.779786,14.807605,13.868595,14.947872,-6.14862124208221,-11.3149854067745
12.2718128,13.953618,14.638978,13.967093,14.791835,-5.91255769978561,-12.4978385482951
12.305592,14.137107,14.599301,14.026192,14.840597,-5.77469261589264,-12.9730701178042
12.3543408,14.108135,14.381077,14.095141,14.674807,-6.34613859125349,-13.802032823194
12.3855312,14.175736,14.450512,14.055742,14.733321,-5.89859642959488,-13.6085985040721
12.415576,14.146764,14.450512,14.144391,14.762578,-6.45063224682066,-13.6718289814259
12.4555392,14.252995,14.430673,14.164090,14.704064,-5.97866429895809,-14.0779878524534
12.486792,14.310939,14.410835,14.095141,14.743073,-5.7226283916201,-14.0184250141091
12.5180496,14.272309,14.341400,14.104991,14.665055,-5.87449266277528,-14.2496371336421
12.5493936,14.349568,14.271965,14.144391,14.626046,-5.84636662141254,-14.6969455030851
12.5893024,14.349568,14.281884,14.183790,14.635798,-5.99363374765991,-14.7369166132674
12.6193392,14.388197,14.242207,14.134541,14.713816,-6.10560117069407,-14.6401770311865
12.650536,14.339910,14.242207,14.183790,14.635798,-6.18031585387224,-14.7958805100629
12.6918208,14.426826,14.281884,14.252739,14.694312,-6.17963602513499,-14.9130168428335
12.7221584,14.359225,14.182692,14.292138,14.606541,-6.62933574794283,-15.22590779736
12.7530352,14.320596,14.172772,14.233039,14.596789,-6.55540905550088,-15.0701139797393
12.7842784,14.388197,14.133095,14.301988,14.587036,-6.67141235840814,-15.4400663907911
12.8243296,14.320596,14.242207,14.173940,14.684559,-6.39954567860259,-14.641411945107
12.8530368,14.320596,14.351319,14.223189,14.733321,-6.35383392692296,-14.4296166147225
12.8868144,14.378540,14.301723,14.233039,14.733321,-6.3591384341818,-14.6621010192582
12.9405632,14.272309,14.331481,14.203490,14.733321,-6.53766938918927,-14.3325927685143
12.9867792,14.243337,14.311642,14.124691,14.782083,-6.61012122470767,-14.0598006866005
13.019336,14.281967,14.321561,14.134541,14.791835,-6.49961836376404,-14.1185905987458
13.0593392,14.214365,14.321561,14.114841,14.772330,-6.60894175797402,-13.981428557678
13.0893232,14.175736,14.271965,14.095141,14.821092,-7.05296805940507,-13.8656038279
13.1193136,14.137107,14.361238,14.104991,14.850349,-7.00673022042081,-13.5758631591161
13.1593488,14.195051,14.351319,14.095141,14.850349,-6.78764584267765,-13.692174482693
13.1905696,14.156421,14.381077,14.114841,14.752826,-6.52986736992298,-13.7864273123886
13.2206224,14.281967,14.262046,14.154240,14.801587,-6.8352370047518,-14.2555868829892
13.2517776,14.262652,14.301723,14.223189,14.762578,-6.86991075311479,-14.3536711145118
13.3006224,14.252995,14.281884,14.154240,14.772330,-6.76045259944492,-14.2159628065153
13.334296,14.310939,14.271965,14.183790,14.743073,-6.57952168529205,-14.4681350155865
13.3643408,14.339910,14.262046,14.233039,14.752826,-6.7279535600673,-14.624709027799
13.4042896,14.310939,14.133095,14.272439,14.704064,-7.292293989403,-14.995683678435
13.4355648,14.388197,14.152934,14.242889,14.626046,-6.52084393057563,-15.2058571643999
13.4655984,14.339910,14.103337,14.272439,14.655303,-7.11298245200901,-15.2088410897231
13.5005456,14.426826,14.053741,14.311838,14.596789,-6.89950574306142,-15.6746048114025
13.5405632,14.600658,14.014064,14.420186,14.626046,-6.90485122419679,-16.2522721067795
13.5805072,14.629630,13.865275,14.449736,14.528522,-7.10543788469042,-16.8593798835116
13.6093456,14.600658,13.885114,14.430036,14.518770,-7.0300699889044,-16.7436668846505
13.6480304,14.629630,13.885114,14.508835,14.538275,-7.2869784411165,-16.9157251448655
13.6793472,14.697231,13.914871,14.449736,14.528522,-6.66115063519797,-16.8922532137588
13.71056,14.600658,13.875194,14.489135,14.479761,-7.14286043331946,-16.9578292305071
13.75052,14.658602,13.815679,14.498985,14.460256,-7.11275379802036,-17.2495259258255
13.7817696,14.639287,13.785921,14.430036,14.557779,-7.40620601825411,-16.94033756379
13.8130672,14.658602,13.835517,14.479286,14.538275,-7.25512685950545,-17.0141258674119
13.8556288,14.687574,13.805759,14.558084,14.499265,-7.40643203255219,-17.3627966766982
13.8943312,14.619973,13.776002,14.498985,14.499265,-7.5565383881885,-17.1753226257976
13.9242816,14.600658,13.895033,14.528535,14.567532,-7.54160081311596,-16.8190884576456
13.954296,14.542714,13.914871,14.508835,14.587036,-7.68571074302513,-16.5882429821781
14.0055312,14.552371,13.895033,14.548235,14.596789,-7.90712898915185,-16.7045754313382
14.035544,14.475113,13.934710,14.508835,14.626046,-8.01253755473804,-16.3379043584077
14.0680944,14.504085,13.964468,14.439886,14.684559,-7.75025009445065,-16.0833448115871
14.1068976,14.446141,13.944629,14.430036,14.694312,-8.04601239324565,-15.9697539194389
14.1380944,14.378540,13.924791,14.400487,14.616293,-7.97938118196604,-15.9727584148532
14.1681088,14.330253,13.924791,14.380787,14.616293,-8.09068298219576,-15.8379465578252
14.2292912,14.397854,14.014064,14.420186,14.704064,-7.96505730137707,-15.697493996678
14.2605824,14.475113,13.944629,14.380787,14.645550,-7.57076423508323,-16.0268452565571
14.2905728,14.436484,13.964468,14.380787,14.606541,-7.49679130706865,-15.9887226269282
14.325616,14.533057,13.914871,14.400487,14.606541,-7.39143923805838,-16.3172665042833
14.3618192,14.542714,14.043822,14.449736,14.616293,-7.08527661771321,-16.1566776546108
14.3930944,14.562029,13.944629,14.390637,14.557779,-6.94927422494713,-16.3929126919822
14.4230672,14.542714,14.004145,14.321688,14.528522,-6.42888981516197,-16.1584108973671
14.4631088,14.542714,14.033903,14.351237,14.528522,-6.426924065504,-16.1573176237308
14.494328,14.552371,13.994225,14.351237,14.499265,-6.43098092456694,-16.3140921933898
14.5256448,14.648945,13.944629,14.370937,14.528522,-6.43652353645269,-16.5836144759669
14.5568752,14.677917,13.924791,14.420186,14.528522,-6.5862649839695,-16.7767551762638
14.595544,14.735861,13.835517,14.479286,14.411494,-6.48806889369324,-17.4202265475367
14.6268048,14.716546,13.795840,14.439886,14.401742,-6.52748188595369,-17.4053933918784
14.656816,14.745518,13.785921,14.498985,14.430999,-6.78627632451963,-17.5381937719784
14.6980384,14.764832,13.726405,14.587634,14.343228,-6.94218489644214,-18.0463369242211
14.7280736,14.822776,13.736325,14.597484,14.411494,-6.97654066722087,-18.0193003857314
14.7580752,14.822776,13.726405,14.676283,14.372485,-7.16250944684754,-18.2707964254464
14.7894288,14.832434,13.666890,14.646733,14.343228,-7.13236053760242,-18.4126227844714
14.8380496,14.784147,13.528020,14.636883,14.294467,-7.62646134343152,-18.6830178213565
14.8793216,14.832434,13.666890,14.636883,14.382238,-7.24118023751273,-18.314308467939
14.911832,14.793804,13.686728,14.695982,14.450504,-7.78659057191103,-18.1752071111926
14.9505296,14.871063,13.617293,14.676283,14.401742,-7.50232759056131,-18.5260777486693
14.981776,14.803462,13.528020,14.686133,14.265210,-7.62741565636332,-18.875509144669
15.0117712,14.842091,13.488343,14.686133,14.323724,-7.84995525145894,-18.9114756484135
