0.0387616,13.402734,16.298963,13.280476,14.859299,-0.462825983400396,-3.403276265231
0.0686912,13.393071,16.249371,13.221375,14.790955,-0.187830644181953,-3.47194354634289
0.0987216,13.422058,16.259289,13.300177,14.712848,-0.0486436993569459,-3.82566795434107
0.1336816,13.306111,16.229534,13.241076,14.742138,-0.465753221066882,-3.45402762289597
0.169888,13.373747,16.199779,13.300177,14.830009,-0.893773550844201,-3.61768767673572
0.2011792,13.470369,16.269208,13.319877,14.800718,-0.251208027598458,-3.79106164395643
0.2311792,13.451045,16.140269,13.369128,14.742138,-0.755941461072745,-4.19762820212564
0.2649808,13.431720,16.150187,13.359278,14.732374,-0.714829678077573,-4.13561587422902
0.3024576,13.460707,16.080759,13.388828,14.664031,-0.713329842435895,-4.51305708746905
0.3336272,13.441383,16.140269,13.408529,14.732374,-0.905263645925159,-4.27842012024098
0.3636736,13.451045,16.189861,13.280476,14.810482,-0.49662900765599,-3.79376273885497
0.41616,13.412396,16.110514,13.359278,14.761665,-1.04354106009102,-4.1137650166661
0.4449328,13.373747,16.140269,13.221375,14.751901,-0.506579714129746,-3.70192635879178
0.4761712,13.393071,16.269208,13.300177,14.781191,-0.381723329927175,-3.62109847323532
0.5174016,13.431720,16.189861,13.359278,14.761665,-0.682580234324567,-4.00912140438586
0.5687056,13.412396,16.150187,13.280476,14.761665,-0.594692413295886,-3.87379477062846
0.597472,13.460707,16.219616,13.270626,14.751901,-0.0890630905352907,-3.84610166864236
0.6487264,13.509018,16.170024,13.260776,14.722611,0.0574458876005242,-4.07221942544594
0.6787056,13.566992,16.150187,13.290327,14.595687,0.573305693129024,-4.52750053138129
0.7099648,13.557329,16.189861,13.349428,14.605450,0.415734041504796,-4.54069116844733
0.7499328,13.489694,16.179943,13.359278,14.615214,0.057551035921386,-4.4189960096066
0.7799616,13.586316,16.189861,13.398678,14.644504,0.179981756697361,-4.63353289058492
0.8111824,13.576654,16.189861,13.359278,14.556633,0.636809564096525,-4.69221304674692
0.8449056,13.595978,16.199779,13.349428,14.546870,0.818992845804383,-4.71188518164993
0.8824512,13.586316,16.219616,13.349428,14.585923,0.704633773464979,-4.58294400263715
0.912464,13.624965,16.130351,13.388828,14.566396,0.443927757449547,-4.94795648016073
0.9449056,13.595978,16.080759,13.339577,14.537106,0.462222289389046,-4.92937192676133
0.9848672,13.605641,16.120432,13.310027,14.488289,0.946266116947163,-4.90439747969839
1.0149472,13.634627,16.120432,13.428229,14.439472,0.782096316678348,-5.30466649656275
1.0462128,13.644290,16.120432,13.507030,14.468762,0.398571037635199,-5.4356046116196
1.0786784,13.750574,16.120432,13.516880,14.419945,0.934751151923664,-5.76880225233309
1.116152,13.769899,16.011330,13.556281,14.371128,0.645719471316245,-6.18567561026106
1.151176,13.750574,16.041086,13.585831,14.390655,0.493717442978378,-6.11482179646844
1.1974544,13.740912,15.951820,13.674483,14.322311,0.0555174716585087,-6.57403801452141
1.2486704,13.731250,15.852637,13.546431,14.312548,0.192032742794825,-6.49268942419436
1.2787216,13.798885,15.991494,13.615382,14.371128,0.450329015306541,-6.4057540071331
1.30892,13.750574,16.001412,13.664633,14.361365,0.158375828820478,-6.40741237693109
1.3611552,13.740912,16.041086,13.585831,14.371128,0.534145064177181,-6.13121047132405
1.3899392,13.711925,15.941902,13.595682,14.351601,0.105150620048983,-6.31370104770982
1.4198928,13.731250,16.021249,13.536581,14.410182,0.466428592707395,-5.97265312259787
1.4599584,13.682939,16.090677,13.575981,14.439472,0.277670244176009,-5.77004746522771
1.491256,13.663614,16.011330,13.566131,14.449236,-0.0810220607191301,-5.83885117321551
1.522472,13.673276,16.041086,13.556281,14.419945,0.213757700045817,-5.83759191231649
1.5637248,13.605641,16.011330,13.487330,14.468762,-0.0634461944851301,-5.51635796168817
1.6024496,13.595978,16.110514,13.477480,14.546870,-0.000771209398650718,-5.14606402881747
1.6337024,13.595978,16.070841,13.497180,14.478526,0.0425849814134338,-5.3878088071582
1.6674688,13.624965,16.090677,13.467629,14.566396,-0.00480216212361295,-5.18675923311081
1.714936,13.576654,16.120432,13.467629,14.556633,-0.0346886384451608,-5.0484084405627
1.7462016,13.518681,16.120432,13.457779,14.605450,-0.396343376868102,-4.81560332298805
1.7749712,13.605641,16.110514,13.359278,14.605450,0.264742697787495,-4.80963955449702
1.818656,13.499356,16.120432,13.329727,14.624977,-0.0477878508535365,-4.46867818291895
1.8561296,13.557329,16.229534,13.319877,14.654267,0.485361038237163,-4.31555895559066
1.8874128,13.470369,16.279126,13.260776,14.761665,0.163047035158137,-3.71905255316302
1.9286752,13.528343,16.259289,13.250926,14.703084,0.566012599767779,-3.96442119489683
1.9587264,13.509018,16.229534,13.211525,14.693321,0.578047383301449,-3.91236102416215
1.9899104,13.489694,16.279126,13.270626,14.683557,0.497023305338774,-3.9237198106392
2.0224976,13.499356,16.219616,13.231226,14.654267,0.581848081097607,-4.02352560045296
2.0612176,13.489694,16.209698,13.300177,14.634740,0.319066938088262,-4.20328639971117
2.0911696,13.441383,16.219616,13.181975,14.703084,0.3723660869268,-3.7060820685507
2.1224384,13.393071,16.259289,13.181975,14.703084,0.340867235583222,-3.53047779939036
2.1549056,13.431720,16.269208,13.211525,14.742138,0.252111936001841,-3.586162236936
2.193648,13.412396,16.298963,13.211525,14.751901,0.252319123470135,-3.47287734162771
2.2249248,13.422058,16.328718,13.201675,14.742138,0.471581382850887,-3.43600760748096
2.2548976,13.373747,16.289044,13.152424,14.732374,0.379912064129773,-3.31822735283148
2.3061952,13.315774,16.388228,13.122874,14.859299,0.153056545333624,-2.71981803190828
2.3474672,13.325436,16.408065,13.053923,14.937406,0.225025922012861,-2.41566480620627
2.3786816,13.296449,16.378310,13.044073,14.888589,0.238062687555024,-2.47430878280216
2.4186656,13.315774,16.427902,13.004672,14.917879,0.528081068381307,-2.28862051274039
2.4787216,13.219151,16.427902,12.975122,14.947169,0.177199838837774,-1.96405056533446
2.5211504,13.277125,16.408065,13.083473,14.878826,0.161379993516903,-2.4812518016318
2.5511904,13.364085,16.447738,13.083473,14.927643,0.433106668472168,-2.50779436599762
2.5799408,13.344760,16.447738,13.063773,14.898352,0.552288400956262,-2.47708778301053
2.6124624,13.296449,16.408065,13.093323,14.878826,0.193670643260463,-2.54384428735766
2.6624272,13.393071,16.348555,12.994822,14.781191,1.08960909234936,-2.82481853648268
2.6929376,13.335098,16.427902,13.063773,14.839772,0.671950329461456,-2.59812213652771
2.7236544,13.364085,16.507248,13.083473,14.937406,0.611077316119555,-2.3830078573507
2.7749744,13.325436,16.368391,13.083473,14.790955,0.533229927415215,-2.81608260124505
2.8049536,13.354422,16.269208,13.122874,14.810482,0.0488698347402803,-3.10746369289296
2.8348992,13.364085,16.338636,13.093323,14.878826,0.187142832638324,-2.81446412137065
2.8774384,13.373747,16.427902,13.113024,14.927643,0.28216026859723,-2.62742789952487
2.907416,13.257800,16.388228,13.053923,14.869062,0.170774407806798,-2.42980349007147
2.937424,13.277125,16.338636,13.073623,14.859299,0.0218139833851287,-2.62122779612631
2.9711888,13.267462,16.398146,13.004672,14.888589,0.357368892058598,-2.2913507499207
3.0200048,13.306111,16.417983,13.024372,14.976460,0.154094806384442,-2.22244497338233
3.04872,13.228813,16.368391,13.103174,14.986223,-0.650219751878859,-2.29748042281705
3.097552,13.199827,16.417983,13.103174,14.966696,-0.49971181896058,-2.1809704406681
3.1411744,13.267462,16.368391,13.083473,14.927643,-0.207185924706172,-2.44397456986652
3.1724192,13.286787,16.279126,13.152424,14.947169,-0.80391623901963,-2.75949897431499
3.2075152,13.238476,16.259289,13.152424,14.937406,-1.01596417240289,-2.7096550908738
3.2436784,13.296449,16.298963,13.132724,14.937406,-0.582549603654693,-2.71974621138099
3.2750416,13.325436,16.189861,13.201675,14.908116,-1.02853356630465,-3.18060738153878
3.3051584,13.335098,16.229534,13.231226,14.800718,-0.547852039931211,-3.38778944375779
3.3486944,13.306111,16.209698,13.241076,14.878826,-1.06556090096368,-3.24068190769303
3.377456,13.393071,16.170024,13.221375,14.878826,-0.816562936984347,-3.45638562644247
3.406168,13.422058,16.239453,13.241076,14.956933,-0.832916406417677,-3.29135636851423
3.4399584,13.335098,16.130351,13.241076,14.859299,-1.17515653568704,-3.48298413377339
3.4899408,13.306111,16.110514,13.231226,14.888589,-1.4293988346439,-3.38284028875284
3.5187312,13.393071,16.199779,13.260776,14.956933,-1.15918776210116,-3.34371395869553
3.5499648,13.306111,16.279126,13.231226,14.976460,-1.14858656383715,-2.91614571001508
3.599984,13.296449,16.189861,13.231226,15.064330,-1.84750378775974,-2.89805313056674
3.6311968,13.286787,16.179943,13.152424,14.995986,-1.3552446051442,-2.8508835135741
3.6612384,13.257800,16.279126,13.201675,15.015513,-1.36184478557748,-2.67911441162052
3.7036736,13.209489,16.338636,13.083473,15.083857,-1.1294963646432,-2.09128545492612
3.7536432,13.277125,16.328718,13.044073,15.035040,-0.579042506385216,-2.25780382088763
3.7837328,13.190164,16.388228,13.004672,15.005750,-0.414435240294197,-1.93120774932148
3.8250464,13.190164,16.368391,13.014522,15.035040,-0.638055308857295,-1.935441364516
3.854928,13.199827,16.447738,13.044073,15.161964,-0.914588944683711,-1.64990696693285
3.8849792,13.199827,16.368391,12.945571,15.064330,-0.449640350029572,-1.75470195394049
3.9174736,13.248138,16.338636,13.053923,15.064330,-0.799425504848267,-2.14600556444552
3.9661904,13.209489,16.427902,12.935721,15.074094,-0.196552610337215,-1.62988432047795
3.9974816,13.209489,16.527085,12.896320,15.025277,0.505955716520921,-1.45441408280952
4.0287152,13.190164,16.507248,12.856920,15.025277,0.516154469414025,-1.36272727367982
4.0699184,13.219151,16.517167,12.925871,15.035040,0.352861948929928,-1.53948779597967
4.0999728,13.228813,16.556840,12.876620,15.005750,0.836316509733584,-1.43529137699948
4.1312064,13.238476,16.556840,12.866770,15.005750,0.909594393053131,-1.43488473673076
4.1711808,13.228813,16.546922,12.945571,15.015513,0.495449203557945,-1.58459395116583
4.202416,13.277125,16.566759,12.945571,14.956933,0.969445784459495,-1.75821601250506
4.2337152,13.209489,16.487412,12.945571,14.927643,0.549134293061408,-1.8073643430633
4.2662224,13.286787,16.527085,12.916021,14.966696,0.937363022295812,-1.76898523134846
4.3049776,13.257800,16.467575,12.945571,14.966696,0.501361518569649,-1.87711229558858
4.3349824,13.296449,16.427902,12.945571,14.937406,0.611173789484143,-2.08462410603373
4.374912,13.219151,16.447738,12.935721,14.937406,0.440127990354251,-1.86080238198959
4.41996,13.286787,16.487412,13.014522,15.015513,0.223508260886064,-1.96468287541822
4.4474736,13.325436,16.487412,12.975122,15.005750,0.553651499168,-1.98059236362591
4.4774368,13.238476,16.408065,12.955421,15.005750,0.0248363022959177,-1.89346954969726
4.514984,13.238476,16.497330,12.965271,14.956933,0.500809506221167,-1.84198307543197
4.5487088,13.190164,16.527085,12.935721,15.093621,0.0191214460734583,-1.37561558124768
4.5799696,13.190164,16.507248,12.896320,15.083857,0.136775754055831,-1.34326770224179
4.6105504,13.170840,16.477493,12.866770,15.074094,0.109956557165199,-1.30804668939463
4.64996,13.112866,16.477493,12.856920,15.113147,-0.214730516115417,-1.09091778947127
4.6812096,13.035569,16.517167,12.886470,15.132674,-0.541986316575326,-0.881361644123515
4.7112224,13.083880,16.576677,12.856920,15.230308,-0.41057420372884,-0.642726676247095
4.74396,13.122529,16.507248,12.827369,15.142438,-0.0697371834158123,-0.942261903987417
4.783736,13.103204,16.537003,12.876620,15.161964,-0.297313652431384,-0.919497986713406
4.8137552,13.103204,16.487412,12.886470,15.142438,-0.441107244965275,-1.06411022835196
4.856216,13.093542,16.616350,12.837219,15.181491,0.0333708212224044,-0.637112445211942
4.896208,13.132191,16.497330,12.866770,15.181491,-0.373644584838539,-0.996943139369856
4.9265088,13.103204,16.556840,12.925871,15.181491,-0.489955715789369,-0.956349477039723
4.9574608,13.016244,16.527085,12.837219,15.142438,-0.423867150569839,-0.69681205400452
5.0062768,13.064555,16.606432,12.866770,15.201018,-0.297649366292185,-0.62129569039541
5.0486992,13.045231,16.527085,12.827369,15.191255,-0.468329496427899,-0.65166054728294
5.0799648,12.996920,16.586595,12.847069,15.230308,-0.653970652346623,-0.414264791920354
5.1224224,13.054893,16.576677,12.827369,15.201018,-0.289494706984168,-0.567262954584024
5.1500288,13.025906,16.576677,12.856920,15.220545,-0.584601877028353,-0.533843861059484
5.1811952,13.045231,16.576677,12.827369,15.201018,-0.324771406415004,-0.546202915219959
5.214968,12.967933,16.527085,12.827369,15.201018,-0.789143680750779,-0.465536876684938
5.2624496,13.025906,16.586595,12.748568,15.288889,-0.394119907896489,-0.158722706905806
5.294008,12.938946,16.646105,12.856920,15.337706,-1.09916452543585,-0.0142831121281599
5.3237232,13.054893,16.596514,12.807669,15.288889,-0.479873733314094,-0.333511386973186
5.373664,13.006582,16.527085,12.827369,15.220545,-0.7228235778009,-0.515273848223194
5.4049264,13.016244,16.596514,12.837219,15.191255,-0.358523617757191,-0.486597037803024
5.434912,13.025906,16.656024,12.787969,15.318179,-0.405493703581518,-0.0705396487794694
5.4749264,12.948608,16.606432,12.837219,15.318179,-1.05834042076347,-0.0967493844270084
5.5061872,12.948608,16.685779,12.768268,15.230308,-0.164107101104299,0.039079230796542
5.5362496,12.948608,16.695697,12.689467,15.249835,0.101307584628468,0.26388820618447
5.5687328,13.006582,16.784962,12.778118,15.327942,-0.00645047046725011,0.237018807554474
5.6088544,12.948608,16.755207,12.689467,15.298652,0.129398824857169,0.454497382483307
5.6512288,12.948608,16.745289,12.728868,15.249835,0.129673045627079,0.264764499400787
5.689928,12.909959,16.735371,12.689467,15.259599,0.0672568195527967,0.435902726557867
5.7299952,12.948608,16.735371,12.709167,15.279125,0.0564762495793385,0.342069082428694
5.7605168,12.890635,16.804799,12.758418,15.240072,0.0588077080513809,0.414607938989326
5.7912368,12.909959,16.755207,12.728868,15.366996,-0.427015308392048,0.572735210733271
5.8312176,12.803675,16.755207,12.659916,15.337706,-0.436368515956972,0.907274020264683
5.8624688,12.851986,16.735371,12.650066,15.406050,-0.557976419580165,0.907331707598004
5.892456,12.822999,16.735371,12.620516,15.376759,-0.436902411714982,0.985297519201117
5.9262464,12.803675,16.745289,12.610666,15.513447,-0.960306734325441,1.30586153063337
5.962456,12.794013,16.844473,12.719017,15.562264,-1.23594944316143,1.34529519830184
5.993872,12.755364,16.705616,12.620516,15.523211,-1.35835249384089,1.338841647842
6.0249424,12.687728,16.695697,12.620516,15.523211,-1.64354824790329,1.47150184173636
6.0662064,12.726377,16.656024,12.669767,15.523211,-1.83650568972465,1.20743432782946
6.0962096,12.678066,16.685779,12.689467,15.581791,-2.20489768509518,1.42483226559573
6.1249168,12.697390,16.765126,12.630366,15.689189,-2.0265904603037,1.83702859938369
6.1561872,12.687728,16.725452,12.699317,15.650135,-2.32212291621375,1.56937264375848
6.1962352,12.639417,16.616350,12.748568,15.698952,-3.27657505198151,1.46260108803985
6.2277264,12.620092,16.745289,12.709167,15.708715,-2.75903073704245,1.83316084980928
6.2561744,12.639417,16.735371,12.738718,15.728242,-2.91110823796039,1.74155845005697
6.3025168,12.581443,16.715534,12.590965,15.777059,-2.82138002023306,2.24835985598351
6.3386832,12.533132,16.765126,12.590965,15.796586,-2.89111774321829,2.4752073793109
6.372432,12.504145,16.775044,12.502314,15.845403,-2.80960770717271,2.83914084504295
6.404944,12.513808,16.804799,12.512164,15.903984,-2.92494188026954,2.94689912437777
6.4399152,12.475159,16.874228,12.472763,15.884457,-2.58673409731954,3.20706781216728
6.4724864,12.397861,16.824636,12.433363,15.903984,-2.97976220006923,3.41799305952662
6.5024608,12.359212,16.943656,12.393962,16.358880,-4.25793552355144,4.5646190067493
6.5424336,12.301238,17.013085,12.295461,16.378319,-3.91759726904003,5.06651692841116
6.5749552,12.214278,16.963493,12.344711,16.368600,-4.57210066441904,5.05295348494852
6.6037456,12.204616,16.983330,12.364412,16.426919,-4.82808336852762,5.16060927875116
6.6350128,12.214278,17.023003,12.334861,16.504678,-4.82636988560034,5.40096148998369
6.6774496,12.156305,17.151942,12.246210,16.485238,-4.15750399943438,5.91530633342524
6.703672,12.117656,17.112268,12.236360,16.514398,-4.519872038022,6.00845353409385
6.7349856,12.059682,17.191615,12.137858,16.426919,-3.7383126993522,6.35285831446566
6.7774672,12.021033,16.349423,12.147708,16.456079,-7.19572834680291,5.05815441130094
6.8062032,12.011371,16.427883,12.059057,16.368600,-6.26492430388949,5.26977991725756
6.8374064,11.943736,16.584805,12.009806,15.972327,-4.21572280785624,5.13300402235668
6.8687344,11.740829,16.908455,11.921155,16.417199,-5.12783756536637,7.1083600750152
6.9199872,11.190081,17.408641,11.635500,16.592157,-4.89537983502042,10.1955479084789
6.9586752,10.648995,17.663638,11.527148,16.718516,-6.05272852639242,12.3794968176498
6.9886752,10.214195,17.781329,11.261194,16.883754,-6.88532177679846,14.5600920490536
7.0312336,9.808381,17.791137,10.847487,16.980954,-7.20324945871307,16.8099958114187
7.0612272,9.373580,17.722483,10.335279,16.961514,-7.1080439321273,19.1626711697008
7.0925488,8.890468,17.408641,9.823071,16.679636,-7.14388183565399,20.9711429111213
7.134968,8.513641,16.898647,9.202511,15.728242,-4.23824297901018,21.5416541461531
7.1637136,8.127151,16.604420,8.907006,15.113147,-3.14976953555388,22.1122013828964
7.1944416,8.020866,16.735371,9.084309,15.191255,-4.18666582672012,22.2370188876255
7.22492,8.320396,16.457657,9.970823,15.864930,-10.83338347511,19.3803753715629
7.2637104,8.658574,16.953575,10.473181,17.311430,-15.1174462007828,20.0857230077203
7.2949616,8.426680,16.506344,10.788386,18.759696,-24.6486500831536,21.3629819676206
7.323672,8.040191,17.438064,10.522432,19.896925,-25.4467255652934,26.0619983576018
7.3649856,7.557079,18.193247,10.157976,21.685387,-29.2133712031628,31.6470498450086
7.3962192,7.151265,18.742471,9.882172,23.172533,-32.6091758013945,35.8951251500038
7.4262224,7.015993,18.948431,9.734419,23.512729,-32.9374881288824,37.2777095518417
7.45868,7.006331,18.840547,9.793520,23.687688,-34.1682689358863,37.2143837464927
7.4975376,6.793762,17.398833,9.586667,22.560179,-36.8755034233043,35.4868925674148
7.5287232,6.571530,16.298963,8.936556,20.071883,-31.9238203857892,33.621148393284
7.5687088,6.484570,15.555086,8.769104,19.041573,-31.3726239602275,32.0112403374427
7.6199408,7.673026,14.513658,9.783670,17.291990,-27.7953378515828,20.9823226770807
7.6500192,8.842157,14.940148,10.640634,16.796275,-21.7568369661962,15.0500695100946
7.6812288,10.822916,16.616350,12.561415,17.816865,-17.3143303543689,9.56213107133317
7.7211824,13.277125,18.448244,14.511746,19.692807,-14.4502010367139,5.67687051815174
7.7525088,15.576738,21.351287,16.462078,22.579619,-12.3326642525161,5.62207098845098
7.7825136,17.453439,23.234342,19.033453,24.319482,-13.1748688143585,2.78895536170327
7.8149904,22.035224,23.146073,23.210999,23.600209,-10.1449983177506,-10.364254226346
7.8524304,26.338451,23.548184,26.832190,23.716847,-7.73696122693253,-18.9263655078299
7.8837264,29.460212,24.813361,29.438276,25.281752,-7.19589893743611,-21.4309141418622
7.9150176,31.938410,27.422177,32.288378,28.985036,-9.7420023932209,-19.6127293770488
7.9561664,36.491378,27.794865,37.090604,29.344672,-9.86829421084923,-26.5623495236516
7.9862576,42.043310,16.695697,43.230036,17.379470,-9.70219297577818,-61.1269456824027
8.0161952,36.520194,12.232436,39.208659,12.096254,-11.8315959202132,-70.7856622799336
8.047472,13.644290,2.492608,17.110610,2.967466,-29.8702007113562,-91.8479783663033
8.0887056,0.059181,0.141957,0.032013,0.155604,0,0
8.1199072,0.184790,0.151875,0.179765,0.097024,0,0
8.1499648,0.175128,0.052691,0.140365,0.087260,0,0
8.1899344,0.117155,0.042773,0.041863,0.057970,0,0
8.2424096,0.097830,0.022936,0.041863,0.057970,0,0
8.272432,0.136479,-0.006819,0.012313,0.057970,0,0
8.322424,0.078506,0.013018,0.041863,0.067734,0,0
8.3549216,0.097830,0.003099,-0.007388,0.038443,0,0
8.3837312,0.107492,-0.046492,-0.007388,0.028680,0,0
8.4249168,0.068843,0.013018,0.012313,0.028680,0,0
8.4549712,0.213777,2.036363,2.248299,3.729012,-104.387146719446,33.5475190594615
8.485008,46.432986,24.862399,33.254680,19.304011,26.4431269763367,-44.9182883120972
8.5187184,56.835654,28.726584,47.915135,25.583069,10.1114916248666,-48.374773402333
8.5561872,58.007515,27.598713,50.199120,23.707128,9.57084163703945,-52.8888996148525
8.587528,54.981808,25.872580,46.577929,22.424100,10.8142139347778,-52.7418831574291
8.6174848,43.705047,21.331672,35.441059,18.613897,13.6549638324395,-49.7477216454294
8.651224,32.985400,17.604793,25.592591,14.908116,17.6710723791715,-44.8435511409298
8.6899552,20.815336,12.341538,15.437661,8.874329,27.0118716657217,-42.0520719054448
8.7187584,15.344844,10.228927,10.916438,6.443240,35.1120285806376,-37.6848854501911
8.748744,13.141853,9.038724,9.547266,5.710984,33.7211197801161,-36.398419480972
8.799992,9.122362,6.281421,7.380231,4.236709,24.0324896109327,-37.47152847599
8.8299568,7.740661,6.985624,7.074876,4.929911,15.7328405458091,-24.5908134170961
8.8824464,9.982301,16.604420,10.000374,13.443604,7.29064539810885,10.7117414792343
8.922488,13.653952,19.840920,12.709167,17.194791,5.95349146355652,6.96764553873147
8.953688,14.436593,18.291323,12.797819,15.171728,10.6634087071545,-0.524747264348017
8.9837456,13.306111,17.042840,12.236360,13.716980,10.5934271812402,-1.65916774218862
9.0362368,12.349550,16.537003,11.911304,13.853668,6.05694769854308,0.563278754780201
9.0649872,12.871311,17.143836,12.029506,15.689189,2.30253905435604,3.43959328493842
9.0950112,12.484821,16.928070,11.635500,16.397759,-1.10959847035386,6.04485476259794
9.1361808,12.320563,16.771149,11.359696,16.562998,-1.86998371932682,7.0797233857071
9.1675104,12.214278,16.682880,11.359696,16.504678,-2.3698293779311,7.08477305105627
9.1975296,12.136980,16.957492,11.202093,16.650477,-1.5876409238065,8.33371676835209
9.2312832,11.827789,17.477294,10.808087,16.990673,-0.598101236510995,11.3979771897146
9.2687312,11.431637,17.732291,10.404230,17.330870,-0.87241118702618,14.2783600098158
9.2987472,10.880889,18.085364,9.970823,17.777986,-1.66169651969024,17.9509380248255
9.3300016,10.600684,18.281515,9.882172,18.186222,-3.21536295598531,19.7743230854673
9.3699536,10.436426,18.291323,9.793520,18.361180,-4.12800207360575,20.6898148934345
9.4012464,10.262506,18.154017,9.763970,18.448659,-5.52957004758027,21.1463321329013
9.4312496,10.233519,18.055941,9.695019,18.555578,-6.16026653117722,21.4142144198963
9.4625392,10.330142,18.026518,9.695019,18.672217,-6.34944505823434,21.2862936899162
9.5175072,10.339804,18.095171,9.685169,18.779136,-6.42067719048763,21.5351475019501
9.553704,10.533049,18.016711,9.852621,18.584738,-5.88205978363337,20.2157143133472
9.5862512,10.542711,17.908827,9.960973,18.468099,-6.22356857546068,19.5899454126408
9.6237296,10.967849,17.644023,10.266328,18.176502,-5.66763094510367,16.9215509746465
9.6537168,11.093458,17.320373,10.591383,17.952944,-6.80509968723504,14.9737405354542
9.6850256,11.190081,17.104606,10.985389,17.797426,-8.16059291531752,13.1953872727031
9.7249552,11.315690,16.898647,11.310445,17.573868,-8.84941505130165,11.4286519398645
9.7550512,11.431637,16.604420,11.625650,17.466949,-10.3130489242011,9.75538159557003
9.7862656,11.315690,16.437691,11.793102,17.369750,-11.6704776568397,9.20561383872366
9.8174736,11.489610,17.181697,11.871904,17.301710,-8.18909818580146,9.69570463925429
9.8675216,11.595895,17.092432,11.842353,17.428069,-8.48345054716605,9.57468742318877
9.8987456,11.595895,17.171778,11.753702,17.505828,-8.14420272484244,10.0317867104391
9.928784,11.615219,17.082513,11.714301,17.486389,-8.18979197131279,9.90678033244194
9.9812336,11.615219,17.052758,11.645350,17.515548,-8.15447974108934,10.0681463537461
10.010056,11.586233,17.122187,11.586249,17.729386,-8.57473163376876,10.7227640603344
10.0424736,11.566908,17.112268,11.605949,17.768266,-8.90110641066485,10.7673018672298
10.0812384,11.547584,17.102350,11.615800,17.690507,-8.76101069426406,10.6520148040781
10.11624,11.634544,17.161860,11.408946,17.729386,-7.58685491822189,11.0900275121083
10.1527408,11.605557,17.142023,11.369546,17.739106,-7.66022136687181,11.2364771623096
10.186248,11.615219,17.181697,11.408946,17.680787,-7.40423505767214,11.0908066079917
10.222456,11.663531,16.369038,11.290744,17.632187,-9.69354021398761,9.88798815912802
10.2562272,11.663531,16.339615,11.349845,17.622467,-9.99179967868458,9.68367088234764
10.2850416,11.769815,16.516152,11.290744,17.612747,-8.64682161518016,9.84016948678262
10.3349712,11.682855,16.702495,11.093741,17.622467,-7.56352483648774,10.8324796198902
10.3662336,11.566908,16.771149,11.024790,17.690507,-7.74059044063485,11.4945390736438
10.3975392,11.450961,16.898647,10.916438,17.719666,-7.39753649306342,12.2847959948829
10.437464,11.450961,17.065376,10.817937,17.797426,-6.6843351553258,12.9065696551768
10.4687504,11.296366,17.094799,10.729285,17.758546,-6.67702723142387,13.4867924986633
10.4987536,11.267379,17.094799,10.709585,17.729386,-6.60178352573919,13.5612197251427
10.5312608,11.248054,17.153644,10.630784,17.748826,-6.22485946445009,13.9244102080248
10.568704,11.315690,17.212489,10.620934,17.904344,-6.29807054571084,14.1125476044084
10.6000112,11.296366,17.212489,10.640634,17.875185,-6.33551878007502,14.0667953234976
10.6312848,11.325352,17.134029,10.680035,17.982104,-7.07756361315126,13.9425343092504
10.6724672,11.277041,17.183067,10.630784,18.011263,-6.99889468689394,14.3022978944146
10.7025184,11.238392,17.114414,10.512582,18.059863,-7.14441881295344,14.6586840236116
10.7324992,11.151432,17.192874,10.522432,18.127902,-7.47155941856656,15.0732177799953
10.7762688,11.112783,17.183067,10.492882,18.254261,-8.02190967187077,15.4193030959155
10.8149712,11.074134,17.143836,10.512582,18.225101,-8.28461401320201,15.3627317059985
10.8451872,11.035485,17.045761,10.463331,18.254261,-8.73464045517516,15.476995444174
10.8762048,11.054810,16.986915,10.551982,18.273701,-9.29369044894232,15.1481444220431
10.927456,11.112783,17.026146,10.591383,18.225101,-8.88461906201248,14.8921978339838
10.9575056,11.151432,16.957492,10.660334,18.195942,-9.14943886364408,14.4764624733106
10.9899696,11.151432,16.937877,10.719435,18.147342,-9.26437173020302,14.2259071874038
11.0287664,11.228730,16.937877,10.729285,18.079303,-8.74854328335087,13.9065265731512
11.0601056,11.248054,16.888839,10.689885,18.089023,-8.75121325991495,13.8952534857325
11.0899984,11.277041,16.918262,10.758836,18.098743,-8.82223264704501,13.7150175715022
11.1224672,11.296366,16.986915,10.808087,18.108462,-8.70598616222254,13.6679083995032
11.1613008,11.170756,16.888839,10.817937,18.069583,-9.45665860598571,13.740373077168
11.1912128,11.141770,16.898647,10.729285,18.069583,-9.19801099956948,14.045241030678
11.2224768,11.161094,16.839802,10.650484,18.108462,-9.20052614602104,14.1613632753211
11.30624,11.161094,16.986915,10.709585,18.157062,-9.0379410474501,14.3165977528728
11.3337664,11.122445,16.967300,10.611083,18.263981,-9.29375800187793,14.7890072353137
11.3849424,11.161094,16.937877,10.591383,18.293141,-9.29366517893535,14.7417151517284
11.4362208,11.132107,17.045761,10.601233,18.244541,-8.8449007958881,14.8795063633384
11.4712912,11.228730,17.035953,10.551982,18.225101,-8.25387977966675,14.7177691025735
11.5275088,11.170756,17.055568,10.463331,18.273701,-8.25011986776764,15.1848088563631
11.558744,11.141770,17.094799,10.433781,18.302861,-8.20937331816097,15.4340427771286
11.5925296,11.219068,17.055568,10.414080,18.283421,-7.91601173315495,15.2019142822732
11.6312544,11.257717,16.986915,10.492882,18.244541,-8.181410794947,14.747033547105
11.661792,11.248054,16.957492,10.512582,18.273701,-8.51517425997406,14.721802558762
11.692456,11.306028,16.829994,10.630784,18.186222,-8.89775717694692,13.9572090917202
11.7324592,11.373663,16.829994,10.660334,18.098743,-8.42007982398624,13.5831754904362
11.7637504,11.364001,16.761341,10.808087,18.157062,-9.49381572948363,13.2290493137045
11.7925392,11.460624,16.633842,10.916438,18.089023,-9.76320769808522,12.425220977315
11.8250192,11.431637,16.555382,10.945989,18.050143,-10.1430734730214,12.2398556173619
11.8749952,11.431637,16.437691,11.064191,17.991824,-10.8223188853835,11.6755019240526
11.9049584,11.470286,16.388653,11.024790,17.923784,-10.4618074083221,11.4916326395412
11.9362768,11.528259,16.418076,11.123292,17.952944,-10.5990219658312,11.2064858981362
11.9762096,11.528259,16.418076,11.211943,17.943224,-10.8923603644885,10.9777060903556
12.0075232,11.586233,16.339615,11.192243,17.875185,-10.645592192209,10.6521734457471
12.0538384,11.566908,17.132105,11.300595,17.816865,-7.8759990311888,11.5985366845074
12.1074704,11.653868,17.102350,11.300595,17.914064,-8.02118840942269,11.4967094298841
12.1387248,11.721504,17.092432,11.261194,17.865465,-7.47759740829313,11.3384175145554
12.1686976,11.634544,17.082513,11.349845,17.846025,-8.0990621522149,11.2885536837747
12.2112608,11.731166,16.983330,11.389246,17.748826,-7.89421705316987,10.6580702305346
12.23996,11.760153,17.003166,11.359696,17.758546,-7.63662983686421,10.7059322873871
12.2700144,11.789140,16.913901,11.428647,17.719666,-7.97544432708981,10.2723935110282
12.3012416,11.856775,16.884146,11.517298,17.632187,-7.83703752612691,9.71858936060062
12.3412176,11.934073,16.903983,11.527148,17.573868,-7.29167837420515,9.45297044972891
12.3724624,12.001709,16.844473,11.586249,17.573868,-7.48079790383483,9.06181734638197
12.4037616,12.001709,16.775044,11.566549,17.515548,-7.45163668616716,8.90317274915915
12.4437536,11.992047,16.804799,11.645350,17.418349,-7.30758075696676,8.63345056753736
12.4737616,12.107994,16.814718,11.635500,17.389190,-6.69008653812566,8.3556115414182
12.5050096,12.088669,16.794881,11.714301,17.369750,-7.05792060977356,8.15423051219797
12.5400832,12.098331,16.814718,11.674901,17.360030,-6.76444312019848,8.23953686337846
12.5862352,12.088669,16.695697,11.753702,17.291990,-7.28741382853638,7.77621945711452
12.6162496,12.127318,16.705616,11.665050,17.311430,-6.84667346391846,7.93986038825298
12.6475168,12.165967,16.755207,11.724151,17.321150,-6.77268514233927,7.80963348478927
12.7037168,12.175629,16.685779,11.793102,17.340590,-7.3255380760221,7.54695498575733
12.73872,12.165967,16.616350,11.812803,17.321150,-7.62354889281999,7.37918096836342
12.7738112,12.156305,16.656024,11.793102,17.301710,-7.36521699790805,7.47990970712472
12.821224,12.252927,16.745289,11.674901,17.379470,-6.51849990545737,7.80091416902826
12.851256,12.107994,16.765126,11.684751,17.447509,-7.27629917352431,8.25540073554334
12.8812672,12.069345,16.725452,11.615800,17.496108,-7.49468698335577,8.51969973669995
12.9224544,11.982384,16.814718,11.477897,17.573868,-7.26215983981603,9.31271136512906
12.9537632,11.914749,16.933738,11.438497,17.700226,-7.39270259743358,9.95416349005249
12.9837904,11.924411,17.023003,11.359696,17.797426,-7.09045744158715,10.4108716484006
13.0187616,11.905087,17.023003,11.339995,17.690507,-6.69163330881603,10.3343232689645
13.0549744,11.895424,17.023003,11.339995,17.709946,-6.80025898169452,10.3877502686464
13.0862528,11.866438,16.953575,11.359696,17.690507,-7.17025084758619,10.2693306294122
13.1174992,11.982384,16.933738,11.369546,17.671067,-6.77411885869123,9.9110556435489
13.156224,11.963060,16.884146,11.438497,17.554428,-6.85451635116888,9.53023371715419
13.187456,11.992047,16.824636,11.556699,17.525268,-7.30105594684759,9.043851905243
13.2175408,12.079007,16.824636,11.596099,17.466949,-6.904443909761,8.65568791463657
13.2662304,12.146643,16.844473,11.684751,17.389190,-6.6179002015134,8.19975727963925
13.2987488,12.098331,16.675860,11.734002,17.243391,-7.0708419876803,7.6881188134967
13.3587312,12.136980,16.705616,11.714301,17.272551,-6.84914131942946,7.74009543947366
13.4112416,12.243265,16.775044,11.802953,17.262831,-6.48603425539165,7.3871680024542
13.4401744,12.262589,16.695697,11.832503,17.097592,-6.20364682235139,6.87555381887851
13.4724496,12.291576,16.725452,11.812803,17.117032,-5.9833099179697,6.93479169499136
13.5224592,12.310901,16.646105,11.891604,17.048993,-6.24772085454503,6.46768026283166
13.5524816,12.465496,16.586595,11.950705,16.971234,-5.82303280145917,5.75290096624453
13.5837424,12.407523,16.487412,11.970405,16.854595,-6.04676485131685,5.48136597276428
13.6274896,12.417185,16.378310,12.157558,16.805995,-6.93901963851444,4.76966107008074
13.6537296,12.571781,16.328718,12.413662,16.601877,-6.73912214321601,3.41579743108616
13.6849776,12.552457,16.298963,12.512164,16.446359,-6.71018582884539,2.92300787393179
13.7175168,12.620092,16.269208,12.620516,16.407479,-6.82753430087092,2.41343806321046
13.7562272,12.649079,16.338636,12.640216,16.358880,-6.35157062100344,2.3411234039847
13.7875024,12.610430,16.279126,12.630366,16.446359,-7.00814188570018,2.49666850258089
13.8175056,12.610430,16.348555,12.512164,16.485238,-6.45259257184229,2.94472573906146
13.8587104,12.591106,16.358473,12.423513,16.494958,-6.19269833833799,3.21927986791145
13.889968,12.542794,16.437820,12.443213,16.524118,-6.25945259390376,3.46773742678389
13.920048,12.571781,16.467575,12.393962,16.553278,-5.96515356351866,3.61294211778742
13.9650032,12.581443,16.457657,12.364412,16.601877,-6.03731982341143,3.7229199127297
14.0125184,12.542794,16.467575,12.226509,16.669917,-5.88307307756835,4.25111685420868
14.0437648,12.513808,16.556840,12.206809,16.776836,-5.98462235651569,4.69010950253645
14.076288,12.513808,16.566759,12.256060,16.737956,-5.98642379508013,4.53067078791366
14.11628,12.513808,16.596514,12.147708,16.728236,-5.43400018367624,4.80859437198747
14.1450736,12.475159,16.517167,12.049207,16.679636,-5.32081337393294,4.90499475707512
14.1762784,12.552457,16.537003,12.216659,16.708796,-5.6970483414718,4.43361036780087
14.2174768,12.600768,16.606432,12.088607,16.708796,-4.77953099253817,4.72974341179076
14.2499888,12.591106,16.566759,12.118158,16.708796,-5.0735491452438,4.61842783032048
14.279208,12.571781,16.527085,12.108308,16.747676,-5.40175117680054,4.68296307433649
14.3100688,12.571781,16.467575,12.118158,16.669917,-5.36830720886565,4.43018577798455
14.3487616,12.571781,16.517167,12.108308,16.708796,-5.29270577610328,4.60114115789064
14.3800048,12.610430,16.467575,12.187109,16.757396,-5.81094879707903,4.33466233534857
14.4087136,12.629755,16.477493,12.118158,16.718516,-5.29811546693497,4.39777677094913
14.4537696,12.649079,16.457657,12.216659,16.650477,-5.41431015934974,3.98469690923918
14.4912784,12.707052,16.328718,12.275760,16.631037,-5.82717759381619,3.4711840505749
14.5212688,12.716715,16.269208,12.334861,16.611597,-6.16159853903021,3.1832721024375
14.5574864,12.803675,16.209698,12.374262,16.524118,-5.87918670127492,2.65066695402341
14.5999952,12.929284,16.170024,12.374262,16.475518,-5.37683505435111,2.22032562326397
14.6449968,13.170840,15.971657,12.453063,16.436639,-5.36598142224112,1.10426819019311
14.6862784,13.228813,15.872473,12.413662,16.349160,-5.04270677722199,0.73864186384351
14.7162784,13.257800,15.822882,12.443213,15.972327,-3.8045142159801,-0.139974171816597
14.7462368,13.315774,15.832800,12.393962,16.397759,-4.97566506326571,0.606824185057471
14.7802592,13.354422,15.852637,12.462913,16.446359,-5.19973793529326,0.491138598818985
14.830048,13.325436,15.783208,12.462913,16.456079,-5.6014924191482,0.450216800720597
14.8587472,13.325436,15.684025,12.423513,16.436639,-5.75049073261268,0.328759367606716
14.88996,13.325436,15.713780,12.482614,16.407479,-5.75176210675095,0.200690491078635
14.9399568,13.470369,15.545168,12.620516,15.972327,-4.72054102269481,-1.48457110339454
14.972496,13.663614,15.366637,12.659916,15.845403,-4.33382041634836,-2.53716432470422
15.0012704,13.866521,15.138515,12.778118,15.747769,-4.50595128020249,-3.81817324702626
