0.033264,12.703481,17.093537,11.316043,16.718516,1.20579255663302,5.10311523761771
0.0731024,12.751779,17.143142,11.404738,16.689356,1.33112408208026,4.82158856923541
0.101872,12.713141,17.123300,11.306188,16.621317,1.762515563314,4.99301447646375
0.1318032,12.684162,17.133221,11.306188,16.669917,1.50540887993264,5.15579930759669
0.1730624,12.703481,17.192748,11.316043,16.737956,1.4903079027658,5.29700367880663
0.2031056,12.616545,17.172906,11.325898,16.786555,0.878233587615849,5.52165427543605
0.2330496,12.742119,17.172906,11.394883,16.747676,1.21742588310072,5.01039783182625
0.268072,12.635864,17.143142,11.316043,16.669917,1.32804551741529,5.26080293409913
0.3130736,12.655183,17.172906,11.444158,16.718516,0.825382053804822,5.0492447051858
0.3443136,12.713141,17.162985,11.296333,16.786555,1.30625474901062,5.35086549188066
0.3918752,12.655183,17.053852,11.424448,16.689356,0.58065551298244,4.85179770198421
0.4368304,12.713141,16.994325,11.473723,16.679636,0.422855124352229,4.49158284753935
0.4668,12.713141,17.103458,11.522998,16.669917,0.667623526618137,4.54220268783471
0.4980528,12.655183,17.063773,11.483578,16.669917,0.464168964003116,4.70023725335176
0.5381408,12.645524,17.034010,11.503288,16.621317,0.431637565378733,4.5482066124864
0.5682304,12.713141,17.034010,11.454013,16.679636,0.643011032340981,4.60211403305883
0.5980912,12.713141,16.974483,11.522998,16.689356,0.124133580432201,4.36199447190068
0.6318928,12.635864,17.073694,11.473723,16.718516,0.281192102130372,4.86331570883211
0.6705536,12.722800,17.043931,11.454013,16.776836,0.341116258772732,4.75582344959766
0.700584,12.684162,16.974483,11.434303,16.767116,0.0604278204114115,4.75985582567923
0.73432,12.732460,16.994325,11.424448,16.708796,0.570490741207644,4.60831441283687
0.781808,12.713141,16.984404,11.503288,16.679636,0.273184498478897,4.40746783382949
0.813064,12.703481,16.984404,11.582129,16.660197,0.0102251815437624,4.21709544435037
0.8431152,12.684162,16.994325,11.582129,16.660197,-0.0240262620772222,4.27763444933872
0.8868272,12.674502,16.905035,11.532853,16.640757,-0.121784006025403,4.23298603237844
0.9255792,12.674502,16.865350,11.542709,16.611597,-0.192872002402702,4.09632815159389
0.9555968,12.664843,16.905035,11.503288,16.640757,-0.0435310026086944,4.32299285783997
0.9993072,12.693821,17.014167,11.542709,16.660197,0.234558092934289,4.37844456347581
1.0480944,12.713141,17.043931,11.562419,16.718516,0.114253338428178,4.43410717912161
1.0793056,12.742119,17.034010,11.503288,16.582437,0.932730726850686,4.26259156314601
1.1193248,12.722800,17.014167,11.483578,16.650477,0.604419478333002,4.43149323850174
1.1506736,12.761438,17.053852,11.473723,16.621317,1.03901981154557,4.38290420523915
1.1805472,12.780757,17.034010,11.532853,16.601877,0.884434332512606,4.13873938481802
1.2131248,12.771098,17.014167,11.493433,16.514398,1.26628301342093,4.07348392262726
1.2518448,12.819395,17.034010,11.513143,16.494958,1.51235812948369,3.91868143838316
1.2830768,12.858033,17.053852,11.532853,16.494958,1.6479112852347,3.81846690003464
1.3130608,12.819395,17.014167,11.582129,16.485238,1.21186200639839,3.71231659554936
1.35436,12.925650,17.034010,11.513143,16.456079,2.04674436891871,3.61199349422007
1.384296,12.896671,17.043931,11.572274,16.368600,2.08759109275957,3.41444360191457
1.414296,12.887012,17.083616,11.591984,16.378319,2.08213961014223,3.47379832776528
1.4481248,12.906331,17.043931,11.542709,16.368600,2.23693064580899,3.45972180729277
1.4843184,12.838714,16.994325,11.582129,16.397759,1.54755024234469,3.48986354192559
1.5156064,12.906331,17.014167,11.562419,16.426919,1.82758038710365,3.46241652408844
1.5468624,12.858033,17.093537,11.572274,16.407479,1.97684309588572,3.64944653767746
1.5868544,12.848374,17.063773,11.572274,16.426919,1.75932885178694,3.65429848874878
1.6181408,12.829055,17.083616,11.513143,16.436639,1.95220409858849,3.88218664067019
1.6617904,12.819395,17.103458,11.562419,16.436639,1.79854579247314,3.82470737848955
1.693112,12.838714,17.103458,11.542709,16.485238,1.75682346192888,3.90605898376477
1.7305632,12.800076,17.043931,11.493433,16.485238,1.59199877496353,4.00819275860264
1.761856,12.713141,17.083616,11.454013,16.504678,1.49790271597854,4.39549713492017
1.8068416,12.742119,17.162985,11.444158,16.524118,1.85332754125285,4.51456911776707
1.8530896,12.761438,17.182827,11.463868,16.592157,1.65610706139395,4.5696389731514
1.8843696,12.742119,17.133221,11.434303,16.514398,1.82136271211085,4.4721253803483
1.9194528,12.790417,17.083616,11.444158,16.533838,1.70334719017682,4.28905653106949
1.955592,12.732460,17.103458,11.385028,16.572718,1.6435919677678,4.65451871685153
1.9868304,12.771098,17.133221,11.463868,16.621317,1.39941545990433,4.5139465571945
2.0181296,12.751779,17.162985,11.414593,16.631037,1.58959090240993,4.73591941640348
2.058096,12.655183,17.113379,11.355463,16.660197,1.17539618796473,5.06053871755025
2.0880704,12.664843,17.212591,11.385028,16.699076,1.30630670673304,5.19606884270665
2.1194944,12.655183,17.202669,11.385028,16.640757,1.46021467101713,5.10679905446136
2.1493328,12.722800,17.182827,11.355463,16.592157,1.93510649900924,4.90709549717256
2.2018256,12.703481,17.083616,11.444158,16.582437,1.20050156243846,4.56857213855685
2.231824,12.713141,17.093537,11.444158,16.601877,1.1965821017926,4.59473501082404
2.2618608,12.713141,17.063773,11.454013,16.592157,1.08801242720051,4.50709332116424
2.333032,12.722800,16.974483,11.493433,16.572718,0.72135687923256,4.21496352401218
2.3630816,12.761438,17.043931,11.513143,16.621317,0.851375063329145,4.27636102311982
2.3981728,12.674502,17.034010,11.473723,16.592157,0.76329004343777,4.50147925881259
2.4343472,12.664843,17.024089,11.404738,16.699076,0.545878005321685,4.8420067084466
2.4655584,12.568248,17.182827,11.424448,16.747676,0.50945666849636,5.35850652433838
2.4955568,12.587567,17.242354,11.404738,16.805995,0.647602103359647,5.55116069969613
2.5368624,12.597226,17.232433,11.375173,16.708796,1.13375718621,5.42280542428951
2.566808,12.539269,17.172906,11.335753,16.776836,0.596765207468276,5.66172085520268
2.5980912,12.519950,17.232433,11.286478,16.747676,1.0452278710514,5.87008897527621
2.6293984,12.558588,17.272118,11.266768,16.883754,0.881550037636996,6.11105810430912
2.6693328,12.510291,16.388653,11.247057,16.825435,-2.25156266095877,4.72263904794667
2.6993632,12.558588,16.349423,11.286478,16.805995,-2.29461310032602,4.42022258748884
2.7305488,12.510291,16.418076,11.247057,16.757396,-1.87881074926175,4.65814984492538
2.7705472,12.452333,16.418076,11.197782,16.796275,-2.05566872892484,4.9737386209872
2.8021504,12.461993,16.496536,11.138652,16.903194,-1.91043667714958,5.39771832560229
2.8330816,12.423355,16.437691,11.128797,16.805995,-1.86141599707284,5.2524203565285
2.8655456,12.423355,16.467114,11.069667,16.805995,-1.52183673331524,5.44043610136372
2.9143136,12.471652,16.339615,11.099232,16.864315,-2.15957725750647,5.14218206648264
2.9655488,12.558588,16.427883,11.118942,16.854595,-1.5421245397054,5.02305933555257
3.0055344,12.568248,16.349423,11.168217,16.835155,-1.91465409087365,4.72211351115706
3.0368464,12.568248,16.359230,11.168217,16.757396,-1.57703796571682,4.60847539294435
3.0681552,12.577907,16.349423,11.197782,16.728236,-1.57916276118119,4.45160303859529
3.0980656,12.597226,16.329808,11.227347,16.679636,-1.50648527921717,4.22306535881606
3.149384,12.548929,16.339615,11.306188,16.689356,-1.99345679363537,4.18477361008312
3.1793072,12.645524,17.301881,11.325898,16.699076,1.78718871021296,5.52229392094905
3.210544,12.664843,17.252275,11.296333,16.737956,1.64184097303839,5.52848692793425
3.2605792,12.597226,17.301881,11.306188,16.786555,1.35146831445176,5.82132680548984
3.2905904,12.606886,17.202669,11.316043,16.815715,0.876955283262926,5.6625673245771
3.3306304,12.587567,17.202669,11.306188,16.786555,0.9569411945021,5.68261321199163
3.3830432,12.539269,17.242354,11.306188,16.757396,1.03798838607144,5.81152279863737
3.4117888,12.635864,17.272118,11.266768,16.815715,1.42306769771413,5.82215573219543
3.4532384,12.606886,17.242354,11.355463,16.796275,0.944056461423933,5.60444582301871
3.4943088,12.597226,17.182827,11.325898,16.737956,1.03124577778741,5.50327483792732
3.5243584,12.587567,17.182827,11.276623,16.786555,0.998762534372215,5.71876456715266
3.5556016,12.626205,17.192748,11.355463,16.737956,1.05854852368431,5.38426796741389
3.6081072,12.645524,17.182827,11.375173,16.689356,1.20390223704089,5.19877119379553
3.6455872,12.732460,17.143142,11.424448,16.650477,1.33503095488039,4.75696920617063
3.6755728,12.703481,17.113379,11.335753,16.669917,1.38928715548856,5.01057988233424
3.7180912,12.800076,17.153064,11.414593,16.572718,1.95330739146149,4.51314395725733
3.7480656,12.732460,17.103458,11.424448,16.621317,1.30366501040918,4.6439256136765
3.7781168,12.751779,17.113379,11.404738,16.562998,1.71088269672331,4.56519137582714
3.810568,12.790417,17.192748,11.414593,16.582437,2.02409242414015,4.61644709615767
3.8605984,12.732460,17.182827,11.414593,16.601877,1.70397203212266,4.76496143004221
3.8893184,12.761438,17.133221,11.385028,16.621317,1.66847277069543,4.71679598702544
3.9218528,12.693821,17.143142,11.365318,16.650477,1.42308642075548,4.98166044953559
3.9706784,12.722800,17.202669,11.355463,16.621317,1.89406717439289,4.98740203619577
4.001856,12.684162,17.172906,11.335753,16.621317,1.72283387668934,5.07300940386033
4.0319216,12.655183,17.232433,11.296333,16.679636,1.76033943604007,5.42347020505052
4.0831152,12.674502,17.242354,11.325898,16.699076,1.6768296483897,5.35855840213875
4.1144144,12.587567,17.262196,11.325898,16.757396,1.2092235130359,5.6863974693879
4.14432,12.500631,17.252275,11.256913,16.728236,1.23634876115704,5.98425502271445
4.1855984,12.587567,17.291960,11.168217,16.776836,1.85062923324511,6.1315717152641
4.2355776,12.471652,17.291960,11.187927,16.815715,1.20381093821024,6.41832715992726
4.2668704,12.510291,16.437691,11.247057,16.854595,-2.18043103264089,4.85296058348892
4.3068704,12.461993,16.339615,11.227347,16.815715,-2.50318559069978,4.78338822082551
4.3381264,12.433014,16.398461,11.148507,16.874035,-2.31178410447669,5.2313903869527
4.3680928,12.433014,16.467114,11.207637,16.961514,-2.61914103850699,5.35186340096159
4.4006464,12.471652,16.369038,11.168217,16.864315,-2.31577376684425,5.0294122548467
4.4405872,12.461993,16.329808,11.197782,16.718516,-2.04971146593756,4.67342694088609
4.4705888,12.471652,16.408268,11.207637,16.767116,-1.94536342668664,4.84041025415623
4.5018976,12.510291,16.418076,11.247057,16.747676,-1.84124235988394,4.64190395228679
4.5418736,12.558588,16.378845,11.247057,16.776836,-1.91999311900757,4.51244316211854
4.5718336,12.519950,17.301881,11.247057,16.728236,1.52467272291986,6.04280229270048
4.603272,12.529610,16.369038,11.148507,16.796275,-1.75920777296754,4.82633244298894
4.6343376,12.500631,16.329808,11.187927,16.757396,-2.01703619988425,4.67120696326029
4.6756048,12.539269,16.388653,11.197782,16.835155,-1.99049228381819,4.78622698936016
4.706848,12.471652,16.408268,11.178072,16.767116,-1.83092896612464,4.90962900188242
4.7357424,12.471652,16.427883,11.148507,16.747676,-1.56751282844267,4.97921255150407
4.7868224,12.413695,16.535767,11.138652,16.796275,-1.53091749817373,5.39881751384478
4.816864,12.404036,16.555382,11.118942,16.815715,-1.49266207584443,5.53258494468517
4.8618544,12.404036,16.633842,11.089377,16.903194,-1.42398762276116,5.87619937003762
4.9068272,12.365398,16.722111,10.990827,16.951794,-1.04593236392866,6.42413500392641
4.9380928,12.307441,16.643650,10.872566,16.825435,-0.603176907622862,6.50530262975163
4.9681616,12.268802,16.673073,10.951406,16.893474,-1.20990003094665,6.57005721140483
5.0033872,12.346079,16.712303,10.872566,16.922634,-0.581971066208609,6.68591213809006
5.0393664,12.288121,16.790764,10.921841,16.951794,-0.810548604518217,6.88242692313892
5.070056,12.326760,16.751533,10.902131,16.922634,-0.622883621668707,6.72581912816808
5.0993248,12.336419,16.663265,10.882421,16.922634,-0.839109124327768,6.60506547662471
5.1505472,12.346079,16.682880,10.902131,16.961514,-0.957696665910509,6.63129416334018
5.1831376,12.346079,16.731918,10.931696,16.922634,-0.738890553772205,6.57789951806641
5.2118592,12.317100,16.712303,10.852856,16.961514,-0.76452201491301,6.86513414105753
5.2530816,12.278462,16.731918,10.852856,16.942074,-0.759799829669261,6.95729044516159
5.2831152,12.288121,16.731918,10.892276,16.951794,-0.914904957737676,6.85650507182313
5.3143264,12.288121,16.790764,10.852856,16.990673,-0.6936210283281,7.10960110278198
5.3443648,12.268802,16.771149,10.823291,17.010113,-0.799234960183893,7.22561778335606
5.3843024,12.346079,16.761341,10.882421,16.961514,-0.589076408416887,6.80631350799193
5.4155504,12.278462,16.741726,10.892276,16.980954,-1.02761121439525,6.94309379161541
5.445568,12.201186,16.780956,10.882421,16.971234,-1.09354621151872,7.19848646941426
5.4943808,12.288121,16.712303,10.882421,17.058713,-1.36462534531699,7.02238183558411
5.5493056,12.249483,16.702495,10.843001,17.087872,-1.50580432861556,7.23950674224206
5.578112,12.239824,16.673073,10.872566,16.951794,-1.23852454700424,6.92199323543905
5.6181104,12.210845,16.702495,10.882421,17.058713,-1.69006848627923,7.19017117778673
5.6480896,12.162548,16.761341,10.862711,17.194791,-2.1003788426441,7.66856281468035
5.678112,12.220505,16.741726,10.892276,17.185072,-2.03353028652685,7.4127015031499
5.7092928,12.230164,16.574997,10.990827,17.107312,-2.70219201784332,6.75786817760524
5.7605792,12.288121,16.496536,11.010537,16.942074,-2.21724613623007,6.17349000841427
5.7906256,12.442674,16.378845,11.394883,16.679636,-2.54972726997218,4.27522356754992
5.8268416,12.674502,16.349423,11.611694,16.436639,-1.69135185004052,2.7778841165755
5.8606064,12.829055,17.272118,11.789084,15.637946,4.6715892948167,2.23125817304669
5.8906224,12.925650,17.182827,11.828504,15.433122,5.35108084996746,1.42182998634789
5.92184,12.877352,17.222512,11.877780,15.374601,5.35681568533815,1.38730985305788
5.9630608,12.703481,16.427883,11.818649,15.472136,1.67036815939578,0.706576181860827
5.9943856,12.346079,16.673073,11.739809,15.667207,0.793358124205035,2.47634735262156
6.025624,11.892081,16.928070,11.355463,15.872031,0.759892441280173,5.22942120121089
6.0593552,11.186936,17.339988,11.079522,16.446359,-1.52574223940399,9.22878673607154
6.095584,10.472131,17.585177,10.774016,16.417199,-1.99827724929832,12.1209257180431
6.1368272,10.365876,17.585177,10.675466,16.475518,-2.24866730033036,12.7352747227374
6.1731008,9.786305,17.761714,10.222134,16.844875,-3.48542444211698,16.2709431029747
6.2080976,9.428902,17.634215,9.729382,16.903194,-3.65626662736088,18.4507155638989
6.2380896,9.351626,17.732291,9.601267,16.407479,-1.00789221967095,18.4087765591888
6.2699872,9.593114,17.693061,9.680107,16.378319,-0.40936128806008,17.4240587684885
6.3093568,9.515838,17.742099,9.709672,17.651627,-5.80190854877307,19.5455991703367
6.340592,9.390264,17.899020,9.522427,18.672217,-8.92494020711255,22.0817908246283
6.370656,9.052181,18.144209,9.305616,19.576168,-11.8989690389496,25.1614101370581
6.4043216,8.723757,18.085364,9.088805,20.334321,-15.4563901938108,27.5766290447392
6.4418704,8.501588,18.369784,8.714314,20.830036,-15.6499739677833,30.2228709439226
6.4730896,8.173164,17.349796,8.270837,19.974684,-16.3546553053529,30.070491326555
6.5033952,8.028272,16.800571,8.231417,19.663647,-17.9830153066217,29.4860515585525
6.5372672,8.134526,16.339615,8.546778,19.848325,-21.4485730358961,27.8611148665928
6.5743712,7.255510,15.565678,7.827361,17.690507,-17.4700345899073,28.6585577608843
6.6043888,7.033341,15.575599,7.778086,19.022133,-23.7574576818585,31.4519197686084
6.6356336,7.999293,15.575599,8.822719,18.516698,-21.3998752505432,24.4688159834413
6.6868544,8.636822,14.702537,8.980400,15.911045,-12.3592519685616,16.51832550497
6.7181456,9.998814,14.920803,9.896918,16.912914,-13.3031970884787,12.108293267703
6.7480912,10.665322,15.397018,10.153149,17.048993,-10.0250633369286,10.6856724331297
6.801896,11.969357,13.918766,9.916628,14.974706,-1.14235677180543,1.53150112508419
6.8393712,14.442195,14.980330,11.434303,16.689356,-0.505614244853184,-2.72391719680904
6.8680736,16.704217,16.210554,12.951978,16.465799,6.75392679205868,-8.67675839433978
6.909368,19.470577,16.624035,14.834290,17.428069,6.74530020852572,-14.6218605916391
6.939368,23.149452,18.546320,16.905637,18.361180,12.6928033764354,-18.8626569186698
6.9693888,26.741879,19.291696,19.541005,18.419499,15.4166420684867,-25.8341501925018
7.0043824,28.912703,19.536885,21.434566,18.302861,15.9962430826922,-30.3688911203224
7.0406432,32.053675,20.713794,23.738073,18.302861,19.1024108179533,-34.3711161024553
7.071872,35.924658,20.223416,26.988360,17.564148,19.5375462808407,-42.6440711222931
7.10344,37.989823,20.694179,29.301628,17.505828,18.9820220345941,-45.6381729022198
7.1430704,39.228922,25.352778,30.180084,21.607628,18.4104332389651,-36.1918447967002
7.174368,47.057338,24.842784,37.549354,21.568749,15.7293445028699,-47.4342357469148
7.204384,49.381849,21.498400,40.819162,19.061013,12.820619699396,-57.479031000276
7.2372704,39.478663,12.271853,35.577708,10.829459,6.39327732051093,-74.5407523375132
7.2743792,2.338812,0.177961,6.368816,1.095443,-112.708824584576,-99.1115487637225
7.30692,0.059165,0.058907,0.091159,0.061569,0,0
7.3356272,0.175079,0.168040,0.179854,0.071323,0,0
7.3768352,0.175079,0.068828,0.110869,0.120090,0,0
7.4268592,0.088143,0.068828,0.091159,0.090830,0,0
7.4581248,0.068824,0.009301,0.061594,0.071323,0,0
7.4993408,0.049505,0.098592,0.061594,0.003048,0,0
7.5306464,0.088143,-0.010541,0.091159,0.022555,0,0
7.5606464,0.010867,-0.000620,0.022174,0.003048,0,0
7.5931216,0.030186,0.009301,0.002464,-0.055473,0,0
7.631896,0.001207,0.078749,0.051739,-0.006706,0,0
7.6630752,-0.008452,0.029143,0.061594,0.032309,0,0
7.6931872,0.010867,-0.377624,0.495215,1.456323,-322.09899038249,26.990391035844
7.7343488,31.390901,17.232433,41.482885,22.190822,-34.4081542883983,-48.1581237283953
7.7643696,53.704287,27.932171,60.525859,25.174833,-10.6504865795988,-55.8410366254205
7.7956368,48.209988,19.585923,56.299509,20.761996,-19.2403088266121,-64.6942511792528
7.8281312,44.675194,17.899020,52.746643,21.403510,-23.7224424296913,-62.6598716318201
7.8769056,34.157261,16.627242,40.828923,21.763147,-27.9395214479907,-50.9973495655451
7.9068736,28.211508,14.920803,33.362047,21.374350,-31.0621496099256,-43.6452586074412
7.9393824,20.997839,11.934534,24.928869,19.819166,-38.3231659566874,-34.9999430123051
7.988112,7.071979,4.682167,10.980972,13.423896,-81.1376669562217,-14.032872896632
8.0184096,1.044436,2.697935,4.565344,10.371043,-135.138754869817,31.3245731001712
8.0668528,0.474524,3.620603,2.821003,11.629248,-126.278621586754,59.2839061942154
8.1121856,2.464386,16.535767,4.456939,22.608778,-43.2986759250262,65.5430321536848
8.140656,4.521864,22.851846,6.703887,29.568230,-35.661348495481,59.585393415719
8.1718864,5.709986,27.255448,6.950263,31.463611,-21.9178204263255,59.3602721730014
8.221856,5.178712,23.999333,6.398381,27.478451,-21.5255653650308,57.9380891828599
8.2537376,4.869607,19.115159,6.575771,20.013564,-16.5419600443908,48.2012047279727
8.283128,5.429860,18.703241,7.068523,18.584738,-12.0027387496884,42.5624895342365
8.3230832,6.279898,19.860535,7.709100,17.262831,-0.442700143867626,37.3981100571447
8.3545104,7.854400,21.576861,8.635473,16.942074,9.77498940038805,31.4526008622379
8.384344,8.366355,22.449735,8.655184,17.078153,14.0671707102716,31.1710266986353
8.4169184,8.598183,22.508581,8.221562,16.825435,17.9711427623463,31.5067982128461
8.454432,8.733417,22.753770,7.699245,16.835155,21.4774122536796,32.9210472853187
8.4856672,9.235712,23.312802,7.541565,16.883754,25.4758596230056,32.6597477520089
8.5155984,9.824943,23.420686,7.787941,16.893474,26.6162038093024,30.4756229150874
8.560768,10.211324,22.871461,8.172287,16.786555,24.9107681196728,27.5848978329174
8.5981104,10.790895,21.076675,8.605908,15.589178,24.2370164554003,20.915236896413
8.6309744,11.042043,20.105725,9.009965,15.286819,21.3595345030882,17.3414789902882
8.6631488,11.293191,19.782075,9.246486,15.286819,20.0775143696451,15.585207600266
8.712136,11.863102,18.487474,10.143294,14.984460,14.9894733637861,9.35971033551586
8.74188,12.471652,17.536140,10.705031,14.779636,12.2544612573682,4.57441715736363
8.7756352,12.944969,16.692688,11.503288,14.652840,8.11738508451112,-0.107556289930137
8.8131392,13.398967,17.073694,12.065025,14.789389,8.27237787448459,-1.47515936041108
8.8433744,14.200707,15.833549,13.080094,14.574812,3.53719714195075,-8.01992734332025
8.8768944,14.538790,15.158911,13.592556,14.301713,1.38727060524095,-11.5690944112019
8.915592,14.625726,14.851355,13.710816,14.165164,0.651737984582236,-12.8487424476013
8.9443968,14.905852,14.196558,14.026177,14.106643,-1.72459225188403,-15.4528116471863
8.9756336,15.041086,13.928687,14.430233,14.126150,-3.83640732232845,-17.0073770410435
9.0081344,15.166660,13.730264,14.578059,14.067629,-4.44694418315221,-18.0572596091566
9.045584,15.147340,13.621131,14.716029,14.087136,-5.52266718417909,-18.4677333015482
9.0768912,15.224617,13.283812,14.903275,14.038368,-7.02476642366966,-19.7677869933275
9.1081376,15.089383,13.095310,14.991970,14.009108,-8.48295803494189,-20.1348553016089
9.1480912,14.992788,12.936571,15.090521,14.067629,-10.0522933487924,-20.3491019300255
9.179352,14.886533,12.966335,15.041246,14.184671,-10.6001781384195,-19.7462049756512
9.2093792,14.818917,12.896886,15.001825,14.448016,-11.9594196954531,-19.1376546440286
9.2431296,14.616067,12.877044,14.962405,14.574812,-13.1520898860728,-18.4512937063426
9.2818544,14.519471,12.857202,14.863855,14.984460,-14.7431925223861,-17.2715304973047
9.313144,14.432536,12.936571,14.755450,15.121009,-14.8748862258854,-16.4514355029538
9.3630816,14.326281,13.174679,14.785015,15.345340,-15.2698865834927,-15.3699225311225
9.403144,14.210367,13.363181,14.607624,15.481890,-14.8385712244885,-14.1467869489749
9.4343744,14.065474,13.670737,14.302118,15.725728,-13.9812611603475,-12.1697965389202
9.4844192,13.959219,13.928687,14.154293,15.911045,-13.526582742035,-10.8046710702341
9.5256336,13.775688,14.077504,13.967047,16.407479,-14.7669230459347,-8.8314661091495
9.5569152,13.737050,14.037820,13.878352,16.456079,-14.928450974841,-8.55323049208375
9.588144,13.495562,14.166795,13.779801,16.543558,-15.3275266000769,-7.44712959408504
9.6281408,13.398967,14.385060,13.612266,16.718516,-14.8798407800755,-6.17264146843954
9.6581248,13.283052,14.623168,13.454585,16.767116,-14.0163083218744,-5.07559237152572
9.689376,13.244414,14.682695,13.188499,16.708796,-12.7687617815567,-4.42455754097695
9.7243488,13.234755,14.712459,13.050529,16.786555,-12.4729654188163,-3.91439318874841
9.76188,13.109181,15.010093,12.764733,16.864315,-11.0523801110268,-2.35484800266956
9.79188,13.080202,15.248201,12.636617,17.019833,-10.3507738012334,-1.32043517377616
9.8218832,12.973948,15.446624,12.557777,17.097592,-9.99537414092066,-0.435173009775147
9.8630848,12.935310,15.377176,12.488792,17.058713,-10.0133828303619,-0.385185142856157
9.8943824,12.838714,15.416861,12.459227,17.155912,-10.4784598592301,0.130427538180715
9.9243904,12.877352,15.496230,12.419807,17.136472,-9.81226437449305,0.235269570585803
9.9693632,12.819395,15.486309,12.390241,17.175352,-10.105520296331,0.479331891856061
10.0155856,12.732460,15.605363,12.252271,17.291990,-9.90472024921315,1.38375574203957
10.0468336,12.626205,15.704574,12.124156,17.360030,-9.71136626186462,2.19376748404546
10.0793872,12.674502,15.803786,12.035460,17.330870,-8.71595065359592,2.40303667622547
10.116848,12.577907,15.843471,11.867925,17.418349,-8.63700394843019,3.21543667892308
10.1481008,12.519950,15.972446,11.749664,17.534988,-8.36091466221498,4.02683495171931
10.1781472,12.461993,16.022052,11.779229,17.573868,-8.64529850657284,4.23826826035664
10.2281056,12.606886,16.081578,11.789084,17.534988,-7.76425982599808,3.91900099268785
10.259376,12.519950,16.041894,11.808794,17.505828,-8.20814012074894,3.95841190018731
10.2894176,12.519950,15.972446,11.838360,17.418349,-8.2575914631203,3.63031342900047
10.3343408,12.577907,15.893076,11.927055,17.379470,-8.52308292187501,3.09887469185336
10.3619232,12.568248,15.843471,12.005895,17.466949,-9.36102517695635,3.00522288744307
10.3906192,12.568248,15.783944,11.996040,17.389190,-9.26581956308403,2.7974632327551
10.4244224,12.568248,15.744259,11.996040,17.350310,-9.27412035461405,2.66529088411083
10.4631184,12.558588,15.783944,12.005895,17.330870,-9.12406845076624,2.69894044765708
10.4931376,12.645524,15.813707,12.005895,17.360030,-8.78690338404607,2.60108795487112
10.5243808,12.616545,15.783944,12.045315,17.301710,-8.94084119207092,2.42917916414923
10.5655824,12.606886,15.783944,12.163576,17.301710,-9.41286181276668,2.18397639967955
10.5968992,12.597226,15.793865,12.094590,17.301710,-9.15821052691647,2.37817971388415
10.6368608,12.587567,15.704574,12.143866,17.321150,-9.78866612855839,2.17079582566768
10.671104,12.635864,15.714496,12.163576,17.301710,-9.56722089418801,2.00136879273463
10.7068912,12.626205,15.833549,12.084735,17.321150,-8.93208042575388,2.43456670049952
10.7383008,12.587567,15.823628,12.114300,17.340590,-9.29707943768356,2.47106534774534
10.768088,12.645524,15.704574,12.202996,17.311430,-9.74853050601536,1.89059389015972
10.8180928,12.626205,15.625205,12.212851,17.204511,-9.7694160583475,1.5956660447512
10.8494704,12.558588,15.664890,12.232561,17.214231,-9.9846450955949,1.78761604239383
10.8806224,12.722800,15.674811,12.202996,17.253111,-9.35329953932633,1.56776162537308
10.9305952,12.645524,15.754180,12.183286,17.321150,-9.52272448264821,2.03518848344347
10.9619264,12.626205,15.625205,12.232561,17.350310,-10.3764635155476,1.79900075048231
10.9931392,12.645524,15.684732,12.193141,17.340590,-9.8950407557048,1.92851571763668
11.0306416,12.597226,15.704574,12.173431,17.311430,-9.8245824071228,2.0658805809657
11.073168,12.481312,15.853392,12.084735,17.379470,-9.6230245678291,2.89371531860344
11.1046432,12.510291,15.754180,12.114300,17.398909,-10.0713780449058,2.62708835666434
11.1393872,12.471652,15.843471,11.986185,17.428069,-9.51422453031234,3.20436880107586
11.1756288,12.481312,15.813707,12.074880,17.447509,-9.98814566182267,2.96358485235817
11.2056512,12.442674,15.932761,12.094590,17.486389,-9.8955895932768,3.27030395415442
11.2369136,12.442674,15.902998,12.055170,17.457229,-9.7579965758216,3.26157174795367
11.2881056,12.452333,15.774023,12.114300,17.505828,-10.6086253074145,2.97110413369742
11.3181008,12.433014,15.793865,12.153721,17.369750,-10.2529845626236,2.73055687915588
11.3494112,12.500631,15.734338,12.202996,17.360030,-10.3668414590476,2.34946264543113
11.3906192,12.481312,15.694653,12.104445,17.408629,-10.4102111375236,2.63125934329025
11.4212208,12.558588,15.654969,12.262126,17.340590,-10.594074518774,1.9185338995044
11.4519152,12.597226,15.694653,12.262126,17.330870,-10.2586139436825,1.88234892698512
11.4856256,12.684162,15.754180,12.252271,17.330870,-9.66387611026706,1.80999399402559
11.52316,12.742119,15.436703,12.340966,17.087872,-10.089988388199,0.525667086649049
11.5548144,12.858033,15.377176,12.400096,17.048993,-9.94811903808569,-0.0343118087001137
11.5844256,12.877352,15.357334,12.449372,17.058713,-10.1666629136867,-0.204064800897173
11.6194096,12.964288,15.387097,12.478937,17.000393,-9.61487006102976,-0.511295486242663
11.6568896,12.973948,15.287886,12.508502,17.010113,-10.1012887011909,-0.753341930473107
11.6869376,13.051224,15.188674,12.587342,16.922634,-10.1536295176389,-1.42293452544207
11.7169424,13.089862,15.168832,12.646472,16.893474,-10.1914699967092,-1.72319977437464
11.768112,13.118841,15.129147,12.656327,16.951794,-10.4818771461425,-1.77539313807388
11.7993984,13.225095,14.990251,12.754878,16.903194,-10.7893262357321,-2.55186989378058
11.8293968,13.176798,15.069620,12.705603,16.874035,-10.3837557735249,-2.25098656832782
11.8731136,13.167138,14.990251,12.754878,16.825435,-10.7277603057595,-2.56358759089895
11.9218288,13.215436,15.020014,12.754878,16.932354,-10.8185840322645,-2.42679654377747
11.9519744,13.196117,14.980330,12.666182,16.912914,-10.650115426402,-2.29622444134769
12.0019296,13.138160,14.970409,12.705603,16.874035,-10.9130241146466,-2.34213459362375
12.0330848,13.109181,15.168832,12.695747,16.951794,-10.5108897097222,-1.77075811506349
12.0631808,13.089862,15.158911,12.616907,17.029553,-10.6188721009972,-1.43738726293275
12.1043936,12.993267,15.139068,12.607052,17.078153,-11.2069806335828,-1.15364561761072
12.1343472,12.925650,15.218438,12.518357,17.097592,-10.9091295881299,-0.637128954477792
12.1643392,12.848374,15.317649,12.488792,17.146192,-10.8943532121017,-0.144495800590228
12.1968976,12.915991,15.397018,12.498647,17.204511,-10.5798455413736,-0.0782990730270008
12.2343472,12.896671,15.317649,12.478937,17.097592,-10.4953979968996,-0.313727367327509
12.2656368,12.915991,15.406940,12.429662,17.107312,-9.93490512171616,-0.0762010810782776
12.2968752,12.829055,15.277965,12.508502,17.136472,-11.157666158935,-0.230861102513877
12.336872,12.964288,15.327570,12.478937,17.117032,-10.2695626732393,-0.412329076658333
12.3668496,13.012586,15.297807,12.547922,17.039273,-10.1666254605449,-0.857294208820361
12.3968992,13.031905,15.248201,12.597197,16.922634,-10.0358133353179,-1.29792925948853
12.4306576,13.089862,15.089463,12.567632,16.932354,-10.3493197035999,-1.62158855910766
12.4668448,13.138160,15.178753,12.587342,16.883754,-9.71629545014112,-1.69913758232372
12.498128,13.176798,15.148990,12.636617,16.864315,-9.79187669025672,-1.97781857277877
12.5418656,13.234755,15.109305,12.685892,16.805995,-9.68891856356369,-2.38430865567221
12.5906784,13.254074,15.059699,12.656327,16.805995,-9.69607381905548,-2.44973017557581
12.6207056,13.225095,15.079541,12.666182,16.864315,-9.98108529485006,-2.26996421768784
12.651904,13.254074,15.059699,12.695747,16.805995,-9.84075470671728,-2.53547023024593
12.6918816,13.292712,15.049778,12.695747,16.747676,-9.51694422449693,-2.740344745111
12.7243888,13.321691,15.010093,12.725313,16.796275,-9.84470826802609,-2.85150084509092
12.7531952,13.331350,15.029936,12.695747,16.747676,-9.44520589207347,-2.85940366483745
12.7856128,13.341010,15.000172,12.754878,16.825435,-10.0238466521137,-2.92319634023631
12.8243936,13.292712,15.099384,12.685892,16.737956,-9.25574467955063,-2.64821942551902
12.8556752,13.205776,15.109305,12.695747,16.844875,-9.97825955425551,-2.27405294727375
12.8868752,13.254074,15.069620,12.725313,16.786555,-9.83997693633211,-2.61655160139003
12.9280816,13.234755,15.139068,12.715458,16.825435,-9.75500409931198,-2.36172329876069
12.9706192,13.263733,15.168832,12.735168,16.796275,-9.49659279905038,-2.46636114407086
12.999424,13.225095,15.000172,12.666182,16.699076,-9.67776829535929,-2.70349064273328
13.0343744,13.254074,15.020014,12.666182,16.621317,-9.20383105602378,-2.8698061824442
13.070608,13.273393,15.089463,12.676037,16.786555,-9.50964614975186,-2.51635042067895
13.1068928,13.312031,15.129147,12.735168,16.737956,-9.24990326466584,-2.74427415765517
13.1418832,13.418286,15.049778,12.715458,16.631037,-8.68168807638488,-3.26248767194958
13.1956016,13.360329,15.059699,12.745023,16.592157,-8.83009987653254,-3.25274484455927
13.2231328,13.389307,15.069620,12.735168,16.757396,-9.25374345743876,-2.98249856424698
13.2568656,13.379648,15.089463,12.685892,16.728236,-8.92684107079804,-2.87155086968009
13.3056384,13.312031,15.099384,12.705603,16.737956,-9.25460156710284,-2.7329172011752
13.3356656,13.341010,15.079541,12.754878,16.631037,-9.00773433870982,-3.12760411535493
13.3656432,13.437605,15.029936,12.764733,16.621317,-8.82945086285131,-3.46328350173218
13.406984,13.408626,14.990251,12.804153,16.708796,-9.55709335925375,-3.40055102520178
13.4369584,13.398967,14.960488,12.784443,16.640757,-9.38519640118539,-3.51179083296432
13.4681392,13.389307,14.881118,12.873138,16.621317,-9.97980515535319,-3.85911201745331
13.4994368,13.408626,14.841434,12.882993,16.640757,-10.1651922634966,-3.95822431033613
13.5393728,13.495562,14.861276,12.951978,16.621317,-9.93841928412355,-4.29190527533885
13.5706496,13.466583,14.752143,12.922413,16.631037,-10.3940489940429,-4.34546022728401
13.6006464,13.466583,14.742222,12.991398,16.592157,-10.5422491648367,-4.58124434362204
13.6418688,13.495562,14.732301,13.040674,16.592157,-10.6492342011939,-4.76633087417016
13.6722112,13.611476,14.662853,13.119514,16.601877,-10.7941330657172,-5.28852238163109
13.7031104,13.572838,14.603326,13.168789,16.446359,-10.782976674308,-5.70218592287972
13.7331552,13.717731,14.504114,13.119514,16.368600,-10.1426298886021,-6.22867633639764
13.7744224,13.746710,14.424745,13.218064,15.901291,-8.97428548998883,-7.51192305969271
13.8256112,13.872283,14.434666,13.218064,16.397759,-10.2844254759765,-6.83539915189423
13.8606528,13.891602,14.434666,13.316615,16.407479,-10.6054181085577,-7.06397182480637
13.8968624,13.881943,14.285849,13.257484,16.397759,-10.9614925858365,-7.21285602419506
13.9281328,13.766029,14.355297,13.218064,16.378319,-10.9251664713705,-6.79452630318881
13.9581536,13.766029,14.494193,13.218064,16.475518,-10.746856415929,-6.36027720828963
14.0106848,13.688752,14.543799,13.119514,16.475518,-10.4931774874451,-5.89875245593092
14.0394224,13.543860,14.523957,12.971688,16.582437,-10.9766368734757,-5.11773436417593
14.0693536,13.495562,14.593405,12.981543,16.699076,-11.3571543033606,-4.69787025977021
14.111872,13.495562,14.742222,13.030819,16.815715,-11.3885580427173,-4.32506875058153
14.1406336,13.398967,14.742222,12.971688,16.825435,-11.5799864753671,-3.97465103208475
14.1731168,13.369988,14.841434,12.823863,16.825435,-10.7723652494295,-3.4171187056547
14.204784,13.312031,14.811670,12.823863,16.942074,-11.5339564916949,-3.13729183723217
14.254368,13.205776,14.970409,12.754878,16.942074,-11.0812992407356,-2.4762578592792
14.2844096,13.147819,15.020014,12.725313,16.980954,-11.1472904188296,-2.12975431617222
14.3181936,13.157479,15.010093,12.636617,16.903194,-10.5404131743159,-2.11195983086884
14.3668256,13.128500,15.129147,12.715458,17.000393,-10.8378109151081,-1.8402544398244
14.3969136,13.147819,15.148990,12.626762,16.961514,-10.222506626311,-1.72223718346842
14.4281728,13.147819,15.109305,12.587342,16.864315,-9.87360429796776,-1.87664886655825
14.488112,13.118841,15.099384,12.528212,16.815715,-9.62613980493726,-1.78665820127767
14.5181024,13.225095,15.168832,12.646472,16.951794,-9.88831243663787,-1.91603894918186
14.5493648,13.225095,15.099384,12.616907,16.932354,-9.97399086426318,-2.00775050502273
14.600688,13.263733,15.059699,12.666182,16.825435,-9.76670234996955,-2.45779482720446
14.6318656,13.292712,15.069620,12.626762,16.805995,-9.40200608048792,-2.45191897062638
14.66192,13.312031,15.029936,12.666182,16.805995,-9.62456760751138,-2.6498666528464
14.7031216,13.263733,15.020014,12.646472,16.805995,-9.77468065077192,-2.51958485616906
14.7350384,13.234755,15.000172,12.666182,16.844875,-10.1766406879462,-2.46568059073877
14.7643568,13.283052,14.980330,12.577487,16.844875,-9.74195978316611,-2.4128043186515
14.7956,13.302371,14.990251,12.695747,16.854595,-10.0997104902188,-2.67728274877794
14.8468416,13.331350,15.020014,12.735168,16.815715,-9.8772717216777,-2.84169447056977
14.875648,13.418286,14.881118,12.754878,16.815715,-10.1479011819672,-3.31906563396936
14.9056816,13.456924,14.791828,12.843573,16.737956,-10.3817366043219,-3.89190578583829
14.9569376,13.621136,14.712459,12.873138,16.601877,-9.66695573789729,-4.69504307597222
14.9887344,13.708071,14.643010,12.922413,16.475518,-9.31682153896204,-5.34065665623851
15.0231152,13.785348,14.533878,12.951978,16.436639,-9.40419151696463,-5.83779107700927
