0.0348352,15.582171,18.350168,13.776335,18.341740,-2.92187528026863,-0.280806470380334
0.0685024,15.591827,18.359976,13.776335,18.302861,-2.72883353916011,-0.343946967009787
0.1071888,15.611139,18.252093,13.864981,18.205662,-2.98253501259902,-0.86664183643517
0.1359824,15.620795,18.222670,13.914228,18.205662,-3.21167898466527,-1.02468456742672
0.1672496,15.601483,18.232477,13.884680,18.205662,-3.1425011743189,-0.916175772854125
0.2097584,15.649762,18.183440,13.894529,18.234821,-3.27634581282016,-1.05796290624251
0.2384752,15.601483,18.154017,13.874830,18.293141,-3.65504682010068,-0.883396223884297
0.273488,15.640107,18.203055,13.894529,18.332020,-3.57128692783367,-0.859013160514319
0.3334288,15.582171,18.203055,13.904379,18.361180,-3.88753168727824,-0.722230629045052
0.3609728,15.562860,18.222670,13.825583,18.351460,-3.58935151818828,-0.519238358278432
0.3910256,15.553204,18.232477,13.835432,18.400060,-3.78520893561867,-0.429742889880686
0.424712,15.543548,18.222670,13.864981,18.429219,-4.04442085317242,-0.438106231813029
0.4622032,15.495268,18.291323,13.855131,18.526418,-4.27141786600055,-0.0725631417978434
0.493504,15.418021,18.271708,13.835432,18.458379,-4.28849284197307,-0.0205171401002104
0.523512,15.408365,18.271708,13.835432,18.506979,-4.48222476588147,0.0724521688822826
0.564776,15.389054,18.350168,13.864981,18.584738,-4.65078059736319,0.291165764693673
0.5947088,15.408365,18.163824,13.786185,18.477819,-4.56674451011562,-0.0427580201507869
0.6247024,15.311807,18.154017,13.776335,18.497259,-4.9422923821056,0.177453190146647
0.6559952,15.331118,18.222670,13.766486,18.419499,-4.36409956637134,0.14518236227318
0.6971824,15.389054,18.281515,13.815733,18.555578,-4.60941239657743,0.236791445057198
0.7272768,15.466301,18.291323,13.835432,18.516698,-4.26588000467249,0.00595906516288913
0.759704,15.437333,18.154017,13.924078,18.429219,-4.8040702627682,-0.453390295209962
0.7996992,15.582171,18.183440,13.993024,18.312580,-4.08456681842378,-0.996655832587342
0.8297472,15.640107,18.104979,14.022572,18.244541,-4.02136814320838,-1.39005894571262
0.8609552,15.727009,18.065749,14.081669,18.186222,-3.87123408901818,-1.81881848300306
0.8922416,15.727009,18.055941,14.042271,18.118182,-3.5418191505439,-1.86551808176032
0.9521712,15.746321,18.006903,14.160465,18.089023,-3.93615878109492,-2.24803003332754
0.9834928,15.862192,18.036326,14.140766,18.040423,-3.24210560368274,-2.45948345360186
1.0184912,15.784945,17.997096,14.111218,18.011263,-3.41692421704207,-2.3651972441692
1.0547232,15.794601,18.075556,14.150615,17.943224,-3.03862923480231,-2.44149518781832
1.084728,15.823568,18.085364,14.101368,17.952944,-2.78156313711572,-2.37257924932309
1.1147328,15.784945,18.075556,14.081669,17.933504,-2.80401060568244,-2.30821917524986
1.1547216,15.871848,18.144209,14.032422,17.933504,-2.14178151445108,-2.27178971689858
1.1860144,15.871848,18.203055,14.121067,17.943224,-2.28713488173299,-2.33175321998747
1.2161664,15.862192,18.163824,14.121067,17.952944,-2.47518993179862,-2.35971102491204
1.248496,15.910471,18.095171,14.071820,17.816865,-1.91327013893457,-2.67920937714708
1.2971792,15.871848,18.055941,14.042271,17.787706,-1.96186055063983,-2.65828276342291
1.3285264,15.900815,18.203055,14.091519,17.768266,-1.5033318873656,-2.60489207571942
1.3584928,15.881503,18.114787,14.130916,17.816865,-2.14324182300503,-2.70512399901927
1.4096848,15.949095,18.144209,14.130916,17.807145,-1.80218008112335,-2.8013287216129
1.4397344,15.900815,18.075556,14.140766,17.807145,-2.20706244917436,-2.83712706255982
1.4710032,15.949095,18.095171,14.130916,17.758546,-1.79315513051332,-2.95513397153447
1.5125376,15.939439,18.065749,14.121067,17.846025,-2.18028909588246,-2.8269408297108
1.5535296,15.862192,18.183440,14.012723,17.826585,-1.61862038223514,-2.32240791604787
1.5936,15.871848,18.193247,13.973325,17.846025,-1.48902455491911,-2.22025872519236
1.643792,15.881503,18.212862,14.022572,17.855745,-1.59634781819565,-2.28568704415405
1.6734416,15.833224,18.291323,13.983174,17.923784,-1.59777763055081,-1.89088140772116
1.7035152,15.842880,18.330553,13.924078,17.933504,-1.27554218281009,-1.72093073560496
1.7471856,15.804256,18.379591,13.864981,17.972384,-1.17396611254245,-1.39872105894595
1.7759984,15.717354,18.359976,13.855131,18.040423,-1.70884329483491,-1.13940550746923
1.8147424,15.669074,18.359976,13.864981,18.059863,-1.96140837722653,-1.0359816950635
1.8572608,15.698042,18.409014,13.786185,18.118182,-1.64443358787517,-0.774899081768753
1.88756,15.533892,18.497282,13.707389,18.195942,-1.88176460063716,-0.0536000464106436
1.9172656,15.553204,18.585550,13.697540,18.322300,-1.93465104400326,0.256284628783195
1.9522448,15.495268,18.536512,13.618744,18.361180,-2.1391496574915,0.504231347181296
2.000976,15.495268,18.497282,13.608894,18.273701,-1.93425812317817,0.329865265313423
2.0297648,15.389054,18.487474,13.520249,18.361180,-2.30004981032051,0.825978880392993
2.0609744,15.369742,18.624781,13.461152,18.555578,-2.38201693951159,1.48142045223961
2.1009552,15.369742,18.703241,13.471002,18.497259,-1.96885196097267,1.49263782961828
2.1328656,15.311807,18.683626,13.431604,18.565298,-2.31212021144154,1.75512468025755
2.1634256,15.253871,18.664011,13.362658,18.613897,-2.49032518836816,2.04660795063716
2.2110096,15.224904,18.752279,13.333109,18.672217,-2.39866608926509,2.38097091284265
2.2534432,15.138001,18.703241,13.283862,18.798576,-3.09257711578651,2.76379102808587
2.284736,15.118689,18.752279,13.352808,18.808296,-3.26251898121374,2.75376714515968
2.3185312,15.099377,18.811124,13.205066,18.856895,-2.80236347611159,3.24227750500529
2.3572368,15.099377,18.683626,13.313410,18.876335,-3.64013964353854,2.86826625863076
2.387544,15.099377,18.624781,13.303561,18.886055,-3.82831939930746,2.81447927793509
2.4172304,15.147657,18.664011,13.323260,18.808296,-3.35264556532951,2.62331897220867
2.4571856,15.128345,18.644396,13.352808,18.924934,-3.96836961954664,2.74783914369119
2.4885056,15.109033,18.614973,13.392206,18.779136,-3.76737001013335,2.44688261937035
2.5197504,15.089722,18.605165,13.362658,18.837455,-3.95754348728465,2.61541998657639
2.5535088,15.176624,18.614973,13.402055,18.769416,-3.55118894949575,2.28045360159078
2.5897456,15.186280,18.507090,13.441453,18.691657,-3.73705195602037,1.90557826119278
2.6209872,15.224904,18.526705,13.549798,18.711097,-3.97959944588351,1.67738994656033
2.651016,15.292495,18.575743,13.608894,18.818015,-4.16172598655709,1.66540878484609
2.692192,15.321463,18.418821,13.589195,18.701377,-4.11539635617013,1.23556513284825
2.7272272,15.321463,18.301130,13.608894,18.536138,-4.00469738728616,0.76772510654191
2.7634672,15.369742,18.252093,13.697540,18.506979,-4.20717682252206,0.382942616184687
2.8072592,15.350430,18.261900,13.727088,18.506979,-4.33699901201043,0.378144738728901
2.8447248,15.495268,18.242285,13.874830,18.497259,-4.39695950344494,-0.229992519769851
2.8747744,15.553204,18.212862,13.904379,18.273701,-3.65517949170215,-0.786672694432085
2.9109648,15.601483,18.193247,13.914228,18.302861,-3.69445272720248,-0.883033113537394
2.949736,15.707698,18.154017,13.904379,18.215381,-3.15292553876355,-1.26290807079383
2.977272,15.698042,18.124594,13.993024,18.118182,-3.24902746756358,-1.60997662811706
3.0072768,15.813912,18.104979,13.973325,18.089023,-2.77691091559937,-1.86854712667455
3.0484864,15.746321,18.104979,14.032422,18.059863,-3.09362846001853,-1.89795182353926
3.0784912,15.852536,18.095171,14.081669,17.914064,-2.46011134876713,-2.43568807979059
3.1085216,15.910471,18.144209,14.071820,17.962664,-2.25075139060935,-2.37337127792094
3.1534736,15.842880,18.016711,14.150615,17.807145,-2.61277769985261,-2.83935310065494
3.1897328,15.881503,18.114787,14.101368,17.894625,-2.30631968163427,-2.52722832839141
3.221016,15.852536,18.114787,14.130916,17.952944,-2.6951303563222,-2.43685882571162
3.2510048,15.852536,18.016711,14.160465,17.952944,-3.10747478428494,-2.64645250102873
3.3022208,15.717354,18.104979,14.130916,18.020983,-3.38700292563472,-2.09040141070586
3.3335392,15.698042,18.104979,14.042271,18.079303,-3.34670468886593,-1.79470055150501
3.3634768,15.707698,18.124594,14.061970,18.118182,-3.45017281171664,-1.7592068424829
3.4148624,15.630451,18.124594,14.042271,18.215381,-3.95771337453938,-1.42397282457446
3.4460208,15.572515,18.036326,14.012723,18.225101,-4.36084385627707,-1.37947066254343
3.4972704,15.514580,18.095171,13.953626,18.215381,-4.12669540865754,-1.07957343332378
3.5497424,15.466301,18.252093,13.963475,18.419499,-4.49480886767855,-0.448514372049985
3.5785248,15.408365,18.212862,13.904379,18.438939,-4.67448349633494,-0.254555993684427
3.6110576,15.360086,18.291323,13.855131,18.487539,-4.5752226841009,0.127725612351124
3.6497344,15.234560,18.340361,13.815733,18.623617,-5.14446088454049,0.728214419791966
3.6797152,15.224904,18.359976,13.786185,18.672217,-5.17590119183628,0.907631658022392
3.7109872,15.099377,18.428629,13.727088,18.711097,-5.29189055878667,1.42870364100328
3.750992,15.060754,18.507090,13.638443,18.837455,-5.28912906174484,1.98506078775425
3.7823232,14.964195,18.614973,13.480851,18.915215,-4.98627757000411,2.76048408950718
3.8122608,14.983507,18.585550,13.539948,18.856895,-5.02146392746095,2.47556925287755
3.8459584,15.022130,18.585550,13.490701,18.827735,-4.63481627881633,2.45281827632846
3.893536,15.051098,18.487474,13.490701,18.749976,-4.59688975699837,2.1322444969987
3.9247792,15.089722,18.585550,13.589195,18.769416,-4.55183978336822,2.0402905186212
3.9547616,15.166969,18.536512,13.618744,18.633337,-4.10442984810287,1.55352557001881
4.0072624,15.224904,18.536512,13.579346,18.662497,-3.88425420962098,1.5614001467769
4.0360192,15.292495,18.507090,13.658142,18.662497,-4.02609925019345,1.23263231526016
4.0672592,15.340774,18.516897,13.677841,18.584738,-3.64579592842337,0.998265430759488
4.112232,15.389054,18.399206,13.677841,18.487539,-3.54138649820015,0.578585944614543
4.1585152,15.427677,18.301130,13.756637,18.351460,-3.53907457646248,-0.00621605619004661
4.191032,15.427677,18.359976,13.766486,18.400060,-3.54725142546497,0.139477026977152
4.23976,15.446989,18.409014,13.756637,18.380620,-3.23008312693349,0.166520283206063
4.271016,15.456645,18.409014,13.766486,18.458379,-3.49374003608598,0.247717170790892
4.3047584,15.418021,18.438437,13.776335,18.409779,-3.39296943556275,0.273857094175542
4.3447184,15.369742,18.409014,13.677841,18.390340,-3.24441934192073,0.48262350631078
4.3722816,15.408365,18.497282,13.667991,18.438939,-2.96945573916733,0.635619752981382
4.4060144,15.350430,18.438437,13.608894,18.468099,-3.24176856254517,0.817033395107073
4.436024,15.360086,18.487474,13.539948,18.487539,-2.88695042415128,1.03622407693581
4.4835056,15.311807,18.556127,13.569497,18.594458,-3.28179706002948,1.33848435485749
4.5147536,15.379398,18.497282,13.618744,18.516698,-3.15793056428767,0.905074036626331
4.5447296,15.369742,18.448244,13.608894,18.497259,-3.24687554457324,0.838863114970176
4.5947696,15.350430,18.389399,13.658142,18.448659,-3.4993646007789,0.617233578401823
4.624776,15.331118,18.487474,13.707389,18.448659,-3.41292196686033,0.708674214027996
4.6585168,15.244216,18.565935,13.746787,18.555578,-3.93109252094002,1.08178543405738
4.6972112,15.195936,18.565935,13.648292,18.594458,-3.88583927626191,1.42535494666426
4.7272592,15.099377,18.683626,13.589195,18.633337,-3.75028124561746,1.96441032847589
4.7672336,15.060754,18.801317,13.471002,18.779136,-3.5900136232696,2.66511744893555
4.802264,15.031786,18.673818,13.441453,18.730536,-3.82859914192773,2.51721205422407
4.8384624,14.857981,18.742471,13.362658,18.847175,-4.29386606088776,3.29156115886478
4.869744,14.906260,18.830740,13.303561,18.886055,-3.78713004760956,3.50149243796655
4.901024,14.915916,18.968046,13.323260,19.002694,-3.77413306163836,3.81784973447502
4.9459648,14.944883,18.938623,13.372507,18.934654,-3.71267445416722,3.52015390923214
4.9822576,15.051098,18.781702,13.342959,18.798576,-3.31864691867074,2.93535829596358
5.0122448,14.964195,18.879778,13.352808,18.876335,-3.57739963802152,3.34795110220646
5.0622304,14.935228,18.938623,13.254313,18.856895,-3.08535930112047,3.65797635244435
5.093488,14.944883,18.938623,13.205066,18.808296,-2.72442583320484,3.66460327547046
5.123536,14.935228,18.958238,13.185367,18.818015,-2.65891788271263,3.76614037283377
5.1572992,15.070410,18.968046,13.205066,18.788856,-2.16526675780197,3.43105491288184
5.1960224,15.070410,19.017084,13.214915,18.633337,-1.51612270259823,3.25391466040667
5.2272784,15.070410,18.997468,13.116421,18.681937,-1.40883388187561,3.49164068661137
5.2597776,15.205592,18.987661,13.185367,18.633337,-1.08084051852621,3.00198380407885
5.2972272,15.205592,19.056314,13.155819,18.613897,-0.697445604817835,3.13321445373128
5.3285024,15.234560,19.075929,13.126270,18.633337,-0.509882596854315,3.19224497266348
5.3585248,15.311807,19.036699,13.096722,18.584738,-0.123920018695053,2.96806013791786
5.3934816,15.331118,19.124967,13.077023,18.565298,0.347590557236389,3.07096656860023
5.4396976,15.418021,19.115159,13.008077,18.506979,1.024467873299,2.93454573328272
5.4697904,15.418021,19.066121,12.919431,18.506979,1.17523455749648,3.03620794437653
5.5035408,15.466301,19.007276,12.939130,18.448659,1.27495620189641,2.72767176158817
5.5410112,15.582171,18.820932,13.037625,18.234821,1.45156912935976,1.70526016132733
5.572264,15.640107,18.899393,13.116421,18.438939,0.906163578209592,1.8639199121639
5.6022832,15.678730,18.928815,13.205066,18.594458,0.286030224847961,1.89333507358537
5.6447232,15.678730,18.762087,13.195217,18.487539,0.161701032540391,1.50212233764542
5.674776,15.833224,18.026518,13.254313,18.050143,-0.379046354667375,-0.710961876141287
5.7047632,15.553204,18.006903,13.067173,18.020983,-0.590376401915986,0.124393498520499
5.7372768,14.983507,17.673446,12.555001,18.030703,-1.77811708368404,1.78130512686808
5.7759904,14.848325,16.879032,12.052678,17.437789,-0.957791670983151,0.871835056248093
5.8060384,15.775289,16.603323,11.973882,15.512903,8.82236175870008,-4.62186286474645
5.8635376,16.035997,16.087491,11.609451,14.605651,13.0579085544838,-6.98239561919016
5.8972272,14.780733,16.908455,10.713149,16.572718,7.29611644742177,2.50167251220768
5.9285264,14.423466,17.653830,10.585106,17.447509,5.69920430267176,6.20327082082173
5.958528,13.670308,17.781329,10.457063,18.613897,-0.352570007732224,10.1697365660392
5.9985776,13.081299,18.350168,10.545708,20.149642,-6.30344261695975,14.3530222836255
6.03404,11.932250,18.605165,10.151729,21.335471,-12.1839395880593,19.8822549758991
6.0697872,11.739132,19.429002,10.683601,22.822616,-16.6954953435085,22.0139991029896
6.1135104,11.381865,19.625153,10.565407,22.880936,-17.0624036008613,23.42488423951
6.1410672,10.725265,18.909200,10.329020,22.229702,-19.0482640057219,23.8771442700653
6.1710048,10.802512,18.673818,10.604805,21.763147,-18.9914464735216,22.140175831226
6.2035328,11.237027,18.389399,11.146526,21.471549,-19.2742825485662,19.0717010952449
6.2534848,11.883970,17.447871,12.229968,20.412080,-20.4325649858981,12.3476519782012
6.28408,12.656441,16.888839,12.988378,19.517849,-19.1995191796446,6.83360619319398
6.3134656,13.564093,16.339615,13.805884,18.740256,-18.0294036495957,1.13621803686022
6.3584704,14.249660,16.047812,14.554444,17.243391,-14.0997966687239,-4.70011445683477
6.3860544,14.973851,15.075668,15.805327,15.532413,-13.4119550435099,-13.2556598280132
6.418512,16.161524,14.569757,16.396295,14.859291,-10.6999003023748,-18.6920438970507
6.4522944,17.088433,13.835689,17.120371,13.971551,-9.45446180764523,-24.7054972332161
6.4885056,19.806767,13.845609,19.121299,13.581335,-5.76989565385947,-32.6972130939035
6.5198192,21.545347,13.518254,20.107121,12.713105,-1.71393518910389,-38.8352029523796
6.5499008,22.131278,13.250419,20.614674,12.166803,-0.609846197599218,-41.9194847424897
6.589768,22.890106,12.903224,21.288157,11.874141,-0.608016114852624,-45.0122046810987
6.6210144,23.696961,12.317954,22.322783,11.581480,-2.33317461686063,-49.0040700753725
6.6511408,23.668145,12.258435,22.713208,11.210775,-2.66166914463249,-50.3318131260747
6.6934688,23.216690,12.417153,22.596080,11.552213,-4.2597327589423,-48.6225298577874
6.7434768,22.169700,12.962743,22.732729,12.576530,-9.41210440177924,-44.274470463983
6.784768,21.564558,13.657132,22.459431,12.996012,-9.58470620902694,-40.956553771045
6.8284976,21.583769,13.438895,22.732729,12.654573,-9.98987235628409,-42.4426296064078
6.8660176,22.179305,12.863545,23.269563,11.874141,-9.17976762284407,-46.5779089871308
6.8947472,22.813263,12.645309,23.659988,11.454660,-7.81360103639517,-49.0784623517205
6.9385024,22.957344,12.466752,23.620946,11.113221,-6.73962927821352,-50.3078357964586
6.9675888,22.784446,12.556030,23.123154,11.249796,-5.86394613478154,-49.0802031692046
6.9959808,22.371413,13.290098,22.693686,12.069249,-6.10625215045522,-44.836729392628
7.0272592,21.526137,14.272162,22.098288,13.113076,-7.07917813386002,-39.0085629881866
7.0784736,20.450330,14.807833,21.092944,13.893508,-8.03123323245611,-33.7791004542969
7.1085296,19.307285,15.889095,20.224249,15.366572,-10.0750520576008,-26.2658821428394
7.1398144,18.586879,16.037892,19.472681,15.912874,-11.2213178819581,-22.8850629407042
7.1797296,18.106608,16.097411,19.131059,16.864315,-14.3933369643064,-19.8818194097139
7.2111072,17.578310,16.176770,19.101777,17.865465,-18.7019602703752,-17.1899779396701
7.241032,17.222909,15.819656,19.482442,18.195942,-23.0604274131217,-17.2737234646434
7.2747648,16.982774,15.670858,19.824063,18.584738,-26.4024633399715,-17.0306834083151
7.3222304,16.742638,15.492301,19.941191,18.876335,-28.9260995139291,-16.6525306163565
7.3535168,16.406449,14.867352,19.745978,18.127902,-29.533387411427,-18.1429820656128
7.3872784,16.557415,14.758233,19.580048,18.050143,-28.6972541651623,-18.4424732412969
7.433552,16.673285,15.125267,19.541005,17.943224,-26.6356949987489,-18.1141171405283
7.4660096,16.692597,14.837592,19.306750,17.097592,-24.4020683941957,-19.7579389822619
7.5047632,16.444870,14.966550,19.277469,17.087872,-24.6930277381198,-19.1073310124363
7.5447232,17.530283,15.918854,19.736218,17.282271,-19.8349048707716,-19.5147425919932
7.5759968,17.693575,16.047812,19.902148,17.282271,-19.3784749425368,-19.7941447257983
7.6060704,17.578310,15.819656,19.492202,17.010113,-18.4836767605233,-19.8541286567922
7.645992,17.299753,15.869255,18.896804,16.718516,-16.568485479592,-18.9189599462323
7.6810304,17.011590,15.660938,18.135476,15.854341,-13.1468409037143,-19.1486798181103
7.708536,16.963563,15.660938,17.979306,15.834831,-12.7452680267536,-18.8526948332184
7.749816,17.280542,15.938694,17.979306,16.533838,-13.0045208442935,-17.6292394885555
7.7922848,17.357385,15.581580,17.569360,15.571435,-9.5299325057396,-19.4483164524932
7.821024,17.799234,15.531981,17.813375,15.649478,-9.2953491391277,-20.5007383983286
7.8522864,18.365954,15.353424,17.979306,15.366572,-7.66293629873232,-22.4999557059206
7.9034816,18.413981,15.006229,18.008588,15.151953,-8.02430333047836,-23.6638465275502
7.9339872,18.510035,14.698714,18.067151,14.927579,-8.16877845610781,-24.9071097833663
7.9872528,18.798198,14.897111,18.652789,15.093421,-9.03206896744021,-25.5487279585229
8.024784,18.510035,14.252322,18.691831,14.508097,-10.3048556760441,-27.5269414651215
8.0560496,18.471614,13.934887,19.072496,14.391033,-12.3428798019948,-28.8916672132547
8.1022432,18.452403,13.667052,19.345793,14.410543,-14.2482610591119,-29.759709448686
8.147232,18.423587,13.647212,19.804542,14.488587,-16.1186082401364,-30.2745349013392
8.1772336,18.308322,13.389296,19.824063,14.117882,-16.2711680544051,-31.3913305987148
8.208504,17.952921,13.309938,19.570287,14.117882,-16.9529077538367,-30.6570323379758
8.2497328,17.501466,13.597613,19.589808,14.352011,-18.331226341154,-28.960890783435
8.2897792,16.982774,13.944807,19.131059,14.810514,-18.9278322155382,-25.8696519916351
8.3209904,16.531319,14.649115,18.857762,15.688500,-19.9555116457058,-21.6994637807882
8.3609776,16.441544,15.006229,18.486858,16.485238,-20.3564343411985,-18.8369193502321
8.3935344,16.122900,15.105428,17.989066,16.631037,-20.0203292052838,-17.0505077740263
8.4223024,15.746321,15.095508,17.725530,16.903194,-21.3912868816896,-15.5030297571862
8.4535264,15.755977,15.105428,18.164758,17.175352,-23.5154563976013,-15.7619509198114
8.4959872,15.263527,14.946710,17.608402,16.358880,-21.5428893871796,-15.7202479883981
8.5372192,15.234560,15.234385,17.374147,16.456079,-20.1863458030911,-14.5659327869259
8.5680112,15.147657,15.621259,17.032525,16.815715,-19.1859563778582,-12.484881180269
8.6222928,15.292495,16.325567,16.954440,17.398909,-17.8451290074653,-10.3847004252547
8.6560496,15.997374,16.486729,16.690904,17.428069,-14.182977973193,-10.838570841363
8.6897744,16.325674,16.594612,16.759228,17.447509,-13.0177672088731,-11.3123035432572
8.72724,16.339211,17.238192,16.817792,16.874035,-9.23693017562907,-11.3191214595971
8.758536,16.339211,16.652922,16.973962,16.669917,-10.9861861863218,-12.9213869032111
8.788568,16.653974,16.385086,17.208217,16.650477,-11.5212337971186,-14.3465728044456
8.831008,16.586382,16.474365,17.335105,17.136472,-13.391607511492,-13.4623259998664
8.860984,16.368027,16.246209,17.393668,16.699076,-13.6672249869667,-14.3331416387302
8.8910336,16.502503,16.514044,17.452232,16.699076,-12.5263086986614,-14.1966215981593
8.9235312,16.512108,16.275968,17.149653,15.688500,-9.03386920384284,-15.8863089866214
8.9722432,16.750532,16.067652,16.729946,15.434860,-6.69184669119151,-16.4078816364875
9.0135616,16.790665,16.008133,16.749467,15.317795,-6.42706032170166,-16.8293174403132
9.044816,17.078828,16.266048,16.886116,15.327550,-5.13296995374982,-17.0614650347591
9.0835072,17.405412,16.236289,16.915398,15.142198,-3.64853980231271,-18.0433795141701
9.1147312,17.703180,16.057732,17.257020,14.859291,-3.4638252030682,-19.93460771602
9.1447344,17.731996,16.166850,17.247259,14.927579,-3.21970625500413,-19.6405948616493
9.1860096,17.876078,16.037892,17.374147,14.673939,-2.74448397114914,-20.781476440667
9.2210256,18.077792,15.591500,17.471753,14.205680,-2.26945267984277,-22.9731566137984
9.2784688,17.645548,15.462542,17.481514,14.020328,-3.48632860227666,-22.8967315904951
9.3297536,17.463045,15.779976,17.442472,14.156903,-3.38075530819466,-21.6733281100471
9.358536,17.741602,16.275968,17.169174,14.234946,-0.219980069139398,-20.6048638227008
9.388552,18.010554,16.087491,17.208217,13.981306,0.776276939432369,-21.9303994047328
9.439824,18.154635,15.651019,16.632340,13.542313,3.4181044016165,-22.9046660885997
9.469768,17.780024,15.720457,16.484941,13.678889,2.47811276782526,-21.650503681359
9.5013216,17.357385,15.918854,16.356898,13.971551,1.16513202889467,-19.7915386562762
9.5435088,17.203698,15.760137,16.504640,14.069105,-0.724595534157103,-19.8978518053157
9.5735408,17.347780,15.651019,16.808031,14.030083,-1.54080627222055,-20.9288617580548
9.6047856,17.539888,15.899014,17.540078,14.137392,-3.01222909648114,-21.7677413650437
9.6352208,17.587915,16.027972,17.832896,14.293479,-3.96346146808455,-21.7804408552448
9.673488,17.866472,14.907031,18.721113,13.688644,-7.66052138964603,-26.9150966820496
9.704776,17.299753,14.539997,19.121299,13.415493,-11.2128399336749,-27.9290037543118
9.7435376,17.453439,14.172963,19.736218,13.220386,-13.3278674935119,-30.2300751324309
9.7972272,17.597521,13.915048,20.614674,12.722861,-14.9612601197012,-33.2843619712071
9.8260016,18.116213,13.557933,21.131987,12.420443,-15.1030656174383,-36.1303073861082
9.858536,18.048975,13.071862,21.297917,12.137537,-16.6311140635643,-37.903333720441
9.9134928,18.029764,12.585790,21.336960,11.922918,-17.8313658798155,-39.4553771808367
9.949752,18.116213,12.506431,21.776188,11.679034,-18.4391022696689,-40.8819055430164
9.9798048,17.741602,12.308034,21.688342,11.786343,-20.5417265879353,-40.4589510752165
10.0209952,17.924105,12.913144,21.844512,12.254602,-19.7438347932201,-38.5706999668053
10.0522704,17.799234,13.319857,21.776188,12.674084,-19.8677136439986,-36.5509152336484
10.0809936,17.482256,13.716651,21.639539,12.956990,-20.0485521718991,-34.5061297884517
10.1159744,17.587915,13.984486,21.424806,12.986256,-18.1826674095205,-33.7429164540811
10.1522768,16.982774,14.569757,20.848929,12.966745,-16.3642179071454,-30.8924146736114
10.1851504,16.219459,15.760137,19.931430,13.678889,-14.2513803892344,-24.6036260429567
10.2135584,14.925572,16.329808,19.209144,14.771493,-17.9130333650043,-18.2388193421406
10.2547376,14.249660,17.320373,18.613746,15.347061,-16.767279476436,-13.2788447614513
10.2960624,13.631684,17.791137,17.891460,15.717766,-16.1474919677843,-9.45692512165852
10.3260672,13.177858,17.997096,17.354626,16.397759,-17.4631060091035,-6.15633775046238
10.367232,13.660652,17.781329,17.374147,15.825075,-14.7541227139328,-8.40268895201749
10.3984864,14.336563,17.545947,17.296062,15.639723,-12.3867183277959,-10.2064863611021
10.4275888,14.742110,17.251720,17.276541,15.317795,-10.8815692322427,-11.965632612852
10.4610256,15.369742,17.202682,17.422950,15.093421,-8.68222452656248,-13.8076766371738
10.4998448,16.074621,16.908455,17.706008,14.810514,-7.32654193093703,-16.5261782779367
10.5485408,16.335330,16.545574,18.028109,14.273968,-6.9461410156375,-19.135924270689
10.5810752,16.750532,16.910837,18.281885,13.776443,-3.58777745546945,-20.475170582706
10.62104,16.425660,16.732280,18.262364,13.942285,-5.71108787814938,-19.9378640394054
10.6522752,16.569741,16.643002,18.574704,14.283723,-7.70765734888359,-20.2152274138849
10.6823024,16.915536,16.087491,18.994411,14.059349,-9.03494385217146,-22.8838212753383
10.7235456,16.963563,15.631179,19.131059,13.981306,-10.5741991772679,-24.184250599557
10.7572832,17.184488,15.164947,19.423878,13.825220,-11.8378987398351,-26.1771627948898
10.785168,17.463045,14.797913,19.843585,13.522803,-12.5154038590093,-28.5471815732112
10.8185552,17.626337,14.787993,19.892388,13.503292,-12.0970869785383,-28.9222413373645
10.8659616,17.741602,14.758233,19.833824,13.376472,-11.2094750738151,-29.3165566001716
10.897232,17.828051,14.926871,19.726457,13.454515,-10.2676033140759,-28.7978119056534
10.9286016,17.799234,15.155027,19.560527,13.591090,-9.51501864688234,-27.7922055507185
10.978496,17.645548,15.155027,19.423878,13.542313,-9.41386870251729,-27.450081511347
11.0098224,17.616731,15.045909,19.384835,13.669134,-10.1578815615693,-27.3127337053837
11.039824,17.482256,15.105428,19.228665,13.649623,-9.82971721384428,-26.7919793177855
11.0798032,17.482256,15.125267,19.218905,13.698400,-9.89221544100128,-26.6431746354923
11.1110368,17.357385,15.393103,19.111538,13.922774,-9.80274214922664,-25.333602760058
11.1435312,17.270936,15.730377,19.023692,14.264212,-9.80467314804945,-23.7723313296575
11.2048128,17.213304,15.839495,18.935847,14.283723,-9.41347898313834,-23.3035740494018
11.233528,16.905931,15.978373,18.623507,14.400788,-9.32851923974675,-21.8461917381277
11.2660112,16.733033,16.018052,18.428294,14.488587,-9.41527812561834,-21.0184913930788
11.2984928,16.492898,16.305728,18.272124,14.722716,-9.51433460290153,-19.4122734198021
11.3351568,16.663629,16.573563,18.057391,15.220241,-9.00029433561352,-17.9548896164417
11.3647232,16.547759,16.662842,17.959785,15.308039,-9.05502782759385,-17.2878985507251
11.3947232,16.344986,16.851318,17.813375,15.551924,-9.41834755473903,-15.9439121728521
11.4360176,16.229115,16.890998,17.657205,15.600701,-9.31809930983309,-15.3330958048919
11.4697424,16.035997,17.148914,17.364387,15.912874,-9.16949588551124,-13.5187051009589
11.4972128,15.881503,17.178673,17.139892,16.358880,-10.2953123193402,-12.0538663451413
11.5322384,15.842880,17.198513,17.013004,16.465799,-10.2922857052278,-11.5524687695905
11.5685744,15.698042,16.712303,16.690904,16.737956,-12.2178649634876,-11.1002680923367
11.5997424,15.611139,16.898647,16.407846,16.835155,-11.282877455248,-9.96482942935618
11.6297504,15.582171,17.055568,16.378564,16.844875,-10.7939885616686,-9.58045620732863
11.6773184,15.495268,17.212489,16.445543,16.825435,-10.7167960484494,-9.31446889817579
11.7222608,15.640107,17.438064,16.307650,16.650477,-8.47510628069226,-9.24223800871487
11.7523024,15.736665,17.428256,16.268252,16.504678,-7.5816071739832,-9.6045734046394
11.803512,15.852536,17.712676,16.209155,16.456079,-5.92674114574485,-9.31111342256465
11.8434848,15.968406,17.487102,16.120510,15.727521,-3.53942192764379,-10.9727839961265
11.8798128,16.074621,17.496909,16.081112,15.542169,-2.3988909817283,-11.3933015027263
11.9247616,16.209803,17.614600,16.041714,15.561680,-1.519368205443,-11.3266371858658
11.9660608,16.460856,17.604793,16.090962,15.629967,-1.1523259456845,-11.7544687941426
11.9972384,16.538103,17.555755,16.169758,15.366572,-0.431927300665928,-12.5653946273294
12.0372704,16.711909,17.379218,16.209155,15.249507,-0.174077765552903,-13.4463401348788
12.0672912,16.682941,17.281143,16.189456,15.171464,-0.24126974699268,-13.6705092748522
12.0972448,16.396843,17.232105,16.228854,15.103176,-1.21357110826038,-13.4475754760468
12.1385152,16.416054,17.290950,16.238704,15.112932,-1.03054962061409,-13.3775249016201
12.1688272,16.387238,17.290950,16.347048,15.161709,-1.66351564834554,-13.4304374925186
12.1997728,16.444870,17.183067,16.347048,15.142198,-1.75800035192192,-13.754889414345
12.231128,16.368027,17.163452,16.386446,15.132442,-2.17038480726302,-13.7415773784106
12.2697856,16.444870,17.084991,16.563736,15.054399,-2.51561647545484,-14.4589321663191
12.2997296,16.425660,17.104606,16.573586,15.025133,-2.44787340304533,-14.4598831913955
12.3311184,16.473687,17.124221,16.524339,15.044644,-2.12809243052064,-14.388418075889
12.372232,16.406449,17.222297,16.465242,15.132442,-2.12715498871385,-13.8414282261706
12.4048,16.416054,17.251720,16.475091,15.278773,-2.53496277889408,-13.5663751012605
12.4485008,16.396843,17.153644,16.406145,15.064155,-1.94225792193101,-13.9639273766023
12.496056,16.750532,17.065376,16.425844,15.064155,-1.15788886131884,-14.7653291383637
12.5336528,16.692597,17.104606,16.563736,15.220241,-2.22250269382367,-14.5571293540619
12.5635072,16.721565,17.094799,16.603134,15.278773,-2.49392457621762,-14.5883242684138
12.6085648,16.644318,17.084991,16.593285,15.337306,-2.93776553546062,-14.3534732308286
12.6447328,16.673285,16.888839,16.437127,15.269018,-2.71223830570388,-14.6016920809268
12.6797248,16.615350,16.849609,16.446888,15.356816,-3.35818878915169,-14.432708369173
12.7260112,16.567071,16.829994,16.456649,15.464126,-3.97541356523606,-14.2113020885056
12.756024,16.480168,16.928070,16.368803,15.659234,-4.30218768916365,-13.3937880540572
12.7923056,16.422233,16.839802,16.603134,15.639723,-5.50019000121528,-13.8878681521989
12.8322528,16.344986,16.829994,16.349282,15.756788,-5.32370324799572,-13.1256252483708
12.8686928,16.200147,16.888839,16.612984,15.903118,-6.97812118788567,-12.974715404113
12.8984896,16.296706,16.928070,16.359042,16.329720,-7.10807531373369,-11.8966699822253
12.9310784,16.142212,16.869224,16.544037,16.378319,-8.57616734353511,-11.9674415662438
12.9697472,16.093933,16.839802,16.494790,16.475518,-8.9888179642709,-11.6810642639542
13.00104,16.122900,16.937877,16.455392,16.543558,-8.66603840971129,-11.379360061405
13.0322496,16.093933,16.928070,16.524339,16.514398,-8.92351110113606,-11.5156197751964
13.0659904,16.074621,16.869224,16.455392,16.426919,-8.66628494223283,-11.6111127749219
13.1235104,16.103589,16.771149,16.356898,15.912874,-6.85813661972345,-12.5467446712013
13.1524048,16.113245,16.957492,16.445543,16.446359,-8.28170173505596,-11.4774403432634
13.1873136,16.161524,17.035953,16.425844,16.349160,-7.4822494826915,-11.5594249111356
13.2247808,16.277394,17.094799,16.494790,15.883608,-5.59635314232219,-12.5803709238379
13.2548,16.325674,16.977108,16.494790,15.805564,-5.56051247838567,-13.0035947406356
13.2861024,16.238771,17.055568,16.435693,15.805564,-5.38976340042754,-12.613210808203
13.3272944,16.344986,17.055568,16.258403,15.834831,-4.54711563136003,-12.4383458209038
13.3572848,16.402921,17.055568,16.268252,15.864097,-4.49139084926683,-12.5060321041742
13.3885456,16.431888,17.016338,16.327349,15.805564,-4.52648675247134,-12.8289924007445
13.4311392,16.422233,17.016338,16.238704,15.766543,-4.12697381694062,-12.7255016529751
13.4710064,16.518791,17.104606,16.219005,15.727521,-3.33194361081679,-12.7739185545109
13.4997408,16.586382,17.114414,16.327349,15.688500,-3.31769890218508,-13.1301614444786
13.5310784,16.625006,17.084991,16.209155,15.551924,-2.42398155654501,-13.2813733296431
13.5797952,16.682941,17.055568,16.376596,15.522658,-2.80205880324544,-13.7738670393226
13.6110272,16.377633,16.986915,16.425844,15.434860,-3.87700813571582,-13.6050569779376
13.6410656,16.444870,16.800571,16.484941,15.278773,-3.93407037257128,-14.429300486778
13.6922512,16.512108,16.722111,16.563736,15.122687,-3.70701692394994,-15.0996295785011
13.7547408,16.656190,16.771149,16.378564,15.015378,-2.07721984728706,-15.1331573407905
13.7972352,16.742638,16.790764,16.495691,14.927579,-1.83561866254114,-15.6055241528205
13.8260432,16.781060,16.673073,16.573776,14.810514,-1.95732165614138,-16.2279843946827
13.8560384,16.809876,16.633842,16.564016,14.703205,-1.58687293211349,-16.5261919171936
13.8873328,16.877114,16.594612,16.700664,14.634917,-1.73250830015885,-17.0686359648697
13.9285376,16.867509,16.555382,16.690904,14.615407,-1.78933411921183,-17.142967083186
13.9560528,16.905931,16.565189,16.798270,14.595896,-1.93644822148831,-17.4074199682654
13.9861776,16.963563,16.486729,16.798270,14.644673,-2.17165369802037,-17.5588860655456
14.0259696,16.886720,16.457306,16.808031,14.703205,-2.75044602530568,-17.3925085844262
14.057296,16.838693,16.427883,16.759228,14.615407,-2.5320716546668,-17.4432206768018
14.0885376,16.877114,16.457306,16.798270,14.673939,-2.64756655630394,-17.4132665204435
14.1190672,16.925141,16.388653,16.876355,14.742227,-3.21642754051114,-17.6266525057918
14.1585472,16.857903,16.408268,16.954440,14.810514,-3.87085544441527,-17.484453242217
14.1897616,16.867509,16.467114,16.925159,14.830025,-3.61518124842794,-17.3086574125401
14.2198,16.857903,16.398461,16.905637,14.956845,-4.23444468222605,-17.1538878954074
14.2697888,16.761849,17.178673,16.934919,14.878802,-1.86604246462082,-15.7800123054605
14.3010208,16.579346,17.109234,16.866595,14.937335,-2.63853696569748,-15.3737505494898
14.3322816,16.569741,17.218352,16.915398,15.122687,-3.11295254837127,-14.9193132141001
14.3835136,16.521714,16.339615,16.886116,15.269018,-6.51709171454834,-16.0926384989749
14.453568,16.502503,16.398461,16.808031,15.288529,-6.18928311588064,-15.7854793209221
14.4885312,16.377633,16.467114,16.642101,15.308039,-5.87950925431724,-15.1276346487557
14.527288,16.387238,16.594612,16.612819,15.395838,-5.62671234736062,-14.7088761224137
14.5573072,16.348816,16.643650,16.495691,15.366572,-5.09579010525078,-14.404409178876
14.5873056,16.760188,16.790764,16.417606,15.454370,-3.31254049009088,-14.563091698772
14.6372864,16.740876,16.751533,16.398085,15.483637,-3.53453977945266,-14.5139629782983
14.6689888,16.760188,16.849609,16.612984,15.473881,-3.84992229318826,-14.759381268753
14.6972944,16.711909,16.898647,16.544037,15.434860,-3.48283097968237,-14.5412011885144
14.7397632,16.377633,16.957492,16.514489,15.464126,-4.37214978627581,-13.7591497171743
14.780104,16.329605,17.075183,16.415994,15.405593,-3.61369259865183,-13.400769856904
14.8098048,16.750532,17.035953,16.376596,15.376327,-2.1510898959002,-14.1813387784256
14.85512,16.721565,17.006530,16.347048,15.386083,-2.27071978810679,-14.1151692436942
14.8822432,16.339211,16.996723,16.356898,15.317795,-3.33636159767472,-13.6070650486844
14.9122928,16.721565,17.104606,16.337199,15.259262,-1.48999598936752,-14.14878831663
14.9435472,16.711909,17.114414,16.258403,15.356816,-1.55368370712455,-13.8073294013777
14.983552,16.339211,17.202682,16.317500,15.395838,-2.80199484145904,-13.039581170802
15.0347824,16.750532,17.163452,16.317500,15.376327,-1.54234534827226,-13.8558147298691
