0.045616,13.797575,18.732664,13.083821,20.460679,-1.40570262361526,5.44010110559737
0.0754496,13.710688,18.781702,13.064125,20.509279,-1.62490361266308,5.79537136047277
0.1067184,13.643109,18.752279,12.985340,20.538439,-1.78838354403514,6.09607652641958
0.139288,13.585184,18.732664,12.886859,20.538439,-1.72934465866417,6.39190435575706
0.1904288,13.556222,18.762087,12.837618,20.742557,-2.22806335829136,6.87888423716145
0.2180032,13.507951,18.948431,12.778530,20.791156,-1.73291538030777,7.42607426302495
0.2517696,13.459680,18.889585,12.748985,20.830036,-2.12074124015901,7.56055461599329
0.3004768,13.421064,18.909200,12.650504,20.830036,-1.86648354082684,7.87372409253393
0.33048,13.421064,18.909200,12.719441,20.975834,-2.55830084834333,7.92943360916424
0.3655088,13.421064,18.889585,12.581568,20.975834,-2.18030249924769,8.190848139348
0.4029232,13.469334,18.830740,12.611112,20.975834,-2.31095105147601,7.94748570893389
0.4329984,13.450026,18.850355,12.601264,21.034154,-2.46597065542213,8.1150716953644
0.4655088,13.498297,18.948431,12.561871,21.063313,-1.94387201613277,8.27001328021197
0.499232,13.450026,18.968046,12.522479,21.073033,-1.94394866806598,8.49332884700451
0.5354752,13.382447,18.977853,12.453542,21.082753,-1.94605536547853,8.80641303261249
0.5655072,13.295560,18.997468,12.404302,21.189672,-2.35719650862868,9.26446298067212
0.5955232,13.305214,19.007276,12.453542,21.238272,-2.60668726785675,9.21907330585355
0.6366864,13.189364,19.036699,12.364909,21.257712,-2.67404160855559,9.71680712394422
0.666736,13.160402,19.017084,12.364909,21.296591,-2.96230563589692,9.8040706824776
0.6980096,13.121785,19.085737,12.315669,21.403510,-3.04658773985193,10.2255218406953
0.7304992,13.073515,19.095544,12.305821,21.432670,-3.23781471189515,10.4010143216166
0.7692272,12.919048,19.154390,12.295973,21.539589,-3.87066089879307,10.9713610203299
0.8191968,12.909394,19.203428,12.197492,21.617348,-3.67164170356918,11.3700197782924
0.8542624,12.851469,19.223043,12.246732,21.646508,-4.05127597807236,11.4528027814112
0.8904256,12.851469,19.105352,12.207340,21.597908,-4.1677189243141,11.3180664021008
0.9217568,12.812853,19.164197,12.197492,21.520149,-3.81858072172257,11.3971611347358
0.951768,12.774236,19.193620,12.197492,21.704827,-4.44051133106299,11.7620725104047
1.0017024,12.745274,19.291696,12.256580,21.724267,-4.45716803767914,11.8513331037359
1.03292,12.822507,19.232850,12.305821,21.665948,-4.3662076557333,11.4267771646449
1.0644928,12.745274,19.213235,12.305821,21.578468,-4.41460622162812,11.4513025999648
1.1054384,12.745274,19.203428,12.325517,21.646508,-4.72747636838423,11.4857267251377
1.1354928,12.803199,19.134775,12.305821,21.607628,-4.57716102963124,11.2621075369373
1.1667392,12.832161,19.183812,12.394454,21.627068,-4.65745147117535,11.1010581002193
1.1980144,12.890086,19.134775,12.374757,21.539589,-4.28618168703393,10.8390477825543
1.2380016,12.880432,19.066121,12.374757,21.520149,-4.48895950603141,10.7427872067338
1.2679824,12.938357,19.105352,12.355061,21.471549,-3.94235514249384,10.6487809909426
1.2980128,13.005936,19.105352,12.414150,21.432670,-3.77906915944585,10.3274491928374
1.3455152,12.957665,19.164197,12.512631,21.384070,-3.9027542225811,10.2345112889864
1.379256,13.044552,19.075929,12.473238,21.316031,-3.56400813997946,9.92499147574951
1.4104944,13.044552,19.056314,12.552023,21.209112,-3.53997890556379,9.58825837389657
1.4654704,13.102477,19.036699,12.571719,21.257712,-3.62956954952481,9.46317899065149
1.5017312,13.199019,18.968046,12.561871,21.189672,-3.28637200063721,9.0960181326703
1.5317376,13.237635,19.026891,12.601264,21.160513,-2.99185922722246,8.97197324046779
1.5654816,13.266597,18.987661,12.611112,21.063313,-2.74599926352675,8.70564082318404
1.6029552,13.343831,18.928815,12.680049,20.888355,-2.3431213643536,8.08035775396516
1.6342528,13.305214,18.820932,12.719441,20.898075,-2.99360214080354,7.94417366226134
1.664264,13.276252,18.850355,12.719441,20.956395,-3.1795803190986,8.12514766844927
1.7066848,13.363139,18.968046,12.788378,20.946675,-2.68287655388397,7.9470372945003
1.7367472,13.392101,18.958238,12.788378,20.946675,-2.6187906080309,7.87327383452849
1.7679824,13.324522,18.899393,12.827770,20.898075,-3.01292139654542,7.78495880547402
1.8017392,13.334176,18.850355,12.778530,20.946675,-3.1431775561292,7.86699423156337
1.8392112,13.295560,18.889585,12.768682,20.927235,-3.04711662919192,7.99540404379574
1.8692304,13.285906,18.889585,12.778530,20.975834,-3.26707442564708,8.06149062316749
1.9005152,13.256943,18.860162,12.758833,21.024434,-3.55615938643885,8.18951380004008
1.9504928,13.295560,18.948431,12.699745,21.063313,-3.06485252571226,8.40569313245841
1.9817552,13.227981,18.948431,12.729289,21.082753,-3.44868570750115,8.51180604999257
2.01172,13.237635,18.938623,12.620960,21.131353,-3.2579202865724,8.77159042657295
2.051736,13.160402,18.987661,12.542175,21.179952,-3.25596644166949,9.23236524801571
2.1055472,13.092823,19.046506,12.532327,21.267431,-3.53412434774945,9.59304494529671
2.1330096,13.005936,19.066121,12.502783,21.306311,-3.79066753373475,9.91806819614983
2.1742736,12.967319,19.134775,12.423998,21.364631,-3.62390215493006,10.3371325141705
2.2055152,12.957665,19.203428,12.364909,21.374350,-3.26707623119787,10.5878059226595
2.2355024,12.919048,19.242658,12.364909,21.520149,-3.73149580708373,10.9153283437932
2.26548,12.861124,19.281888,12.256580,21.549309,-3.54134904349791,11.3605832595244
2.3067792,12.774236,19.330926,12.197492,21.539589,-3.44839329265319,11.7254037022778
2.3379904,12.687349,19.409387,12.128555,21.559029,-3.31795345422837,12.1893298051577
2.3692608,12.725966,19.389771,12.118707,21.559029,-3.22229288497233,12.1016015940785
2.4117104,12.735620,19.458425,12.059618,21.549309,-2.73752189515734,12.2853146046536
2.451728,12.909394,19.507462,12.128555,21.471549,-1.96279508814357,11.7255538850201
2.4808928,12.822507,19.409387,12.187643,21.452110,-2.70958589957275,11.6310125071372
2.5217008,12.890086,19.409387,12.217188,21.364631,-2.29644335007946,11.3075634125112
2.5517616,12.957665,19.330926,12.315669,21.345191,-2.58728839906401,10.8232642854263
2.583016,13.025244,19.281888,12.325517,21.267431,-2.30664383557517,10.4899252171461
2.6180512,12.986627,19.242658,12.335365,21.286871,-2.66198573595425,10.5248551944918
2.6629808,12.996282,19.223043,12.355061,21.247992,-2.63367956918083,10.384370078851
2.6929616,13.015590,19.213235,12.463390,21.228552,-2.88761828896377,10.0739771694378
2.7467136,13.054206,19.272081,12.443694,21.189672,-2.37262088535146,10.0605291048347
2.7854864,13.015590,19.262273,12.433846,21.228552,-2.62819080219125,10.202183457646
2.8155232,13.083169,19.281888,12.404302,21.209112,-2.17870651352288,10.1217090230323
2.8505408,13.025244,19.340734,12.404302,21.238272,-2.26946057384822,10.3619237957531
2.888008,13.005936,19.321118,12.305821,21.257712,-2.14513970724132,10.6122539851236
2.9180496,12.957665,19.389771,12.286124,21.403510,-2.48272665063635,11.0412014682742
2.9492576,12.967319,19.379964,12.236884,21.364631,-2.19983512472005,11.0613996582958
2.9830064,12.861124,19.389771,12.207340,21.364631,-2.42757011139366,11.3648711980741
3.019256,12.861124,19.350541,12.138403,21.422950,-2.52504646729388,11.5380295366327
3.0504848,12.832161,19.487847,12.099011,21.452110,-2.12870203665665,11.9037011285598
3.0830112,12.812853,19.536885,12.079314,21.529869,-2.21631640952139,12.1533873263584
3.1329824,12.822507,19.634961,12.020226,21.490989,-1.54063212333156,12.3369744563765
3.163016,12.832161,19.487847,12.039922,21.500709,-2.09486623915358,12.09451396538
3.194216,12.841815,19.507462,12.059618,21.471549,-1.96637406649221,12.0188233654095
3.2355104,12.890086,19.517270,12.039922,21.471549,-1.70867454166935,11.9701688857984
3.2655088,12.832161,19.556500,12.030074,21.452110,-1.67649840625149,12.1419414671844
3.2975264,12.938357,19.487847,11.980833,21.520149,-1.61187402178124,12.0185139550676
3.3267856,12.890086,19.536885,12.030074,21.559029,-1.89359611162333,12.1312009122403
3.3779808,12.870778,19.497655,12.049770,21.500709,-1.96462247802138,12.0030000756886
3.4079776,12.986627,19.370156,12.049770,21.422950,-1.75247139564017,11.4846875128455
3.4405248,13.025244,19.350541,12.108859,21.345191,-1.62855787632643,11.1467237772554
3.4792448,13.025244,19.321118,12.217188,21.354911,-2.10814058661928,10.8890720702354
3.5104704,13.063861,19.389771,12.236884,21.267431,-1.53113906224324,10.7397683075931
3.5405184,13.150748,19.379964,12.276276,21.257712,-1.37020872827368,10.4452782122863
3.5742544,13.170056,19.301503,12.266428,21.141073,-1.15818997425403,10.1652607797887
3.6117296,13.150748,19.281888,12.305821,21.063313,-1.16363413884499,9.9922675501616
3.6417088,13.150748,19.262273,12.345213,21.024434,-1.23077279612826,9.83012135867138
3.673024,13.199019,19.223043,12.305821,20.985554,-0.946429561003794,9.70621813828162
3.7255024,13.305214,19.232850,12.374757,21.014714,-0.878324701539196,9.38792791624424
3.75424,13.334176,19.232850,12.463390,20.936955,-0.817270452434311,9.03511881871052
3.7842688,13.411410,19.164197,12.522479,20.907795,-0.885699259859414,8.61625036853877
3.8267504,13.411410,19.085737,12.532327,20.800876,-0.831969553447408,8.34327909314408
3.8554896,13.488643,19.105352,12.620960,20.771716,-0.702829561303039,7.98303626885935
3.8867568,13.556222,18.968046,12.660352,20.732837,-0.936277728823964,7.51830888752261
3.9192608,13.565876,18.889585,12.689897,20.596758,-0.819645009445245,7.14051286047656
3.957976,13.662417,18.840547,12.837618,20.596758,-1.14059856021175,6.56549368997495
3.9929696,13.691380,18.958238,12.808074,20.587038,-0.526173011754723,6.71649760772791
4.043016,13.633455,19.105352,12.798226,20.499559,0.0850159890989732,6.93921827451381
4.0792928,13.585184,18.987661,12.867163,20.344041,-0.183264132784429,6.51725168020989
4.11048,13.575530,19.134775,12.975492,20.266281,0.172973481998109,6.40970652409237
4.1404608,13.614146,19.056314,12.955796,20.276001,0.073533980080255,6.2748588090577
4.1829696,13.623801,19.066121,13.073973,20.207962,-0.0251906632490679,5.93004914108237
4.2117424,13.614146,18.919008,13.231542,20.139923,-0.836274486538419,5.3241947169941
4.242976,13.652763,18.762087,13.330023,20.178802,-1.67510915287889,4.87688276514229
4.2742816,13.633455,18.693434,13.398960,20.120483,-2.00345159581386,4.59542257592692
4.31308,13.614146,18.605165,13.458049,20.207962,-2.83625222992851,4.51315493870743
4.3442352,13.585184,18.664011,13.428504,20.285721,-2.89079132756298,4.82630024038793
4.3729936,13.672071,18.683626,13.448201,20.324601,-2.72187975696061,4.69190458353734
4.4142496,13.604492,18.654203,13.487593,20.276001,-3.01723887636364,4.63882186698388
4.4454848,13.623801,18.565935,13.477745,20.295441,-3.27949831464179,4.52191733756235
4.4754768,13.633455,18.585550,13.467897,20.178802,-2.77519979592367,4.38432292757813
4.507992,13.720342,18.546320,13.448201,20.149642,-2.4580424865989,4.15002315047362
4.5467488,13.758959,18.516897,13.526985,20.120483,-2.58691950928564,3.82789574344642
4.5779824,13.816883,18.536512,13.595922,20.110763,-2.5175433836745,3.58540932538356
4.6080016,13.874808,18.487474,13.536834,20.120483,-2.32922341358446,3.53141408341979
4.65056,13.903771,18.467859,13.704251,20.042723,-2.5858368896301,2.99598031279594
4.6992448,13.913425,18.369784,13.714099,19.926085,-2.53884620457992,2.64661818172334
4.7308048,14.019620,18.438437,13.714099,19.867765,-1.7665833375033,2.44858564418064
4.7705424,13.981004,18.369784,13.704251,19.828886,-1.96768005303574,2.3895922060269
4.8017696,13.961696,18.399206,13.674707,19.887205,-2.02667232659271,2.61507318283777
4.8329984,14.019620,18.418821,13.704251,19.838605,-1.70622482682844,2.39754464576804
4.8644864,13.952041,18.418821,13.664859,19.848325,-1.8361375195977,2.6263213289981
4.9030144,13.932733,18.487474,13.517137,19.828886,-1.13013202881108,3.03417293865495
4.9342688,13.855500,18.634588,13.477745,19.945524,-1.14752322931052,3.65000860117729
4.9646944,13.884462,18.693434,13.458049,20.013564,-1.01184559765223,3.81291846866354
5.0055264,13.913425,18.781702,13.398960,20.062163,-0.589149155801135,4.06903315660424
5.0342976,13.787921,18.791509,13.300479,20.071883,-0.685340281042198,4.55155485214143
5.0655168,13.710688,18.889585,13.280783,20.285721,-1.24392344199853,5.18982712459501
5.0968368,13.701034,18.703241,13.241391,20.305161,-1.83218879478537,5.05483897370359
5.1480016,13.710688,18.605165,13.182302,20.363480,-2.12539743456937,5.09983544170125
5.1779968,13.710688,18.624781,13.192150,20.421800,-2.27940460161444,5.18970803088725
5.2080288,13.672071,18.664011,13.113365,20.421800,-2.02342484084004,5.48569380539061
5.2604992,13.614146,18.683626,13.113365,20.421800,-2.15170449274436,5.63235414590794
5.3080816,13.672071,18.664011,13.142909,20.489839,-2.33785026086289,5.52072714127019
5.3442352,13.643109,18.585550,13.241391,20.441240,-2.85826641132289,5.19934002128214
5.3819024,13.652763,18.624781,13.241391,20.548159,-3.03718107019268,5.38533842176559
5.4104816,13.681725,18.497282,13.280783,20.606478,-3.68034981197266,5.14828248304482
5.4417072,13.575530,18.458052,13.320175,20.674517,-4.51266532176104,5.3254152197189
5.4917328,13.575530,18.379591,13.270935,20.664797,-4.59014872788471,5.30210670667235
5.5230224,13.546568,18.154017,13.280783,20.645358,-5.42440448647398,4.99463446822758
5.5529904,13.517605,18.075556,13.310327,20.655077,-5.91645631534828,4.89571059954534
5.5942272,13.604492,18.134402,13.300479,20.752277,-5.6965857385055,4.95927987915844
5.6242016,13.681725,17.859790,13.408808,20.674517,-6.46795618711085,4.07758213036289
5.6555312,13.865154,17.653830,13.458049,20.635638,-6.57804206996179,3.25161401016896
5.6880192,13.990658,17.379218,13.586074,20.499559,-7.06499272094824,2.14052970953855
5.72684,14.183741,17.045761,13.645163,20.363480,-7.30527098710874,0.939167923069149
5.7567792,14.164432,16.653458,13.477745,20.441240,-8.45339473417288,0.843713544595598
5.7880288,13.643109,16.408268,13.231542,20.480119,-10.5104531175707,2.10131968359126
5.8329952,13.343831,16.810955,13.054277,20.314881,-9.0374860958393,3.45003597256861
5.868032,12.851469,15.908354,12.699745,19.644207,-10.7814979515391,2.85736273731425
5.9106192,13.189364,15.253720,12.867163,18.759696,-9.55712619385064,-0.701449206006917
5.959216,14.608523,15.650467,13.359568,18.681937,-4.27678422787147,-4.15625263855814
5.9904848,14.830568,16.275346,13.093669,18.545858,0.0764113765691417,-3.27107690460425
6.0205136,14.492673,16.186077,12.680049,18.798576,-0.868418036637919,-1.47442898465755
6.0543008,14.145124,16.562988,12.453542,19.556728,-2.57735296197119,1.50399077988833
6.0917648,13.469334,16.535767,12.000529,20.616198,-7.11145514182257,5.46476253678514
6.1217792,13.285906,16.722111,11.892200,20.995274,-7.99410464060477,6.92589109277348
6.1529952,13.063861,16.957492,11.931593,21.588188,-10.002371589031,8.50870982913309
6.2017584,12.658387,17.039085,12.010378,21.209112,-10.2017972645034,8.80280341908332
6.2330368,12.803199,16.741726,12.512631,22.307461,-15.8260852551803,8.52187992619723
6.2631168,12.716312,16.712303,12.689897,22.521299,-17.4501496816823,8.58432032219206
6.3042704,12.725966,16.467114,12.896707,21.918665,-17.0990324193958,6.92934629369254
6.3342768,12.880432,16.516152,13.398960,22.200542,-18.7441178232059,6.0124926257831
6.3655152,13.276252,16.859417,13.842125,22.511579,-18.3292977852676,5.20591313622884
6.396776,13.855500,17.663638,14.186808,22.375501,-14.1197397007203,4.28633739391076
6.4368048,14.299590,17.594985,13.940606,21.656228,-9.95854357297703,2.79681557303418
6.4667728,14.405786,17.575370,13.536834,21.024434,-6.47693918518263,2.45587624801577
6.5080272,14.251320,17.261527,13.448201,20.820316,-7.15185696961657,2.19077221520551
6.5617248,13.874808,16.702495,13.172454,19.770566,-6.14558937403079,1.11455884570178
6.5892832,13.865154,17.207703,13.526985,19.488689,-4.64548879830868,0.748370819409768
6.620552,14.280282,16.731606,14.344378,19.109613,-6.28385667498998,-3.04033682132617
6.6604864,14.917455,16.166240,15.309492,18.730536,-7.9105389246896,-7.62733364773936
6.6904768,15.651170,15.987703,16.185973,18.623617,-8.41310035854102,-11.0425137780787
6.751752,16.075952,15.501687,16.768989,18.429219,-9.82095514872671,-13.9479698084215
6.7917488,16.809876,15.114858,18.320928,18.137622,-12.4363444416093,-18.9332401512186
6.8329632,17.174882,15.223963,18.740634,17.982104,-11.6255134605083,-20.2705425160109
6.8630096,17.760813,14.202337,18.984650,16.737956,-10.1073957195611,-25.5793140873824
6.91424,17.952921,14.708191,18.935847,16.553278,-7.0664251163273,-25.2151391353124
6.9455632,18.097002,14.896646,18.633268,15.719955,-2.45300352921934,-26.1507189500465
6.9767376,17.799234,14.609004,18.682071,15.846739,-4.94111799347784,-26.0640265070046
7.0267328,17.616731,14.232093,18.955368,16.426919,-9.46096102892728,-25.8284226531125
7.0580624,18.058581,13.537785,20.029037,15.349356,-10.3080176357365,-31.4623763747082
7.0880416,18.548457,12.724451,20.858689,14.773954,-12.1900691543245,-36.0931738425244
7.1292656,18.654117,12.535996,21.200311,14.539892,-12.8005931846771,-37.567163209179
7.1604896,19.316890,12.357459,21.336960,13.691416,-8.96869417145773,-40.7629404928176
7.2080304,19.557026,12.545915,21.190551,13.506117,-6.48874726144544,-40.8813050506339
7.2492592,19.787556,13.269980,21.200311,13.818200,-4.31880736830088,-39.0783213834184
7.2929632,19.941243,14.113069,21.141747,14.257066,-2.27347785541079,-36.6687483015896
7.3230656,19.384128,14.737947,20.663477,15.183562,-3.41980355938222,-32.3002843984021
7.3680032,18.769382,15.352907,19.950952,15.797976,-3.12261668236161,-28.1520481386647
7.395528,18.020159,15.650467,19.306750,16.854595,-5.80435482538296,-23.6735525483674
7.4255264,17.030801,15.928191,18.623507,17.612747,-8.336370413449,-19.2837364360863
7.4580416,16.703471,16.334858,17.823136,17.797426,-6.22485763156338,-16.456662864381
7.4970688,15.767020,16.642337,17.061807,18.720816,-8.7920320616001,-11.5651716035833
7.5267344,15.419471,16.969654,16.827552,19.255411,-9.761827632658,-9.17884381016042
7.5579712,14.521636,16.741726,16.461720,19.760846,-13.9918899564041,-6.47864835018616
7.5992752,13.807229,17.594985,15.752657,21.034154,-15.1784631411903,-0.639747158430204
7.629304,13.266597,18.820932,14.935264,21.772867,-12.6234178044311,4.73251147157598
7.6595392,13.150748,19.507462,14.452707,22.083903,-10.2173029805898,7.24345807426802
7.6930864,12.967319,19.625153,14.324682,22.278302,-10.6305412697058,8.27053806085996
7.7305376,12.841815,20.184185,13.842125,22.414380,-8.17734316053401,10.3845788141942
7.7617264,13.054206,20.694179,13.576226,22.258862,-4.57488632105013,10.9397220185415
7.7917376,13.063861,20.939369,13.123213,21.860346,-1.15893306860054,11.650292782766
7.826752,13.112131,20.870716,12.916403,21.442390,0.726655953158352,11.3621937893585
7.8867824,13.025244,21.135520,12.620960,21.170232,3.09510129045744,12.1470548992947
7.9143328,12.484612,21.645514,11.941441,21.150793,5.2603125867221,15.3515225085064
7.96172,12.088792,21.782820,11.537669,21.578468,4.35926583316068,17.7828675171409
7.9955376,11.799168,22.538004,11.252074,22.161663,4.86848356701244,20.6244458690435
8.0267648,11.702627,23.038190,11.084656,22.657378,5.07514698743861,22.3323494676664
8.0605072,11.789514,23.381455,10.799061,22.667098,7.29505084403405,23.1629455102536
8.098088,12.079138,23.812989,10.611947,22.628218,10.2227059798554,23.3623076111443
8.12932,12.185334,23.401070,10.395289,22.356061,10.8993206496948,22.8607639126723
8.1693104,12.030868,23.087228,10.296808,22.132503,10.5355945552484,22.8330696788716
8.220504,11.625394,22.743963,10.198327,22.297741,7.9830397033496,23.7828006791244
8.251776,11.181303,22.204546,10.060453,22.268582,5.39933126442348,24.499076749117
8.2830608,11.190958,22.233969,10.296808,22.803176,2.97511685484447,24.5533141636981
8.3242624,11.181303,21.674937,10.503618,22.667098,0.886465269313784,23.317102230262
8.3580176,11.355078,21.596476,10.769517,22.735137,0.115739355442384,22.2923265199758
8.3855344,11.847439,22.028010,11.222529,23.065614,0.606825173921093,21.031462847039
8.425496,12.127409,21.723975,11.409643,22.910095,0.430202147322717,19.4778132367072
8.4605648,12.117755,21.694552,11.527821,22.997574,-0.341509140201053,19.3076277382924
8.5067632,12.812853,21.429747,11.902048,22.803176,0.46495168480867,16.469635043908
8.5480256,13.295560,20.507835,12.217188,22.035304,0.488948205145584,12.7255698782372
8.5779888,14.048583,19.860535,12.798226,21.763147,-0.144775434856457,8.80083243546685
8.6093072,14.087199,19.379964,12.837618,21.345191,-0.37266066050911,7.45363157886984
8.6417856,14.154778,19.213235,12.857314,20.966114,0.450207326943526,6.53822069305957
8.6792992,14.328553,18.507090,12.699745,20.460679,0.852171962828459,4.82201753457728
8.7104592,14.145124,18.065749,12.601264,20.003844,0.600784848881723,4.11360622774891
8.7405264,13.952041,17.555755,12.276276,19.615048,0.607918367387515,3.87409917519825
8.7905184,14.106508,17.212489,12.335365,19.517849,0.0867833715421742,2.76453695746771
8.8217744,14.444402,17.467486,12.453542,19.809446,0.733152390187004,2.63525794829179
8.8530624,14.531290,17.918635,12.433846,20.412080,0.604605937061701,4.04122525606641
8.9031056,14.463711,18.124594,12.345213,20.713397,0.3665770868934,5.08729748681121
8.9342816,14.280282,17.948058,12.089162,20.868915,-0.506019630139249,5.96668369511217
8.9667728,14.077545,18.301130,12.246732,21.461830,-2.43905219451382,7.37969450246283
8.9967248,13.932733,18.448244,12.433846,21.724267,-3.86469557424609,7.8514731374951
9.0355184,13.565876,18.624781,12.817922,22.531019,-8.20634890530323,9.13170794531086
9.0667744,13.421064,18.693434,12.955796,22.667098,-9.29580062647677,9.41513660210467
9.0985168,13.411410,18.104979,13.349720,22.015864,-10.5424026678886,6.96963316079129
9.153064,13.430718,17.506717,13.723948,21.549309,-12.2599318918107,4.68954512595383
9.1820736,13.256943,16.839802,13.920910,21.306311,-15.0860649693364,3.33930359337214
9.2104896,13.083169,16.565189,14.265593,21.500709,-18.3306702102641,2.875125436755
9.244248,13.131440,16.329808,14.462555,21.238272,-18.8132913112146,1.64756540222889
9.2830016,13.392101,17.088679,14.826935,20.596758,-14.3201365212812,0.572820892711061
9.3118016,13.758959,16.398461,14.767847,20.382920,-14.6355858822189,-1.39299650694706
9.3417792,14.067891,17.118435,14.698910,19.877485,-9.24295892284175,-1.5367162273049
9.3842608,14.338207,16.388653,14.600429,19.644207,-9.80442285052849,-3.35429756531819
9.4142896,14.676102,16.859417,14.541340,19.721967,-7.0577115831729,-3.04351076715477
9.4530416,14.762989,17.496909,14.285289,20.003844,-4.6839713404871,-1.32265432821109
9.5105552,14.511981,17.683253,13.911062,20.227402,-4.42469357645625,0.503318532244375
9.5455056,14.608523,17.712676,13.714099,20.023284,-2.72377611195892,0.443046751151126
9.5767424,14.560252,17.820559,13.428504,20.120483,-1.91843272127944,1.40668027342304
9.626752,14.589215,17.751906,13.320175,20.042723,-1.44922224458233,1.34948667356626
9.6567888,14.608523,18.124594,13.123213,20.217682,-0.073844884178154,2.50483202644013
9.689304,14.627831,18.085364,12.965644,20.314881,0.0564283859349284,2.86608052043286
9.729224,14.328553,18.144209,12.778530,20.655077,-1.23872250752287,4.42238194319522
9.7792416,13.498297,18.585550,12.345213,21.559029,-4.05490583888281,8.90437026251265
9.8104912,13.421064,18.732664,12.315669,21.996424,-5.11285450593387,9.9124628682022
9.850528,13.189364,18.507090,12.079314,21.908945,-5.63628389200909,10.4872655521325
9.8825392,13.324522,18.664011,11.508124,21.831186,-2.5589300598971,11.5299136029615
9.9117488,13.372793,18.683626,11.192985,21.432670,0.0123057071043977,11.6053346599233
9.9417216,13.681725,18.644396,11.261922,21.053594,1.95313967403026,10.2183685570231
9.9942288,14.627831,18.732664,11.232377,19.916365,9.34050073774505,6.79832444627951
10.0230096,15.023651,18.526705,11.114200,18.895775,13.9769075180947,4.43785366835222
10.0530592,15.448433,18.477667,11.281618,17.816865,18.5012897836338,1.49847104076277
10.0955264,15.699441,18.252093,11.389947,16.893474,21.6355756930704,-1.04488312524628
10.1254848,15.853907,18.075556,11.626302,16.592157,21.8126100009781,-2.61765502050947
10.1592688,16.182148,18.134402,12.000529,16.475518,22.0548410663808,-4.13327084329168
10.1967344,16.616584,18.006903,12.660352,15.641934,23.6660976938955,-7.88154388969385
10.2267536,16.521714,17.359603,13.408808,15.427377,19.3333462277379,-10.6098237319366
10.2567856,16.560135,17.124221,14.088327,15.427377,16.1978764163455,-12.3690669842257
10.2980384,16.790665,16.849609,14.501948,15.329851,14.9081339033835,-14.2090992256799
10.3493248,17.088433,16.369038,15.496606,15.359109,10.6760117269456,-17.3208421369468
10.3824048,16.915536,17.098598,15.821594,15.115294,12.1749421613541,-16.7203051736173
10.4330064,16.809876,16.467114,16.117037,15.183562,8.54357966564409,-18.0548992552668
10.461736,16.905931,16.701850,16.422328,14.900737,9.53558101681602,-18.8317205387569
10.4929808,16.694611,16.176159,16.466409,14.734943,7.55858658466786,-19.8050914537796
10.5230736,16.685006,16.086890,16.808031,14.842222,5.68706326011271,-20.3389993321143
10.5729904,16.790665,16.364614,16.993483,15.290841,4.7990820738721,-19.5102562492249
10.6067312,16.500734,17.098598,16.827552,16.504678,2.78159617629856,-15.3335642669007
10.6355504,16.182148,16.989492,16.593297,16.689356,1.55594678659829,-14.2521783294401
10.675488,15.902177,16.900224,16.378564,16.786555,0.727207136036324,-13.3721284106385
10.7080752,15.776674,16.959736,16.373087,17.039273,-0.29471866834148,-12.6149635267567
10.7367824,15.612553,16.447498,16.067796,17.282271,-2.35218342554764,-12.2301047524653
10.769312,15.602899,16.839802,15.782201,17.486389,-0.803450977245874,-10.6995509114495
10.8080272,15.641516,16.967300,15.742809,17.777986,-1.06808488209853,-10.0080161834985
10.8380272,15.506358,16.967300,15.447366,18.069583,-1.5051784520301,-8.74820095116723
10.8680272,15.448433,16.947685,15.486758,17.923784,-1.41977805374817,-8.98293344051908
10.9079792,15.525666,16.869224,15.595087,17.826585,-1.45992553736848,-9.60962711598549
10.9392704,15.496704,17.143836,15.585239,17.846025,-0.673377452079876,-9.05922911628087
10.9705264,15.332583,17.477294,15.260252,18.079303,0.184041780519798,-7.24753262517415
11.0055408,15.110538,17.722483,15.004201,18.341740,0.239636302492624,-5.55334209530156
11.0567376,14.637485,18.252093,14.245897,18.818015,1.34534431962078,-1.6512548054923
11.0943264,14.096853,18.703241,13.674707,19.265131,1.4574034862875,1.88041571618589
11.1280064,13.816883,18.919008,13.477745,19.537288,0.998478513577879,3.55034257634545
11.1642944,13.739650,18.850355,13.477745,19.867765,-0.563091222829877,4.08238104521057
11.1955136,13.710688,18.722856,13.635315,20.169082,-2.5630405804712,4.06940599877753
11.2255664,13.556222,18.477667,13.586074,20.402360,-4.49171572269495,4.46547298365643
11.2667696,13.488643,18.016711,13.792884,20.509279,-7.283599869747,3.67712790601755
11.2967952,13.536913,17.732291,14.078479,20.402360,-8.65756777800378,2.43676708321396
11.3279872,13.536913,17.447871,14.354226,20.450959,-10.6544623906947,1.53926158853382
11.3580432,13.614146,17.330180,14.600429,20.509279,-11.734915608805,0.809265164682142
11.4080464,13.623801,16.888839,14.994353,20.373200,-14.0369294038461,-0.844434389158382
11.4380224,13.749304,16.594612,15.309492,20.159362,-14.9415574531665,-2.47245097107572
11.469312,13.855500,16.437691,15.555695,19.964964,-15.2785624723091,-3.69161939197764
11.5217504,13.990658,16.398461,15.713264,19.935805,-15.3266356839786,-4.35614714038845
11.5505344,13.990658,16.369038,15.831442,19.916365,-15.7282753424006,-4.65620228687504
11.5818352,13.961696,17.257297,15.841290,19.809446,-12.4307642133681,-3.41862854080789
11.6217776,13.942387,17.207703,15.821594,19.819166,-12.6387139193341,-3.40548761957001
11.6530512,14.096853,16.369038,15.831442,19.683087,-14.6483568071753,-5.22127182907902
11.7055312,14.289936,16.418076,15.811745,19.323451,-12.6394692867664,-6.03718764767584
11.75552,14.396132,16.692688,15.654176,19.167932,-10.3452481739202,-5.75237805693467
11.786752,14.454057,16.761341,15.496606,19.206812,-9.53823686519914,-5.39528786029465
11.8167744,14.540944,17.035953,15.388277,19.245691,-8.07856523052708,-4.86451129005455
11.857968,14.560252,16.996723,15.289796,19.197092,-7.68700071620488,-4.85179744395139
11.8892832,14.666448,17.045761,15.220859,19.061013,-6.51241462790898,-5.05825586618806
11.919288,14.569906,17.173259,15.014049,19.274851,-6.42910778902646,-3.95142496204754
11.9505376,14.511981,17.506717,14.738302,19.372050,-4.93025123598298,-2.6511777292546
11.9905232,14.396132,17.849982,14.403467,19.556728,-3.68756643359336,-0.981432743661472
12.0217776,14.203049,18.075556,14.206505,19.653927,-3.26034476610628,0.262284614809353
12.0518272,14.096853,18.124594,13.911062,19.673367,-2.56656193857173,1.15802880994469
12.09172,14.000312,18.183440,13.901213,19.790006,-3.03671825407326,1.62803689367687
12.1217712,13.768613,18.605165,13.586074,20.081603,-2.32409879499166,3.75937400298498
12.1530304,13.623801,18.860162,13.477745,20.207962,-2.01435766707819,4.81460991222497
12.1842848,13.594838,18.879778,13.408808,20.256561,-1.98014836789966,5.11017947185996
12.2242816,13.623801,18.801317,13.359568,20.188522,-1.76756712866446,4.94493649787229
12.2555696,13.546568,18.850355,13.320175,20.139923,-1.57749148293479,5.18417907773763
12.2855584,13.536913,18.889585,13.320175,20.256561,-1.85532687142957,5.4235790285926
12.3304992,13.421064,18.899393,13.280783,20.324601,-2.30207399108119,5.85155837100412
12.368056,13.305214,18.958238,13.231542,20.509279,-2.9282865120346,6.53156917287766
12.3995728,13.208673,18.958238,13.054277,20.645358,-3.12036586322512,7.28768833437212
12.4317824,13.054206,19.105352,12.857314,20.917515,-3.38623345910027,8.5964629906579
12.4705408,13.073515,19.124967,12.758833,21.063313,-3.40683178219467,8.98692757221475
12.5005312,13.005936,19.066121,12.729289,21.189672,-4.1416117047537,9.28246125220201
12.5305008,12.880432,18.997468,12.660352,21.364631,-5.13584221227726,9.83624338838533
12.5817584,12.861124,18.968046,12.748985,21.345191,-5.52092954699671,9.62390660521937
12.6129808,12.783891,18.869970,12.798226,21.364631,-6.33556794705434,9.57738009188598
12.6429888,12.745274,18.801317,12.906555,21.461830,-7.35066007071215,9.46834986495559
12.6930032,12.629424,18.703241,12.945947,21.452110,-8.17898905892575,9.48483446683386
12.7242944,12.590808,18.673818,13.024732,21.636788,-9.23770606045906,9.60888698913261
12.7530704,12.397725,18.742471,13.024732,21.685387,-9.81943065002834,10.1754011676048
12.7880432,12.455650,18.771894,13.014884,21.743707,-9.66771970136979,10.1904595673199
12.8242592,12.397725,18.762087,13.005036,21.870066,-10.2632154805342,10.4894693739343
12.8630736,12.301184,18.752279,12.985340,21.840906,-10.4808510822123,10.6851194463291
12.8955072,12.281875,18.752279,12.985340,21.850626,-10.5780648541672,10.7392134826796
12.9380256,12.262567,18.811124,13.093669,21.772867,-10.5353374865019,10.5243936132603
12.9855056,12.397725,18.673818,13.162606,21.685387,-10.4854022701593,9.79096003781794
13.0205312,12.513575,18.605165,13.221694,21.529869,-10.0226065543444,9.11936001903372
13.056736,12.697003,18.605165,13.280783,21.432670,-9.26977956842154,8.477857645289
13.0880256,12.870778,18.477667,13.379264,21.286871,-8.96300868961726,7.53613069261272
13.12172,13.054206,18.330553,13.418656,21.034154,-8.17134670200617,6.52073354323183
13.1717568,13.208673,18.252093,13.526985,20.946675,-7.97541924298006,5.74666325891608
13.200536,13.324522,18.154017,13.586074,20.898075,-7.9472704857503,5.18160174853968
13.2305264,13.353485,18.212862,13.694403,20.771716,-7.58983762141195,4.80584798165141
13.2742368,13.372793,18.154017,13.723948,20.732837,-7.69597549779857,4.56786912321491
13.3017936,13.295560,18.095171,13.714099,20.732837,-8.1323788180853,4.66190912179452
13.3333184,13.305214,18.085364,13.723948,20.645358,-7.88918849973454,4.4836519281883
13.3642688,13.430718,18.104979,13.783036,20.645358,-7.57646996685568,4.13573717532416
13.4030352,13.478989,18.163824,13.832277,20.596758,-7.2120949808439,3.95265362852718
13.4342864,13.459680,18.183440,13.783036,20.596758,-7.05638752167896,4.11952530140642
13.4643008,13.507951,18.065749,13.802732,20.548159,-7.20283160826653,3.74414808953811
13.511744,13.392101,18.026518,13.773188,20.577318,-7.7336195186134,4.02491188968095
13.5456032,13.450026,18.006903,13.851973,20.684237,-8.18440599277071,3.87226345957652
13.5792592,13.517605,18.055941,13.861821,20.732837,-7.96735092063508,3.85503047032822
13.6317728,13.536913,17.889212,13.842125,20.693957,-8.28982564968224,3.56174323985624
13.6692816,13.507951,17.928443,13.881517,20.431520,-7.55460509786911,3.2193146712358
13.6998512,13.575530,17.987288,13.970150,20.480119,-7.55221949781773,3.05912654802581
13.7333328,13.594838,18.006903,14.029239,20.392640,-7.32997758179954,2.80357553520673
13.7705328,13.633455,17.957865,14.068631,20.246841,-7.03106541338257,2.36461101962886
13.8018016,13.643109,17.948058,14.216353,20.256561,-7.52621759295559,2.04964102350665
13.8355408,13.720342,17.928443,14.304986,20.159362,-7.30247853246317,1.54896590395268
13.8830224,13.749304,17.830367,14.285289,20.071883,-7.20215489409911,1.25852373545839
13.914328,13.652763,17.879405,14.236049,20.091323,-7.27105384889937,1.64942291488354
13.9443728,13.710688,17.928443,14.255745,20.062163,-6.87530888141793,1.52382326290708
13.9855312,13.681725,17.967673,14.157264,20.178802,-6.89740807116481,2.00582549163356
14.0155488,13.585184,17.928443,14.147416,20.256561,-7.57545950602196,2.27478468015343
14.0467312,13.633455,17.967673,14.078479,20.324601,-7.27304867746904,2.47203205659885
14.0792592,13.652763,18.036326,13.960302,20.392640,-6.81506603109328,2.8681859551806
14.1267616,13.556222,18.065749,13.989846,20.431520,-7.25922246155819,3.10136263136491
14.1580512,13.546568,18.036326,13.930758,20.344041,-6.93172621094474,3.07128500402142
14.1918288,13.575530,18.036326,13.861821,20.353760,-6.64578050327647,3.16601963486192
14.2467488,13.556222,17.977480,13.871669,20.392640,-7.06709753653905,3.15630057795961
14.2805584,13.633455,17.908827,13.950454,20.421800,-7.3775824020974,2.78464681624839
14.314272,13.604492,17.889212,14.039087,20.412080,-7.79186390000096,2.62223134341084
14.3530368,13.623801,17.849982,14.078479,20.382920,-7.89230461644205,2.40520269495555
14.383224,13.701034,17.742099,14.236049,20.295441,-8.21702742166619,1.65101977145311
14.4155632,13.739650,17.751906,14.304986,20.324601,-8.35721132254345,1.4940953854457
14.4554992,13.758959,17.575370,14.354226,20.266281,-8.8694266212736,1.01328646151953
14.4955536,13.807229,17.389026,14.531492,20.071883,-9.29280196670862,0.00255211413981904
14.5243232,13.855500,17.290950,14.610277,19.955244,-9.3471314258959,-0.569282648939163
14.568024,13.884462,17.261527,14.728454,19.955244,-9.71716171357556,-0.902282149549245
14.5996144,13.903771,17.330180,14.797391,19.935805,-9.56668015479062,-1.00078121398704
14.62676,13.961696,17.281143,14.964809,19.955244,-10.1150638346452,-1.48383871464488
14.6568,14.000312,17.124221,14.925416,19.867765,-10.1316814740462,-1.85191484875619
14.7079888,14.019620,17.035953,15.082986,19.838605,-10.768481218795,-2.37300717795261
14.7380784,14.029274,16.957492,15.122378,19.848325,-11.1593279312796,-2.57257936124915
14.76928,14.038929,16.879032,15.211011,19.712247,-11.2526558512398,-3.09086050368313
14.807976,14.058237,16.859417,15.299644,19.663647,-11.3772815946799,-3.40334445299727
14.8405328,14.106508,16.771149,15.329188,19.702527,-11.7276917244515,-3.62870930307015
14.8905184,14.125816,16.790764,15.378429,19.702527,-11.743307830539,-3.72949601879265
14.933048,14.019620,16.780956,15.437518,19.790006,-12.5979296056597,-3.51964965897393
14.9630224,14.058237,16.722111,15.358733,19.809446,-12.4870313001653,-3.50351149399333
14.9942544,13.990658,16.741726,15.417821,19.935805,-13.2217272376435,-3.2626421230593
15.0280752,14.000312,16.771149,15.299644,19.974684,-12.8429118442848,-2.94979188015577
