0.0321984,15.629532,17.830367,15.330656,17.136472,-2.64148630191043,8.70776560476409
0.063336,15.561937,17.830367,15.330656,17.068433,-2.63330296643668,8.7212788082147
0.0970528,15.610219,17.859790,15.399594,17.175352,-2.96759973254555,8.72763384577879
0.1445136,15.581250,17.722483,15.458684,17.078153,-3.37993249232646,8.29101544353103
0.1771072,15.706784,17.536140,15.507925,17.039273,-3.61220947104339,7.60289810204366
0.205864,15.503999,17.545947,15.517773,17.097592,-4.46885910147041,8.06719315428166
0.2444976,15.532968,17.428256,15.616256,17.068433,-4.98966585494819,7.59270041433974
0.2895664,15.455716,17.467486,15.635952,17.194791,-5.5972501709431,7.97002213747514
0.3258,15.552281,17.516524,15.744283,17.078153,-5.09217904010981,7.48567142047898
0.367016,15.610219,17.477294,15.803373,16.932354,-4.74461347711436,6.96843049980613
0.3957952,15.899912,17.300758,15.872310,16.689356,-3.79798052392298,5.62427592787672
0.4270416,16.083384,17.241912,15.941248,16.524118,-3.07187197862608,4.79696711308536
0.4570576,16.112354,17.212489,16.098820,16.533838,-3.6296403611347,4.43286502587337
0.5057872,16.237887,17.114414,16.088972,16.397759,-3.05540716690115,3.83189337636519
0.5370912,16.363421,16.986915,16.177606,15.900981,-1.69354877245988,2.38389559631349
0.569528,16.431016,16.918262,16.384420,15.891223,-2.3597025950668,1.76919179409472
0.6186048,16.527580,16.790764,16.423813,15.666785,-1.83790714204618,0.918815926790633
0.649888,16.498611,16.869224,16.394268,15.744850,-1.84077982599111,1.29433250979449
0.6811344,16.537236,16.918262,16.384420,15.725334,-1.45795709859214,1.29605760382604
0.719536,16.527580,16.859417,16.374571,15.715576,-1.61365009675543,1.20992249848478
0.7508272,16.604831,16.937877,16.374571,15.657027,-0.912599356236446,1.11108173693717
0.78004,16.556549,16.967300,16.335178,15.627752,-0.741264695245216,1.26307194614777
0.8122112,16.508267,17.134029,16.305634,15.744850,-0.655634234593264,1.89228803361062
0.863344,16.566206,16.996723,16.295785,15.647268,-0.547926095692265,1.40014261937795
0.8920528,16.614488,17.006530,16.177606,15.588719,0.239279005405018,1.43633765539286
0.9608448,16.527580,17.026146,16.167758,15.588719,0.0561069753979151,1.63906018747285
0.994488,16.643457,17.104606,16.276089,15.686301,-0.0183195545158705,1.55635447870291
1.0232944,16.662770,16.986915,16.364723,15.608236,-0.369880615924842,1.02846028441588
1.055784,16.701396,17.035953,16.335178,15.608236,0.0115721509331461,1.09847686064408
1.0970256,16.730365,16.928070,16.345027,15.569203,-0.142870693391341,0.774450694924746
1.1258416,16.768991,16.986915,16.374571,15.510654,0.26826904198168,0.657620832838522
1.1582768,16.329605,16.937877,16.335178,15.461863,-1.00883440131192,1.31514241641199
1.1998352,16.339211,16.869224,16.335178,15.403313,-1.00163666340566,1.07416595594747
1.2282448,16.396843,16.839802,16.433661,15.374039,-1.14543792134883,0.698731362754809
1.2595104,16.521714,16.820186,16.404116,15.256941,-0.303432283668048,0.291100696685684
1.2935808,16.588952,16.908455,16.404116,15.110568,0.701083771888183,0.0715188887996789
1.3332976,16.617768,16.947685,16.463206,15.130084,0.651137836827863,0.0243471330516445
1.3623664,16.685006,16.800571,16.482902,14.973953,0.861515648657449,-0.666419981473615
1.3945104,16.790665,16.771149,16.541992,14.954436,0.971485599930119,-1.03650677117473
1.4445168,16.771455,16.741726,16.378564,14.905645,1.54572392541292,-0.864124768828472
1.4748288,16.944352,16.516152,16.524973,14.769031,1.34178939769546,-2.06564569437379
1.5061808,16.915536,16.437691,16.710425,14.769031,0.355527260864382,-2.4743958454956
1.5482528,16.934747,16.447498,16.749467,14.720240,0.483086403859615,-2.64405943079269
1.5873392,16.905931,16.398461,16.768989,14.710481,0.19699084346936,-2.73581575364459
1.6195408,16.848298,16.349423,16.768989,14.671449,-0.0158083200327548,-2.79967664313847
1.6607408,16.829087,16.447498,16.720186,14.710481,0.274465955840503,-2.43340605494926
1.6883312,16.934747,16.447498,16.749467,14.671449,0.650898693749812,-2.73322179803933
1.7207984,16.896325,16.418076,16.856834,14.681207,0.0284271423838858,-2.88555400186887
1.7508176,16.934747,17.249802,16.876355,14.642174,2.88319360811086,-1.55030651628329
1.7894912,16.982774,17.200205,16.905637,14.759272,2.37743215127817,-1.55996301693096
1.8232528,16.886720,17.110931,17.071568,14.729998,1.32412631550109,-1.88888849351503
1.850808,16.809876,17.001818,17.120371,14.759272,0.465810723616165,-1.98480307829052
1.8920688,16.886720,16.991898,17.169174,15.052018,-0.473031156062897,-1.69045798964069
1.9220592,16.848298,16.872866,17.305823,15.110568,-1.63052909862919,-1.9620437555104
1.9520464,16.752244,16.476091,17.335105,14.895887,-2.60307169835941,-2.94939771700569
1.9832656,16.829087,16.406655,17.422950,14.905645,-2.90619152112527,-3.33194073168992
2.042112,17.050012,16.347139,17.471753,14.681207,-1.79234766028226,-4.29597465072804
2.0745312,17.088433,16.575284,17.491275,14.769031,-1.29275557816804,-3.81531924672246
2.1070912,17.136461,16.555446,17.452232,14.700723,-0.841560628330276,-3.99021217784217
2.1545136,17.059617,16.714156,17.413190,14.671449,-0.348894117652647,-3.56437728665206
2.1883296,17.069223,16.813349,17.286302,14.710481,0.295608357709437,-3.12053599458573
2.228264,16.877114,16.872866,17.081329,14.749514,0.433910626866027,-2.28128074992504
2.2670448,16.848298,16.872866,17.110610,14.710481,0.374661839025833,-2.35237124559487
2.2983024,16.781060,16.952221,17.071568,14.925162,-0.181867062271532,-1.64627393076757
2.3282752,16.800271,17.011737,17.100850,14.983711,-0.22623480778493,-1.51725523088573
2.3682864,16.819482,16.962140,16.993483,14.915404,0.270402693077216,-1.57922215220341
2.3998352,16.877114,16.972060,17.081329,14.915404,0.189111157969635,-1.80599029695795
2.43084,16.733033,16.962140,17.091089,14.856854,-0.13907667006167,-1.7027040092943
2.460784,16.867509,16.981979,17.100850,14.788547,0.553551665275358,-2.03180747393836
2.510768,16.915536,16.972060,17.198456,14.847096,0.146907362588387,-2.18829930229873
2.5407344,16.857903,16.942301,17.276541,14.847096,-0.395676114149195,-2.27568700221991
2.5720224,16.781060,16.932382,17.208217,14.749514,-0.113576911126741,-2.2259035574493
2.6232592,16.867509,16.783591,17.159414,14.583625,0.415329666372875,-2.85707284369365
2.6533056,16.886720,16.892704,17.110610,14.671449,0.694107064278349,-2.45134312134625
2.6845872,16.829087,17.140689,17.110610,14.690965,1.23540141364701,-1.87429652703476
2.7245312,16.915536,17.120850,17.110610,14.661691,1.54679720969635,-2.1070570424843
2.7545632,16.877114,17.229963,17.022765,14.700723,1.93734107027892,-1.63055888799014
2.7857856,16.944352,17.259722,17.013004,14.642174,2.47733883133337,-1.77840096437485
2.817096,16.781060,16.408268,16.934919,14.759272,-0.912784230453806,-2.69806544923436
2.8770096,16.656190,16.633842,16.749467,15.032502,-0.884228229784127,-1.26758369044015
2.908272,16.329605,16.692688,16.583537,15.071535,-1.32506249938366,-0.245552171499894
2.9420832,16.691739,16.771149,16.485931,15.091051,0.375987844526292,-0.526190237674882
2.9795152,16.682083,16.829994,16.476170,15.247182,0.0346480048049873,-0.109671445816766
3.010752,16.720708,16.869224,16.427367,15.178875,0.685656694239057,-0.143856302411099
3.0407472,16.624144,16.898647,16.485931,15.208150,0.169080560447264,0.0257833052091556
3.0820496,16.720708,16.947685,16.456649,15.247182,0.604566474212838,0.0662027801806797
3.1107552,16.396843,16.947685,16.495691,15.178875,-0.341054288940218,0.436520389974903
3.1420368,16.416054,16.869224,16.544494,14.983711,-0.0324323262665001,-0.168645737160219
3.1733184,16.473687,16.829994,16.554255,14.856854,0.429820652198917,-0.582909491656499
3.2120176,16.454476,16.859417,16.476170,14.983711,0.295173171284849,-0.134473268047487
3.2433168,16.425660,17.035953,16.466409,14.973953,0.840808139069362,0.230012625317674
3.2732624,16.444870,17.026146,16.398085,15.003227,1.00559290413163,0.349820921711612
3.3170848,16.492898,16.967300,16.427367,14.993469,0.903418491566347,0.0936352369401432
3.3445312,16.416054,17.075183,16.378564,14.973953,1.23907184003502,0.468917012211792
3.3757936,16.339211,17.035953,16.571537,14.983711,0.166538723160181,0.215029659896012
3.4070576,16.377633,17.124221,16.581385,14.964195,0.609467710571901,0.253740076894437
3.447024,16.416054,17.192874,16.561688,14.954436,1.05558210312532,0.32587475879338
3.4870448,16.473687,17.281143,16.359042,14.983711,2.12034509758048,0.785054085821047
3.5283088,16.483292,17.124221,16.571537,14.856854,1.3524674779822,-0.10263018622867
3.5670816,16.435265,17.094799,16.502599,14.759272,1.67740656387771,-0.127382161720577
3.598296,16.492898,17.153644,16.541992,14.798305,1.78144455486442,-0.120167262404639
3.6282832,16.531319,17.202682,16.349282,14.817822,2.66109220900065,0.268750355951179
3.6694944,16.627373,17.232105,16.349282,14.739756,3.33333198025447,0.0158757119124548
3.6995744,16.636979,17.124221,16.437127,14.671449,2.95133537309721,-0.467153975511255
3.731,16.694611,17.075183,16.456649,14.632416,3.04664437072263,-0.757940944682145
3.7620384,16.761849,17.045761,16.495691,14.534834,3.37124091431514,-1.16891960869441
3.8120368,16.704217,17.016338,16.544494,14.622658,2.61783390496609,-1.04855121238741
3.8433472,16.829087,16.947685,16.593297,14.593383,2.73017127713659,-1.52186839616705
3.8732592,16.905931,16.829994,16.651861,14.505559,2.70083785627298,-2.12434211217766
3.9258032,16.819482,16.771149,16.564016,14.612900,2.16670338988708,-1.73978456665456
3.9545008,16.829087,16.810379,16.495691,14.612900,2.56088355022697,-1.56838749413944
3.9869792,16.752244,16.839802,16.544494,14.661691,2.0698164187773,-1.37886184770406
4.0270864,16.752244,16.928070,16.524973,14.690965,2.31970890426256,-1.133317789437
4.0570048,16.771455,16.879032,16.476170,14.690965,2.39306499137862,-1.17105192285425
4.0971536,16.771455,16.859417,16.515212,14.632416,2.39771195748463,-1.37909950010877
4.1632368,16.694611,17.016338,16.456649,14.642174,2.82424823363378,-0.846207038305596
4.2008464,16.656190,16.947685,16.456649,14.622658,2.5482607150973,-0.93902311372799
4.2333296,16.627373,17.045761,16.456649,14.681207,2.56737492941481,-0.607478240499716
4.2820432,16.483292,17.026146,16.476170,14.729998,1.80369421893747,-0.340182509090293
4.312016,16.550530,17.084991,16.544494,14.759272,1.87211698047561,-0.416165370598663
4.340744,16.531319,17.134029,16.603058,14.710481,1.93419736547895,-0.483435447682468
4.383272,16.521714,17.016338,16.583537,14.671449,1.72697743246625,-0.714426865388076
4.4120176,16.483292,16.849609,16.778749,14.749514,0.122018724075071,-1.14321733913513
4.4420192,16.444870,16.820186,16.768989,14.798305,-0.232199794427403,-1.02573669365792
4.478352,16.454476,16.771149,16.798270,14.798305,-0.460811355203531,-1.18080616542818
4.5133424,16.406449,16.879032,16.788510,14.895887,-0.566366989505625,-0.712157913446832
4.5445104,16.339211,16.751533,16.808031,14.954436,-1.46748247170374,-0.753963326594029
4.5745248,16.740021,16.682880,16.768989,15.042260,-0.5529033987568,-1.33787506331192
4.6182736,16.672426,16.643650,16.749467,15.188633,-1.32983740205455,-0.997545230472076
4.6457696,16.624144,16.663265,16.817792,15.178875,-1.62122041024002,-1.01405902004602
4.677064,16.701396,16.624035,16.895877,15.159359,-1.69558452394099,-1.38321466718395
4.7095616,16.643457,16.594612,16.866595,15.159359,-1.88073376870069,-1.28790907895128
4.7482768,16.595175,16.614227,16.895877,15.247182,-2.36909150429348,-1.06319912888185
4.7882704,16.546893,16.486729,16.895877,15.198391,-2.77905321297066,-1.29706564371127
4.8183408,16.614488,16.418076,16.934919,15.217908,-2.97981319279051,-1.56677859320979
4.8696096,16.537236,16.388653,16.876355,15.178875,-3.00087247718353,-1.45912506457342
4.8995648,16.537236,16.516152,16.925159,15.227666,-2.91159643161006,-1.22506082210576
4.931232,16.566206,16.525959,16.944680,15.266699,-2.98161996660933,-1.2199719642927
4.9720304,16.595175,16.496536,16.934919,15.344764,-3.21236804023566,-1.16552892659317
5.0020176,16.604831,16.418076,16.934919,15.178875,-2.87998859449479,-1.62069341935289
5.0332976,16.720708,16.329808,17.013004,15.110568,-2.82248851622863,-2.23188990010929
5.0633648,16.749678,17.229963,17.032525,15.032502,0.374586407185838,-0.843698603312358
5.1032896,16.387238,16.339615,17.100850,15.042260,-3.95346811347832,-1.92184968452741
5.1345584,16.473687,17.259722,17.120371,14.964195,-0.478017506689383,-0.593625563019812
5.1657936,16.512108,17.239883,17.208217,14.866613,-0.385606193865686,-1.01532963041396
5.2057472,16.569741,17.249802,17.130132,14.769031,0.424714824903813,-1.13651460160153
5.2357936,16.579346,16.339615,17.139892,14.729998,-2.39607717584851,-2.88265267994736
5.267096,16.656190,17.249802,17.061807,14.729998,1.06539465522498,-1.23662282523838
5.298296,16.617768,16.378845,17.032525,14.739756,-1.80916139928452,-2.67651364369532
5.3408016,16.627373,16.427883,16.934919,14.778789,-1.41735124667297,-2.36660503834058
5.3683152,16.608163,16.496536,16.915398,14.856854,-1.45518992021575,-2.03383500480612
5.4170304,16.588952,16.565189,16.739707,14.915404,-0.894058445689431,-1.47123444473429
5.4595424,16.598557,16.467114,16.651861,14.876371,-0.748631013977271,-1.58596728153781
5.489552,16.646584,16.388653,16.700664,14.895887,-1.08244908176524,-1.85875532334924
5.5207696,16.694611,16.427883,16.817792,14.856854,-1.06413256095017,-2.13968600316247
5.5607888,16.877114,17.220044,16.944680,14.632416,2.40589195881283,-1.6389213618029
5.590784,17.011590,17.071253,17.071568,14.583625,2.09348432619442,-2.43148786536776
5.6220768,17.078828,17.061334,17.208217,14.534834,1.97551131099242,-2.87658939792906
5.6532784,17.078828,16.823269,17.325344,14.407977,1.25207827871647,-3.7314230138038
5.6932992,17.194093,16.595123,17.491275,14.212813,0.991089663025939,-4.96966845115576
5.7232784,17.174882,16.426494,17.598642,14.164022,0.188536616375466,-5.51596496529167
5.7545328,17.242120,16.317380,17.725530,14.095715,-0.145666628875047,-6.16194162132387
5.7970752,17.357385,16.357058,17.774333,14.105473,0.153713357851831,-6.33531902675793
5.8258192,17.415018,16.357058,17.832896,14.134748,0.0408372753186832,-6.46809408184438
5.8570272,17.318963,16.138832,17.832896,14.261604,-1.39911858232399,-6.48352883612618
5.8882752,17.415018,16.109073,17.832896,14.232330,-1.08619643224753,-6.74841949682683
5.9370272,17.520677,16.218187,17.784093,14.437252,-0.920755527202545,-6.25598122102683
5.9682768,17.549494,16.118993,17.344865,14.447010,0.304920196805685,-5.75835560507401
5.9988048,17.587915,15.970202,17.335105,14.310395,0.448913487384192,-6.33714084118172
6.055848,17.635942,15.702379,17.198456,14.310395,0.206223043109163,-6.69678847682783
6.0907936,17.165277,15.226249,17.032525,13.949342,-1.085921288598,-7.25473859285588
6.1245664,17.347780,15.345281,17.627923,13.676113,-1.20265535324939,-8.82706690891044
6.1708384,18.413981,14.998103,18.857762,12.768600,0.0426322468913947,-14.8809953630908
6.2008064,18.663722,14.561650,19.140820,12.105043,0.745684803883884,-17.9147555143076
6.2321584,19.019122,14.561650,19.453160,11.783022,1.92966390919039,-19.550500893608
6.2720432,19.518604,14.621166,19.609330,11.626891,3.71375401996262,-20.6798775191145
6.3020448,19.749134,14.710441,19.092017,11.626891,6.52350115624208,-20.0901949349877
6.3333328,19.864399,14.641005,19.209144,11.480518,6.76964929995325,-20.8683556560097
6.36328,20.066113,14.541811,19.355554,11.275596,7.29549928035519,-21.9928133956817
6.4045504,19.441761,15.226249,18.311167,12.358756,7.34614915828995,-15.9612117944679
6.4457728,19.345707,16.327300,18.037870,13.022313,9.0635322553833,-11.9448542167213
6.475912,19.950848,16.029718,18.389252,12.671018,9.98780195304421,-14.6117862960661
6.525736,19.854794,15.057619,17.735290,11.978186,11.5150206121622,-16.8382083393045
6.5558464,19.749134,15.890847,17.266780,12.680777,12.8886263309884,-12.8977905395225
6.5870848,19.768345,16.664559,16.925159,13.188203,14.6581664397314,-9.93930584855191
6.6282752,18.980701,16.437691,15.941248,13.832244,12.8448382741356,-6.35537509236428
6.6582816,18.087397,17.899020,14.424617,14.973953,15.9117213202249,2.40886645001839
6.7095056,18.663722,17.594985,14.995816,14.271363,17.1985955240765,-1.34021152503702
6.7607488,18.951885,16.506344,15.310960,13.432158,16.7430409133363,-5.89905080746883
6.790816,18.173846,16.957492,14.917030,14.349428,13.8155575000393,-1.37851255506029
6.822048,18.250689,17.761714,14.828395,14.915404,14.7374802081495,1.08264681238219
6.8745168,18.923068,17.369411,15.123843,13.988375,17.8661324516561,-2.90760250568933
6.9033152,19.192020,17.229963,15.379898,13.168686,20.3346771475031,-5.54305780814266
6.9345552,19.874005,16.912543,15.714738,12.563678,22.4086481479819,-8.9301909227253
6.9745008,20.277432,17.220044,15.635952,12.817391,23.7879398715659,-8.37740759237486
7.0058128,20.700071,16.694317,16.427367,12.495371,21.7550111033409,-11.8655673415064
7.035816,20.527173,16.198348,16.944680,12.378272,18.3631681468694,-13.5736889345527
7.0695888,20.162167,16.198348,17.022765,12.631986,16.0901744880835,-12.6478056299013
7.1070688,19.230442,16.595123,16.798270,13.207719,13.2371367346431,-9.00176367590973
7.1408192,18.980701,16.486729,16.700664,13.724904,10.6640121879039,-7.68353438042196
7.1683184,19.220836,16.942301,16.954440,13.197961,13.7215404116673,-8.59498850776264
7.2082896,19.297680,16.823269,16.856834,12.924731,14.9241781319541,-9.30263740899626
7.239584,18.711749,17.011737,16.285937,13.334576,14.31890298841,-6.3353196483532
7.269576,18.654117,17.051415,16.394268,13.139412,14.5799575343878,-6.70864416742133
7.3033248,18.817409,16.633842,16.463206,13.129654,13.5980388136684,-7.89008719958607
7.3595104,18.807803,17.565562,16.010186,13.441916,16.8623606628628,-4.81971558094623
7.3920672,19.009517,17.987288,14.936726,13.197961,23.5563980881629,-3.05305527377526
7.425824,19.422550,17.938250,14.444313,12.700293,28.3870120137384,-3.92586254913578
7.4633136,20.738492,17.101011,15.754131,10.924301,31.551036491932,-13.1817918413671
7.4945232,21.343634,17.031576,16.384420,10.260744,33.1561550028889,-16.5174090689006
7.525776,21.487715,17.249802,16.329761,10.358326,33.9711169752997,-16.0096185707256
7.5695376,21.045866,16.790764,16.335178,11.070674,28.7117062906911,-14.8543448148356
7.5970848,20.402303,17.212489,15.754131,11.392695,29.0930405430011,-11.512952082154
7.6270464,21.141920,17.369411,15.852614,10.973092,32.8196622207446,-13.3165278022649
7.6708592,21.266790,17.506717,15.320808,10.904785,35.8931059844827,-12.560286985988
7.7095456,21.862326,16.952221,15.960945,10.446150,35.2842441503558,-16.4420112856374
7.7395696,22.909317,16.357058,17.188695,10.026547,33.3433069138157,-21.7373854691751
7.769568,23.101425,16.347139,17.715769,9.919207,32.2245404651402,-22.9478012524515
7.8220384,22.025618,15.761895,17.764572,10.680346,24.6373149123364,-21.1951110450184
7.8520592,21.449293,15.513911,17.998827,11.138982,19.7287617404901,-20.2875475199066
7.8820448,21.247580,15.146894,18.955368,10.865752,15.5907044509675,-22.6511894477363
7.9232576,21.430082,14.323585,19.970473,10.348568,11.9059271338719,-27.0831898113276
7.9582672,21.602980,14.313666,20.975817,9.948482,10.2686964427272,-29.4602774625427
7.9945152,21.679823,13.778019,21.346721,9.314199,9.80541874051533,-32.5906436264701
8.0333104,21.843115,13.470518,21.454087,9.284924,9.09250777425861,-33.6734155004181
8.0658352,21.814299,14.551731,21.200311,10.026547,10.5590860160208,-29.3146001588237
8.0957616,21.593375,14.611247,21.005099,10.104613,10.4848466331903,-28.5055224620243
8.1295776,21.545347,14.026004,21.024620,9.606945,10.25265111014,-30.8296129891768
8.1770832,21.718245,14.135117,20.878211,9.323957,12.6203666737651,-31.2481622162953
8.2082944,21.929564,13.708583,20.829408,9.040969,13.1603040255191,-33.0414943875198
8.2383232,21.756667,14.373182,20.312095,9.704527,14.1071548872544,-29.2271158617775
8.2807696,21.065077,14.958425,19.755739,10.387600,13.3383985696466,-24.8822566136199
8.309552,19.960453,15.573427,18.896804,10.934059,12.987756294212,-19.759208053377
8.3407536,19.825978,15.910686,18.594225,11.178014,13.8101122527589,-17.9397963999503
8.3733456,19.816372,15.831331,18.974889,11.178014,12.1775473734541,-18.6327228717267
8.420776,20.431119,15.107216,19.531245,10.446150,12.4747271219684,-23.2927077028201
8.4533424,20.690465,14.789796,19.706936,10.026547,13.1767753517238,-25.4576853053318
8.4845536,21.631796,14.194633,20.019276,9.967998,13.3067395430171,-28.5132866652743
8.534664,21.881537,14.809635,20.077840,10.377842,14.2032625115528,-26.6953224235522
8.5632928,21.823905,14.462456,19.775260,10.485182,13.7027380843037,-26.7458693317858
8.5983072,21.948775,14.879070,19.804542,10.953576,13.5416476649351,-25.0745174719982
8.6444944,22.083251,14.273988,20.009515,10.104613,14.4323925978675,-28.6006938437968
8.6858224,22.688392,12.577774,21.376002,8.553059,11.8217518890416,-38.3219650960147
8.7158032,23.706567,11.645352,22.683926,7.489416,11.2086984487499,-45.6396280558722
8.7682928,24.820795,11.704869,23.884482,7.352801,10.9944911754349,-48.0976898801185
8.807136,23.869859,12.052047,23.123154,8.065150,9.36909557778196,-43.8743760436739
8.840808,21.593375,12.706726,21.376002,9.460572,5.6103222340362,-34.627566236239
8.8782752,21.132314,13.351486,21.073423,10.172920,4.76176114287442,-30.6207032503958
8.909616,21.410872,13.678825,21.288157,10.280260,5.5351445836455,-30.2698863471541
8.9395728,21.583769,13.480438,21.405284,10.250986,5.15667033351349,-31.1244613017206
8.9745264,21.391661,13.619309,21.210072,10.368084,5.25936589291102,-30.0880587419632
9.0107856,20.978628,13.113421,20.868450,10.163162,4.2725725372294,-30.7284189082341
9.0408032,20.930601,12.022289,21.864034,9.509363,-0.585651648745762,-35.9030465170525
9.074552,21.449293,11.813982,23.064590,8.992178,-1.90277306468126,-39.5964468863147
9.1208464,21.785483,12.498419,23.835679,9.304441,-2.22896965810022,-38.4922689594794
9.153352,22.035224,11.675111,24.440838,8.914113,-4.75443001859013,-42.2238578680798
9.1845936,22.083251,11.516400,25.211927,8.533543,-6.37045474757873,-44.3404683825203
9.2271168,22.131278,11.476723,26.295356,8.582334,-9.91547690316018,-45.4406106315874
9.2771424,22.342597,11.764385,27.173812,8.611609,-11.1008415591039,-45.7507798645853
9.3058384,21.843115,11.982611,26.929797,8.894596,-12.1143204879789,-43.8788333332104
9.3582928,21.103498,12.557935,26.275835,9.606945,-12.8170121152776,-39.5531372165043
9.3908448,20.114140,13.381244,25.446182,10.085096,-12.2871984501935,-34.7094732015906
9.418344,20.008481,13.708583,25.338815,10.446150,-12.3432247649045,-32.9813590258046
9.459576,19.864399,14.164875,25.133842,10.875510,-12.0224000925424,-30.7053413077514
9.4895984,21.228369,13.301889,25.455943,9.606945,-7.55865736678092,-37.1669012141629
9.5208288,21.439688,12.716645,25.358336,8.836047,-6.0222024933161,-40.3263630846756
9.5533088,21.891143,11.873498,24.928869,7.694338,-2.17930555723005,-45.0174101860426
9.5921008,22.352203,11.813982,24.479880,7.099088,2.61807082674166,-46.6311512128701
9.6233408,22.361808,11.992531,23.523339,7.128363,6.42980312397653,-45.1564943116619
9.662168,22.304176,12.637290,22.488713,7.235703,11.5648923966139,-42.1519553659839
9.7132752,22.553916,13.262211,20.887971,7.489416,19.1863271956758,-38.5156592092477
9.7508528,22.467468,13.371325,19.745978,7.343043,24.2014698057628,-37.1681937634999
9.7957968,21.967986,13.599470,18.252603,7.284494,29.6369611440831,-34.2959386649637
9.8383376,21.564558,15.067539,16.651861,8.582334,33.9850771831677,-25.0620091204078
9.8733648,21.353239,17.021656,16.059427,10.133887,34.943688518006,-16.330188978867
9.9183456,21.026655,17.673446,15.291263,11.578100,33.1615423162422,-10.5061674094051
9.9582816,20.162167,17.899020,15.054905,12.309965,29.4932791415452,-6.94668938894254
9.9896048,19.768345,17.457679,14.828395,12.056252,29.0208695478535,-7.25859779340857
10.0271312,19.374523,17.447871,14.473858,12.378272,27.9982530215223,-5.42170475818173
10.070824,19.278469,19.458425,14.503403,14.066441,26.8018272691188,1.34422564503558
10.1021616,18.413981,20.419567,13.971597,14.886129,26.0044341738445,6.69734660467991
10.1333808,17.587915,20.144955,13.252674,14.554350,26.8866783106097,8.49137209492667
10.1821968,17.424623,21.370902,12.986772,15.569203,27.0131444899641,12.8301050580982
10.2133168,16.579346,21.498400,12.592841,15.900981,25.2665739676472,15.8681267768578
10.2421728,16.208918,20.566681,12.179215,15.022744,26.4955111185579,14.6113289561853
10.2833456,15.793691,20.282261,12.228456,15.266699,23.3213879032038,15.2771157083833
10.3159088,15.677814,19.811497,12.464814,15.120326,21.2290077834598,14.0502361238535
10.3445456,15.166024,19.654576,12.287545,15.169117,19.6982336051088,15.2707135237558
10.3783616,15.494342,19.379964,12.799655,14.915404,18.86254633599,12.710398540263
10.4257936,15.455716,19.360349,12.848896,15.227666,17.298217714648,13.1689049709221
10.4571696,14.808736,20.037072,12.553448,16.621317,13.2762277340923,18.3330708926401
10.487152,14.267976,21.076675,12.326938,17.476669,12.5122575566624,22.7050438668263
10.5545344,14.132786,21.174750,12.346635,17.836305,11.0393347677061,23.5934836981307
10.5883312,13.118861,20.929561,12.120125,18.370900,6.03174259349223,26.6171769866135
10.6233392,13.167143,20.753025,12.159518,18.293141,5.76031742332715,26.0758583844216
10.6596032,13.022297,21.017829,12.051187,18.332020,6.38770052972476,27.0422018626802
10.693368,13.118861,20.900138,12.120125,18.147342,6.73249922545942,26.2663047013151
10.7208096,12.935389,21.361094,12.061036,18.720816,5.79065506625971,28.2053031233374
10.760808,12.751917,21.312057,12.031491,18.915215,4.47951510273095,28.861239527673
10.7908496,12.201500,21.518016,11.952705,19.848325,0.437586711362775,31.7271339558551
10.82216,11.940777,21.380710,11.854222,20.198242,-1.69903756346079,32.7914306720076
10.8533376,11.457955,21.596476,11.637561,21.257712,-5.37918993044988,35.9341710585173
10.8921216,10.415061,21.910319,11.125451,22.900375,-11.4501354194313,41.7607257999382
10.922176,10.521282,21.223788,11.479988,23.026734,-14.9263071580874,40.0639975860371
10.953336,10.434374,20.978599,11.568623,23.221132,-16.9446282792523,40.0019366484043
10.993304,10.337810,20.527450,11.834526,23.512729,-20.5567928523648,39.430027355305
11.0258288,9.932240,20.331299,11.814829,24.183403,-24.638895722344,40.9500800655161
11.0558512,9.797050,20.154762,11.844374,24.232002,-25.9835286475997,41.0501629724811
11.0883424,9.430105,20.399952,11.696650,24.659678,-27.2495387788866,43.0017168363241
11.1271616,9.159725,20.645141,11.440595,24.941555,-27.4162007021376,44.8158655441213
11.1733184,8.899002,20.753025,11.214086,25.213713,-28.1014140775777,46.3818871282403
11.2158224,8.396868,20.802063,10.662583,25.932986,-30.2406789579638,49.7321399162489
11.2496144,8.087862,20.841293,10.416377,26.642539,-32.5745794529709,51.8442373088182
11.2809056,8.039580,20.900138,10.199715,26.768897,-32.2755179606346,52.6834181293206
11.3108208,8.020267,20.860908,10.199715,26.768897,-32.4914427665859,52.6941924289298
11.3608384,7.981641,20.753025,10.298198,26.720298,-33.1771611257811,52.3939324108318
11.3921264,8.194083,20.713794,10.505011,26.321782,-31.9829743034596,50.9219208780682
11.4221776,8.348585,20.694179,10.633038,25.952426,-30.7841792279372,49.8351871347315
11.4645616,8.870033,20.664756,10.898941,25.233153,-27.6526203751461,47.1402706185178
11.4933152,9.623234,20.439182,11.391354,23.979285,-23.465130044474,42.5546709679074
11.5246096,10.028804,20.331299,11.499685,23.571049,-21.4883914170004,40.7614517722382
11.557184,10.868913,20.037072,11.942856,22.637938,-18.0506400162599,36.3576422511708
11.5945776,11.612458,19.762459,12.435269,21.675667,-14.9471159580931,32.0533260094994
11.6257984,12.413942,19.674191,12.779958,20.995274,-11.4473575177111,28.5655029470731
11.6558592,12.578101,19.654576,12.829199,20.810596,-10.5263901262283,27.8389316226162
11.689592,13.060922,19.340734,13.154192,20.207962,-9.06371899954465,24.8929736860999
11.7271248,13.302333,19.419194,13.232978,19.819166,-6.9899330270916,23.7966594817626
11.7583456,13.534087,19.232850,13.479184,19.401210,-6.27585049634975,21.959630174494
11.7883312,13.592026,19.272081,13.607212,19.284571,-5.99280243012859,21.4697062320904
11.83828,13.630652,19.370156,13.577667,19.323451,-5.57417760507451,21.6472762305658
11.8683504,13.823780,19.330926,13.814025,19.012414,-4.82455450329965,20.2761896525447
11.8996496,13.785154,19.144582,13.912508,18.973534,-5.75794540742744,19.8288738845183
11.9395312,13.775498,19.154390,13.971597,19.099893,-6.3661676962251,19.9279269654878
11.970832,13.727216,19.164197,14.148866,19.119333,-7.13466700944887,19.7126605013408
12.0008672,13.620995,18.958238,14.158714,19.070733,-8.04077809582971,19.5342656315413
12.0324848,13.659621,18.879778,14.188259,19.099893,-8.36425075194775,19.3257395424608
12.0733408,13.408554,18.968046,14.217803,19.304011,-9.6641219660604,20.1958998310151
12.1033328,13.389241,18.968046,14.247348,19.401210,-10.137065933889,20.3161280473095
12.1345792,13.311989,18.889585,14.217803,19.440089,-10.6890384413773,20.4736736224196
12.1758144,13.437523,18.820932,14.326134,19.158212,-9.93870666481409,19.4934899540212
12.2058512,13.447179,18.732664,14.404920,19.148492,-10.4256869813798,19.1727391619728
12.2371568,13.485805,18.722856,14.414769,19.031853,-9.98388638847713,18.8896738391583
12.2708496,13.688590,18.654203,14.503403,18.992974,-9.69502579286437,18.1511036458014
12.3071648,13.698247,18.536512,14.729913,18.856895,-10.3488327853886,17.3069350706235
12.3383296,13.804467,18.458052,14.828395,18.827735,-10.4787898199387,16.7439330101172
12.3721664,13.910688,18.310938,14.946574,18.662497,-10.4646254292525,15.8344249126306
12.4107888,14.074847,18.183440,15.163236,18.662497,-11.0368407169671,14.9036578158763
12.4633088,14.142442,17.849982,15.251870,18.487539,-11.6556983685614,13.8212688880757
12.4908688,14.132786,17.712676,15.301112,18.526418,-12.4358384239887,13.592487877945
12.5321984,14.219694,17.644023,15.419291,18.633337,-13.0910848238031,13.2603652160065
12.5663696,14.229350,17.575370,15.547318,18.827735,-14.3102484402583,13.1941003396055
12.5933136,14.210037,17.438064,15.616256,18.798576,-14.9687480595831,12.8413964424923
12.6283824,14.113473,17.192874,15.773828,18.749976,-16.4831434592445,12.2661002530343
12.6645888,14.123129,17.104606,15.901855,18.808296,-17.3358175017844,11.959146567233
12.6957968,14.084504,17.006530,15.882159,18.905495,-18.0500402610902,12.0677007943499
12.7258528,13.987939,16.918262,16.029883,19.031853,-19.5397164930662,12.0311969255554
12.7672112,14.007252,16.859417,16.029883,19.099893,-19.8867131947725,12.0092895990476
12.7971264,13.891375,16.849609,15.951096,19.129052,-20.1741341106635,12.4072033864857
12.8283568,14.055534,16.790764,16.118517,19.090173,-20.1997332069118,11.628669203873
12.8595936,14.026565,16.643650,16.098820,18.934654,-20.2790405856355,11.2406821866821
12.898304,14.219694,16.633842,16.246544,18.808296,-19.702387025599,10.3862126165547
12.9295504,14.229350,16.584805,16.236696,18.740256,-19.6002731950557,10.1990195878616
12.9595952,14.190724,16.574997,16.276089,18.643057,-19.5915365088598,10.0255892704409
13.0033232,14.403166,16.682880,16.266241,18.575018,-18.2334967161543,9.71384355558175
13.0307856,14.519043,16.643650,16.276089,18.370900,-17.3642791223657,9.08869019225405
13.0646944,14.499730,16.849609,16.177606,18.322300,-16.2601557348259,9.56065442538722
13.1083072,14.625264,17.035953,16.138213,18.409779,-15.34125769214,9.84150491436441
13.1445824,14.760454,17.026146,16.049579,18.186222,-13.9330768419468,9.38098019801489
13.1746064,14.683202,17.075183,15.970793,18.011263,-13.2247928922562,9.46580827224093
13.2045552,14.663889,17.143836,15.921552,17.962664,-12.7451372999663,9.62525037346257
13.2558384,14.808736,17.339988,15.852614,18.040423,-11.6199373249431,9.92547946780873
13.287168,14.837705,17.585177,15.714738,18.089023,-10.4158776423349,10.5959228016735
13.3173936,14.847361,17.594985,15.596559,17.982104,-9.62795565092475,10.6430871047666
13.3571296,14.837705,17.644023,15.507925,17.914064,-8.99052781980729,10.7960163237156
13.3883264,14.808736,17.820559,15.301112,17.943224,-7.92306943350718,11.5641514870472
13.4174,14.885987,17.849982,15.301112,17.884905,-7.37971725880262,11.3734105899772
13.4499504,14.924613,17.977480,15.123843,17.884905,-6.25201094834126,11.8353533522254
13.4996224,14.972895,17.987288,15.104147,17.758546,-5.58101970922234,11.5974264887345
13.529872,15.088772,18.055941,15.104147,17.700226,-4.78439809253381,11.3961941883532
13.5595856,15.117741,17.948058,15.133691,17.564148,-4.69032038093207,10.8989759621214
13.6111584,15.388121,17.751906,15.340505,17.360030,-4.4565172549576,9.36903350696581
13.642352,15.513655,17.693061,15.517773,17.146192,-4.11779748964923,8.3695913282844
13.6721616,15.581250,17.477294,15.655649,16.961514,-4.44666483055554,7.3374064967797
13.7258064,15.764722,17.428256,15.852614,16.883754,-4.40225528005055,6.43895350974897
13.76336,15.870943,17.339988,16.138213,16.679636,-4.61281648949698,5.25064102979621
13.7946224,15.919225,17.271335,16.167758,16.611597,-4.55218818984938,4.88303605904816
13.8458096,16.073728,17.035953,16.384420,16.329720,-4.60071118177776,3.35126720339876
13.8746048,16.150979,16.908455,16.581385,15.783883,-3.6045818387167,1.70978328760619
13.9071568,16.199261,16.820186,16.398085,15.744850,-2.98949367733193,1.72300278398378
13.948576,16.208918,16.898647,16.378564,15.744850,-2.63530728265957,1.8774229165376
13.9771344,16.324795,16.761341,16.622579,15.569203,-2.93547558463676,0.70230770728284
14.0083712,16.373077,16.761341,16.642101,15.539928,-2.74485899646445,0.533508183655554
14.0408,16.411703,16.653458,16.700664,15.461863,-2.90570988376328,0.0369649100476774
14.0783824,16.488954,16.584805,16.749467,15.393555,-2.81191657447916,-0.423080919861456
14.1095632,16.517924,16.614227,16.759228,15.383797,-2.62101826286501,-0.454407260755033
14.1383088,16.498611,16.624035,16.632340,15.442346,-2.42173308778584,-0.0819122717233527
14.17984,16.498611,16.643650,16.749467,15.442346,-2.7521467875246,-0.248163433545293
14.2095488,16.537236,16.633842,16.632340,15.432588,-2.23067496055305,-0.14822090512798
14.2407936,16.546893,16.722111,16.642101,15.432588,-1.9446153351203,-0.0249248417196535
14.2722112,16.604831,16.751533,16.612819,15.461863,-1.66081074831419,0.0298237376012489
14.3221536,16.585519,16.722111,16.573776,15.344764,-1.29098842429847,-0.12976509105834
14.3583744,16.604831,16.829994,16.437127,15.335006,-0.381213627139629,0.246358500957949
14.394632,16.595175,16.820186,16.476170,15.413072,-0.842236157412283,0.316508310625921
14.435848,16.498611,16.820186,16.456649,15.598477,-1.71675734142183,0.843804499925787
14.4662384,16.411703,16.751533,16.329761,15.588719,-1.76088873444835,1.07674906158551
14.4971296,16.411703,16.712303,16.378564,15.686301,-2.38414598556013,1.09460242461313
14.5371696,16.334451,16.800571,16.378564,15.744850,-2.54558822334028,1.48675846188745
14.5683728,16.324795,16.879032,16.561688,15.940014,-3.58817695420382,1.6625233050109
14.5983024,16.266856,16.820186,16.339521,16.349160,-4.59047608173547,2.75524340516799
14.629576,16.218574,16.928070,16.423813,16.514398,-5.21883327052373,3.15971103019898
14.6696064,16.006133,16.986915,16.295785,16.708796,-5.93951422211377,4.18707501569825
14.7001552,15.948194,17.163452,16.079124,16.883754,-5.4142269175659,5.26449005963265
14.7308288,15.803348,17.251720,15.960945,16.990673,-5.56236802453571,6.05944973635741
14.7721728,15.610219,17.359603,15.832917,17.185072,-6.05970921365314,7.13771910052226
14.8021776,15.503999,17.506717,15.567015,17.466949,-5.97788785116326,8.51591259583692
14.8358496,15.330183,17.594985,15.468532,17.632187,-6.47731475530347,9.42568210020328
14.8645728,15.194993,17.565562,15.409442,17.641907,-6.85829909928747,9.75294638393461
14.9046256,15.108085,17.604793,15.310960,17.777986,-7.13901153670506,10.3790705665049
14.9346,15.088772,17.663638,15.261719,17.836305,-7.03797139765486,10.694238394365
14.9658992,15.021177,17.683253,15.261719,17.962664,-7.60912146864361,11.0529302813896
15.0121904,14.943926,17.644023,15.251870,17.972384,-7.99491028164309,11.16911769794
