0.0324352,16.358422,17.037740,16.406145,16.446359,0.84686705136422,-3.99208218081124
0.0696512,16.708661,17.107178,16.366747,16.631037,1.72098922174997,-4.09933886366462
0.1009072,16.679689,17.146857,16.347048,16.669917,1.69235667283537,-3.88285695958358
0.1322768,16.631401,17.146857,16.366747,16.844875,0.901471157945453,-3.53941530490704
0.17968,16.583114,16.998061,16.376596,16.903194,0.0460989326103394,-3.62488232049567
0.2246736,16.563799,16.898864,16.435693,17.019833,-0.906713911810438,-3.66431329300894
0.2534064,16.428594,16.859185,16.475091,17.155912,-2.04022247046283,-3.33689195126745
0.2947456,16.399622,16.799667,16.455392,17.243391,-2.54630081203945,-3.20571796930336
0.3246912,16.351334,16.819507,16.455392,17.301710,-2.82625653259337,-2.99124247608808
0.3560016,16.360992,16.859185,16.475091,17.291990,-2.69737604542788,-2.99219963529432
0.3872592,16.380307,16.819507,16.445543,17.272551,-2.60659943282602,-3.07316010150413
0.4272352,16.303047,16.869105,16.465242,17.243391,-2.66644713643458,-2.93901009129111
0.457296,16.351334,16.859185,16.455392,17.204511,-2.38473117557427,-3.08737631929937
0.4884992,16.283732,16.938543,16.455392,17.194791,-2.31516061761792,-2.85348287254955
0.528432,16.360992,16.898864,16.465242,17.136472,-2.03675029920273,-3.16870723923125
0.5584704,16.389964,16.849266,16.494790,17.048993,-1.91711682908641,-3.50017320388815
0.5897552,16.380307,16.789747,16.455392,16.951794,-1.70092414800268,-3.67917529039181
0.6309616,16.409279,16.849266,16.504640,16.971234,-1.63486101007077,-3.68156727437465
0.672264,16.447909,16.958383,16.563736,16.971234,-1.34597236858948,-3.66695534523503
0.7022704,16.534826,17.057580,16.514489,16.942074,-0.491167755391391,-3.61443383061273
0.743448,16.583114,16.978222,16.475091,16.835155,-0.116887996938983,-3.94285928236017
0.7847008,16.563799,16.948463,16.435693,16.805995,-0.052265665692724,-3.94094249942971
0.8346592,16.641059,17.037740,16.406145,16.767116,0.707380648090427,-3.93825364865642
0.8696752,16.592771,17.087339,16.347048,16.844875,0.650716570256038,-3.53846326028691
0.9059168,16.689346,17.087339,16.327349,16.874035,0.929802158445307,-3.62235696205906
0.9359424,16.689346,17.037740,16.209155,16.786555,1.44334136987196,-3.64847000208704
0.9672272,16.592771,17.107178,16.238704,16.786555,1.25933174738648,-3.41537760648433
1.0184304,16.727976,17.186536,16.219005,16.776836,2.04271842261005,-3.49854808519669
1.0484816,16.727976,17.186536,16.228854,16.864315,1.72393472183295,-3.36899221594234
1.0784848,16.679689,17.226215,16.179607,16.864315,1.85764436196556,-3.1337407406225
1.1259664,16.670031,17.255974,16.100811,16.922634,1.98888052240393,-2.83313456666921
1.1596896,16.602429,17.255974,15.962919,16.893474,2.32187700492949,-2.52338736646858
1.1909472,16.457567,16.447498,15.972768,16.922634,-0.89801006658595,-3.60203629703971
1.2236528,16.447909,16.584805,15.825026,17.048993,-0.408499623974498,-2.87633923284944
1.262208,16.332019,16.849609,15.756080,17.097592,0.145417645672865,-2.02078542017679
1.294776,16.380307,16.859417,15.756080,17.136472,0.206747221620353,-2.02480258305051
1.3237712,16.254759,16.869224,15.657585,17.010113,0.571690377457315,-1.82195453261177
1.3746944,16.158184,16.898647,15.716682,17.087872,-0.10051596499593,-1.57516851227875
1.404736,16.225787,16.820186,15.736381,17.175352,-0.48917007021752,-1.71580863382102
1.4384112,16.177499,16.731918,15.805327,17.175352,-1.16395099304462,-1.90066307173422
1.487208,16.254759,16.516152,15.884123,17.204511,-1.97425477508434,-2.49225265342455
1.5272624,16.312704,16.369038,15.992467,17.107312,-2.30564643933953,-3.20058198203227
1.5597008,16.476882,16.378845,16.100811,17.010113,-1.76735161840096,-3.82826020665856
1.6084752,16.554141,17.206376,16.209155,16.951794,1.00987967164205,-2.85409566927545
1.6384,16.583114,17.226215,16.219005,16.844875,1.48356598640975,-3.06700750577046
1.6709184,16.602429,17.196456,16.219005,16.747676,1.76877603361653,-3.3132764456915
1.712288,16.718319,17.117098,16.248553,16.708796,1.91633688981503,-3.76409125900284
1.7423104,16.660374,17.107178,16.248553,16.631037,1.95469779281217,-3.81174780056929
1.7736416,16.718319,17.107178,16.307650,16.640757,1.91397240914321,-3.99766629435705
1.8060256,16.727976,17.156777,16.455392,16.650477,1.58739120072604,-4.16856134388299
1.8484944,16.766606,17.017901,16.504640,16.631037,1.16929136432462,-4.58683938571364
1.8759648,16.329605,16.958383,16.494790,16.621317,-0.369413205610895,-3.93356914855138
1.9074608,16.699004,16.978222,16.494790,16.650477,0.793704564706064,-4.48829298809298
1.9509264,16.670031,16.938543,16.484941,16.660197,0.57324610550511,-4.47239260604273
1.9797104,16.670031,16.998061,16.563736,16.718516,0.317903480574248,-4.40813954662092
2.009712,16.631401,17.027821,16.494790,16.883754,-0.0233494453366002,-3.89467458249884
2.0422912,16.583114,17.007981,16.415994,16.951794,-0.207778940247106,-3.59467510722857
2.0984496,16.438252,17.097259,16.386446,16.951794,-0.291151185215896,-3.1430823792258
2.1422928,16.418937,17.186536,16.258403,17.000393,0.192701935140846,-2.65647577608372
2.1934304,16.409279,17.246055,16.238704,17.010113,0.385673016088314,-2.4900115880354
2.224736,16.476882,17.255974,16.199306,17.039273,0.668056065557743,-2.47425313341415
2.2546704,16.505854,17.117098,16.159908,16.961514,0.697020227372827,-2.81708578141084
2.2909872,16.476882,17.037740,16.219005,16.903194,0.345160177396313,-3.10026010790148
2.327272,16.525169,17.146857,16.179607,16.971234,0.758790627954066,-2.8191268453069
2.357632,16.447909,17.216295,16.258403,17.029553,0.286853646131012,-2.60886448332107
2.3884368,16.428594,17.166697,16.199306,17.068433,0.130798501642181,-2.48995529361165
2.441016,16.428594,17.166697,16.169758,17.058713,0.258645846814388,-2.45451793719654
2.4724368,16.341677,17.166697,16.219005,17.078153,-0.245305289759025,-2.35630566388903
2.500928,16.216129,17.156777,16.209155,17.155912,-0.90437295127596,-2.00623363889764
2.5422736,16.138869,17.255974,16.150059,17.311430,-1.14561961454126,-1.34510455521993
2.5709264,16.090582,17.196456,16.159908,17.379470,-1.7473177698559,-1.26325736050531
2.6023248,16.090582,17.236135,16.209155,17.311430,-1.55769135999271,-1.3968476322893
2.6373184,16.109897,17.206376,16.159908,17.408629,-1.74636131960589,-1.23303378141506
2.6741776,16.158184,17.255974,16.179607,17.418349,-1.52360907817352,-1.25537306735225
2.707576,16.119554,17.156777,16.287951,17.340590,-2.06953205451917,-1.66930683311428
2.7484848,16.158184,17.156777,16.228854,17.330870,-1.72219875695802,-1.64937926873788
2.79728,16.216129,17.087339,16.179607,17.321150,-1.56917966577392,-1.79552599464919
2.8284672,16.245102,17.127018,16.297801,17.282271,-1.60224613525588,-2.05233677261538
2.8584512,16.322362,17.117098,16.297801,17.272551,-1.35269678029707,-2.21991907244045
2.9096768,16.418937,16.819507,16.317500,17.068433,-1.40907852954422,-3.25992619634733
2.939744,16.467224,16.819507,16.415994,17.000393,-1.35063485239845,-3.62939618568838
2.9709168,16.544484,16.769908,16.484941,16.893474,-1.13763725240316,-4.14660343426332
3.0109616,16.563799,16.839346,16.603134,16.805995,-0.949196420970902,-4.413951496975
3.0422896,16.583114,16.839346,16.417606,16.728236,-0.0301603216570855,-4.25948010607169
3.0722528,16.699004,16.750068,16.437127,16.796275,-0.229583067694098,-4.52894896025397
3.1034192,16.650716,16.759988,16.359042,16.815715,-0.162631537620308,-4.26130079146708
3.1534208,16.534826,16.740149,16.544037,16.990673,-1.77148954820079,-4.1177841818179
3.1846624,16.525169,16.819507,16.553887,16.980954,-1.54539889597354,-4.00057121050621
3.2159744,16.486539,16.859185,16.534188,17.048993,-1.69792187420715,-3.71865059467131
3.2659584,16.409279,16.908784,16.475091,17.126752,-1.84789208253491,-3.26920188779864
3.298416,16.360992,16.888945,16.425844,17.058713,-1.69095862446801,-3.24725833314106
3.327304,16.341677,16.938543,16.406145,17.136472,-1.77994622548098,-2.96604913780514
3.370912,16.418937,16.948463,16.465242,17.029553,-1.34230975161244,-3.36525371897693
3.420936,16.515511,16.908784,16.534188,16.942074,-1.09797448888127,-3.86505490424995
3.449712,16.602429,16.829426,16.603134,16.990673,-1.45292772533026,-4.18501734944737
3.5122528,16.621744,16.740149,16.329761,16.874035,-0.415603295416078,-4.09534633674657
3.542296,16.650716,16.621112,16.456649,16.747676,-0.709956330546664,-4.78193189877572
3.5738048,16.679689,16.531835,16.446888,16.747676,-0.874511411136732,-4.96770360242989
3.6122912,16.631401,16.581433,16.505452,16.640757,-0.712432933555149,-5.08364358250797
3.6434752,16.650716,16.690550,16.534734,16.757396,-0.770151220322142,-4.78115414429986
3.6735968,16.708661,16.720309,16.515212,16.757396,-0.422282402377942,-4.7964217841751
3.7033984,16.631401,16.561594,16.544494,16.689356,-1.0629609897169,-5.10143961830442
3.7446944,16.737634,16.581433,16.554255,16.767116,-0.937287471728168,-5.13331911187279
3.7759536,16.708661,16.601273,16.476170,16.786555,-0.776277338925254,-4.88263132519969
3.8185104,16.737634,16.650871,16.564016,16.796275,-0.838291004951498,-4.98175187221255
3.8560176,16.650716,16.680630,16.437127,16.776836,-0.547904567454048,-4.59703961467439
3.885928,16.621744,16.640952,16.466409,16.815715,-0.993014963793823,-4.59893424693447
3.9172288,16.612086,16.611192,16.427367,16.844875,-1.08921994263595,-4.51600259080332
3.9584336,16.670031,16.571514,16.446888,16.854595,-1.12481400746453,-4.70055083420444
3.9897952,16.679689,16.621112,16.485931,16.864315,-1.09041169293179,-4.68324734522356
4.0297152,16.727976,16.472316,16.583537,16.835155,-1.63956268545808,-5.23716257084481
4.0709312,16.756949,16.531835,16.593297,16.796275,-1.2570598837174,-5.2680923779909
4.1009504,16.785921,16.432637,16.651861,16.767116,-1.58094620711207,-5.63745418599602
4.1384976,16.348816,16.462397,16.593297,16.815715,-2.88424621978713,-4.65181607012898
4.1846592,16.708661,16.492156,16.661622,16.747676,-1.60741910270329,-5.45350760580697
4.2159312,16.670031,16.373119,16.642101,16.679636,-1.83862756892929,-5.67579646775154
4.2434848,16.660374,16.383039,16.681143,16.669917,-1.93298299650903,-5.72570920175733
4.2747216,16.737634,16.432637,16.651861,16.747676,-1.67542765758575,-5.58846725256593
4.325944,16.339211,16.373119,16.895877,16.582437,-3.43522675481801,-5.71168192725893
4.3559104,16.348816,16.273922,16.895877,16.485238,-3.4173644486105,-6.06884468743934
4.3872592,16.368027,16.224323,17.013004,16.524118,-4.02287359251826,-6.32076242175381
4.4284464,16.358422,16.254082,17.042286,16.475518,-3.89361146743689,-6.3871465754094
4.4584544,16.368027,16.254082,17.061807,16.446359,-3.83061152360491,-6.48762529166797
4.4897184,16.776264,16.303681,16.993483,16.426919,-2.03820349736424,-7.01163108059774
4.5422848,16.727976,16.204484,17.061807,16.494958,-2.96264637789185,-7.09970575697919
4.57092,16.358422,16.194564,17.071568,16.475518,-4.18581775277376,-6.54082571800926
4.600968,16.358422,16.075527,17.169174,16.407479,-4.67761725321464,-7.03424688747651
4.6373312,16.368027,16.105287,17.237499,16.339440,-4.54727220525607,-7.23373750895446
4.6833984,16.406449,16.075527,17.364387,15.800095,-3.18068442466982,-8.52142602297992
4.7159936,16.588952,16.035849,17.393668,15.780579,-2.73766257268221,-8.98327776615038
4.7459712,16.569741,16.016009,17.471753,15.800095,-3.18527987880198,-9.08241380620115
4.7859184,16.531319,16.065608,17.471753,15.770822,-3.05288835399214,-8.9817526268917
4.8172928,16.492898,16.135046,17.383908,15.829368,-2.85450109736616,-8.54143441424451
4.8572608,16.531319,15.986250,17.364387,15.780579,-2.99843239861612,-8.9262945793153
4.8996496,16.464081,15.906892,17.354626,15.780579,-3.45561424760708,-8.93922238578939
4.933408,16.492898,15.896972,17.364387,15.800095,-3.48803724307019,-8.98689572026123
4.9709088,16.483292,15.926732,17.403429,15.839125,-3.67520828757739,-8.91294254896311
5.0184368,16.560135,15.976330,17.520557,15.858641,-3.69775541247238,-9.11418187650301
5.04972,16.588952,15.837454,17.510796,15.751306,-3.68414055455742,-9.58797219700868
5.0822976,16.560135,15.837454,17.530317,15.653730,-3.52607938887788,-9.74853271094142
5.113512,16.588952,15.797775,17.676727,15.653730,-4.03884426867399,-10.1120095045196
5.1522656,16.656190,15.718418,17.774333,15.556153,-4.07944907602334,-10.7059022067297
5.1822928,16.617768,15.648979,17.852418,15.585426,-4.78862644033529,-10.8444493129109
5.213464,16.560135,15.619220,17.832896,15.653730,-5.2398596367223,-10.6468913501573
5.2550448,16.540925,15.619220,17.862178,15.683003,-5.49351787200594,-10.6103321283333
5.2984192,16.416054,15.629140,17.832896,15.809852,-6.1951622684507,-10.1068676739746
5.3259664,16.396843,15.648979,17.813375,15.907429,-6.44374726965014,-9.83036572356142
5.376008,16.756949,15.500184,17.793854,15.868398,-5.54465987505341,-10.7335309566534
5.4076144,16.699004,15.470425,17.842657,15.887914,-6.05859522259242,-10.7370562267647
5.4372928,16.727976,15.381147,17.852418,15.926944,-6.41796605029552,-10.8919712359162
5.4684832,16.444870,15.252191,18.008588,15.829368,-8.0024136670305,-11.0957603612274
5.5197936,16.598557,15.222431,18.057391,15.604942,-7.0176271274028,-11.8954173296851
5.548768,16.636979,15.262110,18.115955,15.624457,-7.00307113662027,-11.9451927365243
5.580968,16.694611,15.242271,18.164758,15.575669,-6.8750419533522,-12.2451950861064
5.6209776,16.704217,15.202592,18.145236,15.556153,-6.8517272374164,-12.3382099677185
5.6509104,16.685006,15.222431,18.067151,15.341485,-5.90575342243973,-12.540230860178
5.6822976,16.627373,15.391067,17.969545,15.439061,-5.52990428016783,-11.793497147194
5.7272512,16.675400,15.490264,17.764572,15.595184,-4.87515506882644,-11.0663907620923
5.7559232,16.646584,15.758096,17.452232,15.790337,-3.6931012452517,-9.65912406007956
5.7847152,16.694611,15.619220,16.895877,15.887914,-2.49278047975488,-8.87864912977494
5.8184752,16.723428,15.619220,16.983722,15.878156,-2.65381578707071,-9.09369241447051
5.85728,16.800271,15.430746,16.837313,15.731791,-2.05936871014685,-9.58448770767724
5.8884336,16.713822,15.688658,16.456649,16.592157,-3.06772137149951,-6.77980613622897
5.9284512,16.800271,15.906892,16.406145,17.039273,-3.34591688256074,-5.67873320002168
5.9800048,16.867509,15.579541,16.563736,16.533838,-3.07854506872886,-7.52237497477212
6.0097632,16.665795,15.569622,16.268252,16.679636,-3.29620961534556,-6.42788354576981
6.0414496,16.785921,15.708498,16.002316,17.321150,-3.65685595840177,-4.81211085764054
6.0834128,16.435265,15.847374,16.061413,17.525268,-5.21594474503974,-3.7142162037085
6.112288,16.473687,15.341468,16.376596,17.291990,-7.05755418506094,-5.60771393999252
6.1447184,16.377633,15.262110,16.238704,17.253111,-7.08616692044384,-5.40722838663661
6.1759568,16.727976,15.579541,15.854574,17.612747,-4.74733579152286,-4.17345679591203
6.21472,16.636979,16.055688,16.494790,17.651627,-5.63867897465343,-4.24860130268688
6.2447136,16.877114,15.787856,16.583537,17.282271,-4.83748856325336,-5.89940784462669
6.2759504,17.088433,15.430746,16.466409,17.272551,-4.91546576993548,-6.69536891595201
6.3172512,16.877114,15.371227,16.484941,17.437789,-6.40810424588963,-6.18302509865802
6.3459328,16.177499,16.710390,14.780982,18.837455,-3.30797806409503,2.63648617818543
6.3759584,15.742912,17.045761,13.677841,19.780286,-3.11763317544297,7.51306319392168
6.4109568,15.578735,17.594985,12.781539,19.926085,0.601889194069607,10.6214451871351
6.4584192,15.240723,17.967673,12.082226,19.916365,3.0869874232258,13.2334821913815
6.488464,14.893053,18.497282,11.835989,20.169082,3.65629354542262,15.5793905010958
6.5196592,14.738534,18.359976,11.895086,20.169082,2.50674823146003,15.5804391444206
6.5984736,15.153806,17.702868,12.269366,19.877485,1.43432453227755,12.5829218556774
6.6309264,16.138869,16.780956,13.845282,19.002694,-0.693281248275171,4.82243654016467
6.6772464,16.641059,17.176616,14.475648,18.506979,1.7765920405096,2.5635097059848
6.712288,16.973168,16.650871,14.889326,17.894625,1.80901325669453,-0.624442577986693
6.74348,17.655153,16.303681,15.628036,17.418349,2.01840113907658,-4.48362025035255
6.7859216,17.876078,15.916812,16.051564,17.233671,0.708692992726743,-6.55103568323384
6.8160064,18.135424,15.123234,16.327349,16.679636,-0.107550038992122,-9.80620523198391
6.8447168,18.135424,14.865322,16.307650,15.751306,2.20419969632031,-11.9350857504752
6.8847168,18.490824,14.597489,16.690904,15.448819,2.21868855413641,-14.2054956867843
6.9272528,18.404376,14.805803,16.368803,15.273181,4.30539864987242,-13.4819091203919
6.95732,18.125819,14.994278,16.573586,15.107301,3.87859477530579,-13.3188912425148
6.988464,17.703180,16.105287,16.455392,15.926944,3.73485049715865,-8.89243055538684
7.029728,16.704217,16.601273,15.854574,16.494958,2.22250131653286,-4.29706330963687
7.058688,16.322362,16.614227,14.918874,17.855745,-0.396158727709449,0.371171427698592
7.0913232,15.926405,17.261527,14.603691,18.225101,0.247984582573158,3.328868713223
7.1209248,15.356613,17.967673,14.071820,18.681937,0.939495222053654,7.22796479217116
7.1709712,15.153806,17.702868,13.313410,19.002694,0.865937524501192,9.18024063380794
7.210984,15.337298,17.418449,13.382357,18.302861,2.66681611593119,7.15610851073415
7.2459728,15.144148,17.653830,13.924078,18.905495,-1.03402811205091,7.78235768158283
7.2884,14.931683,17.487102,14.229411,18.293141,-1.27573891914828,6.38920697524274
7.3234896,15.105518,19.507462,15.194660,19.401210,-0.876275834329215,8.94956391504929
7.3559712,14.970313,19.870343,15.214359,19.323451,0.0152503856758729,9.57319207282458
7.4134384,14.458467,19.536885,14.899175,19.109613,-0.972579870274487,10.3412993707367
7.4447104,14.004565,19.056314,14.692336,18.740256,-2.14008966946919,10.370718092224
7.475952,13.743812,19.262273,14.387003,18.954094,-2.02299221697033,12.099094327579
7.5147072,14.178399,18.899393,14.465799,18.487539,-0.521746682078296,9.86371958448659
7.5459664,14.294289,19.046506,14.505196,18.623617,-0.239352079266969,9.98351444369622
7.5759616,14.178399,19.321118,14.150615,18.691657,1.21505411298015,11.4100747654066
7.6184064,14.390864,19.124967,13.864981,17.807145,5.19344593346912,9.94271728169732
7.648512,14.584014,19.978226,13.372507,18.361180,8.30729068875547,12.6237753009004
7.6784624,15.105518,19.615346,13.490701,17.952944,9.79373990329458,10.2284353391155
7.7109712,15.327640,19.546693,13.638443,17.836305,10.1631942302454,9.23157066603396
7.7518192,15.694625,18.948431,14.465799,17.369750,8.21336869355084,5.32930556417975
7.779744,16.061610,18.016711,15.519692,16.767116,4.91456769911783,0.270953179954382
7.8223168,16.148527,17.526332,16.012166,15.878156,4.96283989621756,-3.06762505465626
7.8784544,16.544484,16.731918,16.778749,15.556153,2.17689714494895,-7.02884538997386
7.9122496,16.428594,17.176616,17.247259,15.839125,0.754454151799114,-6.35861461177742
7.945976,16.505854,16.551674,17.549838,15.712276,-1.59767364837226,-8.31015798416768
7.9834208,16.476882,16.849266,17.354626,16.358880,-2.18075104411681,-6.29026496233924
8.0135056,16.583114,16.486729,17.003244,16.728236,-3.07413802328559,-5.86404747206281
8.0447136,16.515511,16.829994,16.417606,16.601877,0.133765791091511,-4.37350075961925
8.0859424,16.766606,17.226215,16.100811,15.390273,7.34132931913396,-5.66708547590557
8.1160064,16.905931,17.027821,15.982618,14.834086,9.49237467399716,-7.03775617565424
8.147288,17.530283,17.097259,16.012166,14.316930,13.3968836854342,-8.96537828100411
8.1784848,18.154635,16.998061,16.359042,14.190080,14.239847079219,-11.0004217848701
8.2197104,18.577273,16.369038,16.886116,14.287657,11.4227891386371,-13.5176397336248
8.248472,18.644511,17.067500,16.944680,13.672924,15.698349941517,-13.5637703922809
8.2784544,18.404376,16.303681,16.983722,13.194799,14.1834059864367,-15.5777862310309
8.329752,18.654117,16.482236,16.973962,13.087465,15.9223280021077,-15.8234759789913
8.3597392,19.259258,17.077419,16.973962,13.702197,17.3577702009719,-14.5077336222997
8.3909984,19.143993,16.670711,16.768989,13.516802,17.179134043938,-15.1046576472577
8.4423376,19.009517,16.204484,16.603058,13.038676,17.6714150955733,-16.4260688071621
8.4773088,19.211231,15.678739,16.759228,12.814250,16.9255926010831,-18.4537337563479
8.5172448,19.681896,15.678739,17.296062,12.706916,16.8160443409904,-20.215994820695
8.564728,19.989270,15.896972,17.598642,13.185041,15.6399484463112,-19.7746200967228
8.5960336,19.633869,16.561594,17.364387,14.463295,12.9717102384072,-15.2410130808253
8.6259552,19.163204,16.447498,16.778749,15.263423,10.490061190482,-12.3598405736503
8.6586416,18.807803,17.075183,16.544494,16.397759,8.32070880331506,-8.34315170189122
8.6972864,17.943316,16.996723,15.716682,17.136472,5.73473812382803,-4.43452470436714
8.738456,17.703180,16.898647,15.391649,16.640757,7.41845362959768,-4.46965369661054
8.7698016,17.751207,16.967300,15.125713,16.669917,8.5840082288047,-3.92715866927747
8.8196864,18.039370,18.252093,15.155262,17.476669,10.5654039104029,-1.03876971190301
8.8523488,17.866472,18.369784,14.977971,17.680787,10.3123499712824,0.0749045667099715
8.8809792,18.116213,17.683253,15.598488,16.854595,9.68506806847908,-3.8553712659125
8.920912,18.442797,17.565562,15.677284,16.388039,11.6105405499393,-5.50904240795951
8.9509792,19.019122,17.212489,16.307650,15.282939,13.8851318500129,-9.9893555935312
8.9822864,19.998875,16.525959,16.564016,14.121777,17.8790162734022,-15.2632971659906
9.0134432,20.786519,16.502075,17.266780,12.677643,22.7194870234144,-20.2762507432123
9.053432,21.449293,15.807695,17.676727,11.057871,27.0297858584863,-26.4100941228966
9.0835088,21.939170,15.658899,18.115955,10.609018,28.0348702200411,-28.9285191630806
9.1184352,21.929564,15.777936,18.184279,10.511442,28.4520581136001,-28.9638700556434
9.1709344,22.275359,15.043877,18.164758,9.457614,31.3972532391874,-33.2092791564076
9.2059424,22.246543,15.529943,17.803615,9.418584,34.2248047658609,-31.7167202247783
9.2359872,22.208121,16.283842,17.627923,9.994286,34.6647088685881,-28.6080265411268
9.2872688,21.929564,16.502075,17.325344,10.257743,34.648799303426,-26.807860371313
9.3184304,21.660612,16.789747,16.876355,10.823687,34.2543169281484,-24.0552690569872
9.3497376,21.574164,16.516152,17.013004,11.516481,30.1408346502469,-23.2911984508898
9.3896672,21.237974,16.673073,16.954440,11.936060,28.3052705126561,-21.5845689099153
9.42092,20.373486,16.663265,16.593285,12.297094,25.8223044463855,-19.0747891026381
9.4509248,19.480183,16.918262,16.051564,12.784977,24.1664261161048,-15.4157288068635
9.4847152,18.798198,17.810752,15.893972,13.536317,22.6043855404362,-11.0047154968375
9.5223072,18.269900,18.173632,15.962919,13.819289,20.846875080647,-9.08597172724267
9.553432,18.077792,17.124221,16.041714,12.911827,20.1563543369026,-12.4862695708316
9.5835088,17.828051,16.977108,15.864424,12.511763,21.0999970122007,-12.8149358224487
9.64344,17.549494,17.693061,15.598488,12.999646,21.603115469405,-9.61461889252612
9.6959984,18.164240,17.457679,15.401499,12.336125,26.0108910761975,-12.0169212989823
9.7296736,18.154635,17.565562,15.312853,12.111698,27.5128978046841,-12.0730312106019
9.7884272,18.231478,17.879405,15.243907,12.599582,27.0571948438817,-10.5713898857524
9.8173008,17.722391,17.908827,15.056767,12.980130,24.8942766278963,-8.61471627955857
9.8609568,17.914499,17.781329,15.332552,13.038676,23.8220100711504,-9.54889772897427
9.8884432,19.124782,16.888945,16.642101,11.779938,24.5777776734875,-17.7880550711535
9.9199696,20.008481,15.817615,17.686487,10.970052,23.1419322210587,-24.5134584281766
9.9547632,21.747061,14.567730,18.965129,9.828405,24.0800881933276,-33.7984856402375
9.9909696,22.803657,13.317845,19.902148,8.637971,24.4541794391782,-41.8129796220582
10.0209344,23.706567,12.325873,20.907493,7.876873,23.2800915787746,-48.1649402914859
10.052256,23.581696,12.246515,21.219832,7.701235,22.1653828710169,-48.9887370552657
10.082304,22.275359,13.724554,20.399940,8.833124,21.5285121829754,-40.387447474324
10.1234816,20.507962,15.787856,18.906565,10.891991,20.3527539483457,-27.1951059633347
10.1546736,18.788592,16.751533,17.315583,12.687400,17.3603145928065,-16.8231901725567
10.1847344,18.260294,17.173259,16.856834,13.419225,16.0631059995396,-13.0800787511218
10.2346784,18.029764,17.226215,16.681143,12.775219,18.4732508882876,-13.5266530389536
10.2647296,17.914499,16.918704,16.808031,12.492247,17.7480881756108,-14.6718055485752
10.298472,17.952921,17.206376,17.227738,12.804492,16.0971006208871,-14.2706260031044
10.3509824,18.106608,16.621112,17.559599,12.570309,14.4180654684495,-16.6109527452178
10.3897088,18.711749,15.817615,18.096433,11.965333,14.0449270492306,-21.1593171177166
10.4284704,18.980701,15.480344,18.252603,11.877515,13.5868226981657,-22.6598870420183
10.47968,19.345707,14.984358,18.535661,12.004364,11.7192239892307,-24.3725289515904
10.5097152,19.297680,14.746285,18.848001,12.345882,8.52854869410131,-24.5457293798304
10.5434688,19.672291,14.141182,19.453160,12.199517,6.21606154692167,-27.493074618495
10.5909376,19.662686,13.605517,19.853345,11.779938,4.52400135537984,-30.0507205012737
10.6234272,19.345707,13.665035,19.726457,12.072668,3.11765272792241,-28.6854484473164
10.653424,19.038333,14.250299,19.394596,12.687400,3.0664349754979,-25.276806151374
10.7134288,18.951885,14.349496,19.345793,12.863038,2.68088430318423,-24.5204647934637
10.7447248,19.124782,14.061824,19.511724,12.482490,3.0307653471814,-26.3792573778831
10.7747216,19.134388,14.002306,19.550766,12.433701,2.90085532820135,-26.6733943520028
10.8259424,19.307285,13.774152,19.863106,12.033637,3.017464807744,-28.6740634549291
10.8573104,19.355312,14.230459,19.570287,12.355640,4.55557249404875,-26.7027927855822
10.8872736,19.624264,14.438774,19.287229,12.423944,6.81150853914389,-26.1132100636432
10.9284464,19.787556,14.657007,19.189623,12.345882,8.61567119211276,-25.9193573530853
10.95848,19.912426,14.865322,19.121299,12.043395,10.9324553678532,-26.191723612679
10.9896832,19.998875,14.944679,18.867522,11.838484,13.044839553672,-26.2126977350066
11.0396944,20.133351,14.934760,18.838241,11.555512,14.529557796932,-26.9661159130185
11.1009216,20.123746,15.430746,18.408773,11.604300,17.3676126628247,-25.2204953221391
11.1323552,20.104535,15.738257,18.301406,11.857999,17.712804835501,-23.9008986507879
11.1834464,19.931637,16.035849,18.194039,11.994606,17.9818045172751,-22.6262946445722
11.2123136,19.893216,16.035849,17.901221,12.228790,18.0758359592362,-21.6760850861307
11.2434688,19.768345,16.025929,17.774333,12.150729,18.4052130148969,-21.4770061723582
11.2834336,19.624264,16.085447,17.637684,12.199517,18.4669658408928,-20.8431265190039
11.3147168,19.557026,16.174725,17.647445,12.550793,17.2410704674015,-19.891262061138
11.3460096,19.499393,16.144966,17.540078,12.599582,17.1865642514871,-19.6048828077435
11.383472,19.326496,16.135046,17.452232,12.814250,16.1820810757152,-18.8097700826894
11.4196992,19.240047,16.204484,17.461993,13.116738,15.0258731961742,-17.9744410385436
11.4484928,19.240047,16.025929,17.579120,12.999646,14.481920221543,-18.7236484278116
11.47848,18.999912,16.016009,17.520557,12.980130,13.9908124559939,-18.322704820477
11.529688,18.846225,16.075527,17.549838,13.126495,13.0817814782706,-17.7324498785968
11.559832,18.673327,16.075527,17.618163,13.360679,11.4882157818841,-17.1202463906055
11.5909296,18.807803,16.105287,17.764572,13.448498,11.1842261005201,-17.3301372513975
11.6347664,18.730960,15.867213,17.793854,13.458256,10.0712539996479,-17.6937508287759
11.666,18.625300,15.887053,17.862178,13.614378,9.03020223300523,-17.299083513743
11.7134528,18.462008,15.916812,17.686487,13.809532,8.54462581096964,-16.3441299989268
11.7559312,18.375559,15.996170,17.442472,13.946139,8.89139270109443,-15.4162087652848
11.784736,18.039370,16.204484,17.296062,14.209596,8.08652746546338,-13.7631487970246
11.8147328,17.818445,16.392959,17.130132,14.404749,7.88388456717736,-12.4275974314881
11.8460064,17.712786,16.750068,16.954440,14.512083,8.90959642047147,-11.1180382559632
11.885944,17.597521,16.809587,16.749467,14.482810,9.54181542771324,-10.5353439883514
11.924712,17.357385,17.037740,16.407846,14.853602,9.40337948719665,-8.48389350722343
11.9559456,17.280542,17.037740,16.446888,15.038997,8.38896728051391,-8.08992734328266
12.0084992,16.982774,17.057580,16.603134,15.663488,4.86163763151282,-6.71714647771105
12.0385072,16.416054,17.226215,16.258403,16.582437,1.68002324385607,-3.28541702663545
12.0709568,16.358422,17.255974,16.150059,16.737956,1.43494671071653,-2.68385297619234
12.11968,16.486539,16.653458,15.943220,16.971234,-0.190562693874546,-3.16797309264426
12.150984,16.370649,16.643650,15.972768,17.000393,-0.794833314622974,-2.98328319455685
12.1809648,16.332019,16.574997,15.893972,16.932354,-0.664042232574832,-3.00801039907176
12.2222992,16.245102,16.496536,15.854574,16.835155,-0.758046795363899,-3.08372636524119
12.25344,16.283732,16.692688,15.953069,17.000393,-0.854416615402602,-2.71217763036028
12.2834864,16.283732,16.800571,15.953069,16.961514,-0.373060318149543,-2.59562007916868
12.3196992,16.389964,16.800571,15.992467,16.874035,0.132207914717913,-3.0002352357463
12.3647616,16.660374,16.457306,16.110661,16.640757,0.27403566168159,-4.66425627406967
12.3959664,16.650716,17.265894,16.189456,16.504678,3.04351902111264,-3.63792756555246
12.438488,16.339211,17.226215,16.307650,16.456079,1.68695575415683,-3.45064665470211
12.478432,16.540925,17.117098,16.534188,16.388039,1.4627935538164,-4.49394933688263
12.5085072,16.636979,17.107178,16.524339,15.917187,3.33123619978577,-5.46613637721398
12.5397024,16.857903,16.948463,16.544037,15.751306,4.01918103558399,-6.44122181122559
12.5797056,17.165277,16.660791,16.573586,15.556153,4.63839699863107,-7.86077593483131
12.6123024,17.405412,16.482236,16.573586,15.419546,5.29603057015541,-8.82465793342976
12.6409232,17.520677,16.541754,16.544037,15.351242,6.18366904722941,-8.98380073435749
12.673432,17.559099,16.680630,16.465242,15.370758,6.94612258587224,-8.63416774038357
12.71232,17.559099,17.017901,16.297801,15.536638,8.01089323535853,-7.46584194775904
12.7428288,17.376596,17.077419,16.110661,15.751306,7.53238621165585,-6.36228896248006
12.773424,17.222909,16.349423,15.884123,15.780579,5.40098486380287,-6.93758025116824
12.8159712,17.117250,16.525959,15.785628,15.761064,6.03286788664676,-6.30721386688506
12.8447376,16.829087,16.996723,15.490144,15.770822,7.60171147622201,-4.44502145379727
12.8764752,16.694611,17.369411,15.293154,15.897671,8.60277549051696,-2.99528471526702
12.909952,16.617768,17.545947,15.234058,15.809852,9.42846064588466,-2.60090586753715
12.9485104,16.531319,17.516524,15.115864,15.800095,9.5075950083579,-2.30068071774049
12.9972544,16.358422,17.477294,14.997670,15.887914,8.93871809587534,-1.69139240425052
13.0434976,16.708661,17.585177,14.879476,16.631037,8.22749212997942,-0.677344660922108
13.07848,16.476882,17.693061,14.780982,16.854595,7.40825381716164,0.468915824304585
13.1100016,16.322362,17.693061,14.751433,17.019833,6.45557766418832,1.07585117938882
13.1522928,16.254759,17.820559,14.810530,17.126752,6.08226465547849,1.47378433044583
13.1909408,16.051952,18.144209,14.633240,17.573868,5.55527163544236,3.41012545089828
13.2247056,15.887775,18.095171,14.593842,17.476669,5.33848827263361,3.55484260326327
13.2523104,15.704282,17.967673,14.515046,17.457229,4.67588100615802,3.80992917517607
13.3034336,15.636680,18.124594,14.475648,17.641907,4.47201051034952,4.55401573572707
13.337272,15.540105,18.310938,14.495347,17.855745,3.97546820311527,5.32772610189855
13.3647472,15.491818,18.428629,14.465799,17.855745,4.29592334964222,5.65786811906337
13.4072608,15.385585,18.399206,14.446100,17.768266,4.22173615490035,5.71352567618837
13.4359536,15.250381,18.320746,14.455949,17.719666,3.66552829587703,5.75258514327597
13.4673088,15.211751,18.252093,14.357454,17.777986,3.45437975114359,5.99761361970146
13.4997136,15.086203,18.291323,14.318056,17.826585,3.14392447211295,6.45062363897996
13.5409328,15.173121,18.291323,14.515046,17.972384,2.27743659910203,6.13579287922074
13.5696784,15.211751,18.212862,14.465799,18.050143,2.05360081069135,6.1548870220625
13.6284544,15.144148,18.085364,14.564293,18.001544,1.25402372233652,5.82137237591736
13.6624576,15.279353,17.938250,14.682487,17.923784,1.08091613975927,4.98826745276001
13.690944,15.298668,17.771521,14.741584,17.972384,0.242545650888962,4.65384298636975
13.7222496,15.385585,17.722483,14.849928,17.923784,0.16895534276218,4.1323723720469
13.762288,15.453188,17.614600,14.849928,17.982104,-0.15527615235041,3.92712371809324
13.7937296,15.501475,17.496909,14.899175,17.836305,-0.0639074466158814,3.32413070384148
13.8246832,15.511133,17.389026,15.017369,17.758546,-0.520236700188722,2.78749816624738
13.8559856,15.520790,17.281143,15.037068,17.739106,-0.844763865305779,2.52710637251513
13.9046672,15.501475,17.232105,15.027219,17.962664,-1.77409118596814,2.86324881010702
13.935936,15.617365,17.290950,15.086315,18.195942,-2.15291431807697,3.00787676191731
13.967304,15.559420,17.232105,15.096165,18.089023,-2.22159235771107,2.83126206169524
14.0173024,15.675310,17.153644,15.194660,18.069583,-2.35566799916417,2.27841348744894
14.0523088,15.771885,17.173259,15.194660,17.729386,-0.860457317045989,1.58197500418585
14.079736,15.791200,17.202682,15.145412,17.719666,-0.506384963357371,1.66895027354317
14.1209568,15.829830,17.271335,15.056767,17.680787,0.265872994881681,1.80922590467059
14.1597744,15.829830,17.487102,15.007520,17.768266,0.842829282223025,2.39017053930579
14.2009872,15.781542,17.506717,14.987821,17.816865,0.654232309635079,2.62506976299092
14.259704,15.655995,17.536140,14.712035,17.846025,1.1580540872411,3.46343572978663
14.2937344,15.569078,17.693061,14.436250,18.157062,1.26896488848033,4.88746783505249
14.3262624,15.472503,17.653830,14.347605,18.332020,0.539855072803425,5.4510768733894
14.3647552,15.549763,17.702868,14.357454,18.380620,0.758336573224806,5.43936091048436
14.3985104,15.569078,17.555755,14.377153,18.312580,0.501472886079384,5.02766340575954
14.426192,15.646338,17.653830,14.327906,18.215381,1.55889723043541,4.97618028855838
14.4696928,15.704282,17.565562,14.485498,18.186222,1.03396810618129,4.38536505339166
14.4973136,15.781542,17.663638,14.495347,18.030703,2.08653680892387,4.13125124351012
14.52848,15.858802,17.693061,14.396852,17.952944,3.01922388399946,4.09425218917281
14.5723136,15.907090,17.673446,14.475648,17.855745,3.17323701948612,3.67095915345315
14.6097616,15.994007,17.644023,14.524895,17.641907,3.91058201052204,3.02813079877167
14.6397088,16.119554,17.604793,14.554444,17.525268,4.48116172230767,2.48950727029489
14.6696848,16.167842,17.496909,14.593842,17.486389,4.28806633214421,2.0899172122662
14.7210368,16.148527,17.477294,14.682487,17.515548,3.76629944180895,1.97760307814258
14.7711008,16.303047,17.457679,14.751433,17.612747,3.64263385767357,1.69328513943098
14.8059424,16.370649,17.349796,14.820380,17.515548,3.60795531704141,1.11088178982785
14.8447152,16.360992,17.143836,14.997670,17.418349,2.64610758317175,0.309757172995695
14.877312,16.438252,16.957492,15.135563,17.204511,2.54703073743054,-0.741770888818993
14.918512,16.641059,16.741726,15.687133,16.776836,2.09120526548368,-3.16936876791538
14.9659648,16.766606,16.555382,15.943220,16.475518,2.04481539650658,-4.67347569037823
14.9973072,16.483292,16.427883,16.317500,15.897671,1.38392932913681,-6.06212176941552
15.0260016,16.531319,16.369038,16.553887,15.692760,1.2426392327348,-7.02109585295205
