0.0281376,14.033537,17.045761,15.715475,18.934654,-2.42158732010953,-6.90989553675324
0.059272,14.004565,17.026146,15.626840,19.061013,-2.70787161835046,-6.51893396558313
0.0905552,14.043195,17.143836,15.607144,19.167932,-2.43659419796275,-6.20481743690261
0.1292592,14.043195,17.192874,15.597295,19.226251,-2.41735343928142,-6.01954766351336
0.1605616,13.936962,17.271335,15.538205,19.226251,-2.33005784910272,-5.58289215985207
0.1917616,13.936962,17.212489,15.449570,19.333170,-2.59050538921639,-5.33905125412103
0.231712,13.840387,17.232105,15.341239,19.440089,-2.85307113494835,-4.75056050719815
0.2617952,13.753470,17.300758,15.331390,19.595608,-3.36743480502477,-4.22109509204322
0.2930096,13.685868,17.300758,15.262452,19.634487,-3.50964386686668,-3.89755464649271
0.325528,13.685868,17.389026,15.223059,19.663647,-3.17113842872092,-3.64287337392635
0.364296,13.734155,17.212489,15.400329,19.624768,-4.04424750905948,-4.40704459295174
0.3942496,13.618265,17.134029,15.370784,19.556728,-4.42270795995424,-4.34973056721375
0.4280208,13.695525,17.202682,15.528357,19.517849,-4.2781212975865,-4.75786257900694
0.4754512,13.685868,17.035953,15.616992,19.547008,-5.25690692012131,-5.12102088484068
0.5068016,13.676210,17.055568,15.764717,19.527569,-5.61435205640571,-5.38548630919994
0.5367376,13.695525,16.996723,15.804110,19.440089,-5.60613231556938,-5.72358858127813
0.5705424,13.608608,16.937877,15.813959,19.430369,-6.11930638176357,-5.68230390324341
0.6092432,13.618265,16.967300,15.774565,19.537288,-6.18775175934518,-5.41446622882289
0.640552,13.627923,16.967300,15.774565,19.566448,-6.24264549733642,-5.3879909065586
0.6704656,13.560320,16.986915,15.725324,19.547008,-6.2021972926118,-5.1634575897948
0.7217584,13.512033,17.026146,15.636689,19.595608,-6.11182544242192,-4.76452373209954
0.7529808,13.521690,17.153644,15.548054,19.780286,-5.92237720079612,-4.13469598478793
0.7830544,13.463745,17.114414,15.577599,19.799726,-6.41330151925707,-4.10989079371825
0.822992,13.521690,17.183067,15.488964,19.828886,-5.78711808608675,-3.90184177364347
0.854216,13.492718,17.281143,15.272300,19.935805,-5.20960069241285,-3.11475762709522
0.8842288,13.434773,17.290950,15.193514,20.023284,-5.40488544434745,-2.70145691442581
0.9167728,13.318883,17.398833,15.035940,20.178802,-5.42667883941462,-1.77090327608513
0.9555024,13.309225,17.496909,14.927609,20.237122,-4.96378761205828,-1.30604099923179
0.9867248,13.260938,17.555755,14.967002,20.227402,-5.01776370019328,-1.21584428364584
1.0267744,13.270596,17.526332,14.937457,20.207962,-4.93680001351389,-1.24873152263296
1.085512,13.328540,17.477294,15.055637,20.217682,-5.29710698017658,-1.65451056193615
1.1179952,13.328540,17.359603,15.193514,20.071883,-5.68531360079379,-2.31767461316285
1.1517488,13.260938,17.300758,15.203362,19.994124,-5.92244495142036,-2.40885385052052
1.1992144,13.270596,17.428256,15.213210,20.091323,-5.76721558369901,-2.1110899518568
1.229288,13.270596,17.369411,15.213210,20.023284,-5.7660984591962,-2.30060587716331
1.2605024,13.289911,17.349796,15.282149,20.052443,-6.06660737942238,-2.45946377924519
1.3118368,13.270596,17.310565,15.183665,20.062163,-6.00169947657839,-2.27242095554064
1.3429856,13.280253,17.349796,15.262452,19.926085,-5.65439646795536,-2.59138163859015
1.373496,13.299568,17.339988,15.154120,19.955244,-5.37827793934998,-2.38745736698228
1.4180064,13.251281,17.398833,15.203362,19.955244,-5.49216644522567,-2.30110303961886
1.4454928,13.299568,17.575370,15.154120,19.964964,-4.5833075348956,-2.02099735411731
1.4755184,13.289911,17.585177,15.065485,20.071883,-4.63889281065576,-1.65405425612655
1.5192672,13.241623,17.683253,14.986699,20.101043,-4.31280876771282,-1.21491549945879
1.5580224,13.154706,17.732291,14.838974,20.139923,-4.10995880675287,-0.619870512110094
1.5879824,13.154706,17.761714,14.740490,20.139923,-3.70320982978324,-0.380313933662421
1.6242624,13.087103,17.840174,14.671552,20.295441,-3.93271218309916,0.235065057362309
1.6592832,13.125733,17.948058,14.592766,20.363480,-3.38979393859976,0.571210515704834
1.6930192,13.038816,17.987288,14.582917,20.344041,-3.46504826372995,0.794023361306003
1.74176,13.077446,17.938250,14.454889,20.363480,-3.16531994534664,0.931035134869497
1.7817744,13.029158,18.006903,14.356406,20.402360,-2.90963622877962,1.382777691739
1.8130912,13.096761,18.055941,14.356406,20.353760,-2.35381623210475,1.24679359929398
1.843032,13.038816,18.046133,14.366254,20.344041,-2.58919810778848,1.31578527601178
1.884312,13.106418,18.095171,14.307164,20.421800,-2.24300242942818,1.48124825116134
1.9155056,13.077446,18.242285,14.297316,20.480119,-1.98560180205065,1.85412639781588
1.9455184,13.029158,18.310938,14.208681,20.480119,-1.63991328156037,2.22929165629177
1.979312,13.000186,18.222670,14.129894,20.460679,-1.73840976667234,2.2946842753949
2.0167136,13.009843,18.193247,14.110197,20.402360,-1.56298665915133,2.18966638659078
2.0467888,12.971213,18.301130,14.090501,20.489839,-1.53546221253088,2.58741110154602
2.0780128,12.922926,18.448244,14.001866,20.587038,-1.2214892674911,3.21324803322318
2.1268032,12.855324,18.516897,13.942776,20.625918,-1.15475302645459,3.62426273998065
2.1592704,12.903611,18.497282,14.021562,20.499559,-0.907361293978699,3.1581951148306
2.1905072,12.922926,18.497282,13.962472,20.518999,-0.716811165871007,3.26706945991371
2.224296,12.971213,18.497282,14.041259,20.402360,-0.432278068584981,2.84222714107653
2.2730736,13.000186,18.507090,13.982169,20.305161,0.192151845451161,2.77971027381806
2.3017472,13.106418,18.418821,14.100349,20.217682,0.157033523835835,2.07173052302803
2.336744,13.164363,18.428629,14.070804,20.188522,0.57404348440879,1.98634575172701
2.389224,13.270596,18.438437,14.139742,20.217682,0.661251976402319,1.68745676074242
2.4242736,13.299568,18.379591,14.120046,20.091323,1.01982627669605,1.4027901536572
2.4592656,13.328540,18.428629,14.208681,20.071883,1.06727287958988,1.20823947082624
2.4955088,13.260938,18.418821,14.198832,20.013564,1.01862863249415,1.26618382197969
2.5267776,13.318883,18.359976,14.198832,20.003844,1.04626941187048,1.05033338850414
2.5580384,13.338198,18.458052,14.159439,20.081603,1.32491024980162,1.34427188505688
2.5980336,13.318883,18.409014,14.179136,20.013564,1.24500296160012,1.17488798793458
2.6293024,13.328540,18.222670,14.287467,19.916365,0.606223145934852,0.526314906294129
2.659256,13.338198,18.183440,14.297316,19.828886,0.75045117117428,0.302198864728243
2.694264,13.338198,18.173632,14.336709,19.916365,0.315786344774708,0.33647613036565
2.7317408,13.396143,18.173632,14.484434,19.887205,0.14091248629456,-0.117825520043155
2.7617728,13.502375,18.075556,14.573069,19.819166,0.104099493194955,-0.7492932463241
2.7930352,13.550663,17.948058,14.671552,19.663647,0.0120581189234468,-1.45841010442669
2.8342416,13.512033,17.957865,14.710945,19.615048,-0.0578798728731975,-1.51754746643218
2.8642896,13.618265,17.781329,14.898064,19.478969,-0.460027972351973,-2.56302535284839
2.8955216,13.685868,17.771521,14.937457,19.576168,-0.689744892483246,-2.64155574713633
2.926776,13.676210,17.859790,14.858670,19.615048,-0.295147240576471,-2.27806401436752
2.9667152,13.627923,17.771521,14.917760,19.653927,-1.07043328405013,-2.37304556259418
3.0179648,13.579635,17.732291,14.888215,19.663647,-1.30991160865526,-2.26439963191193
3.0592992,13.608608,17.742099,14.878367,19.702527,-1.26694598148527,-2.22917689120915
3.0892752,13.569978,17.732291,14.809429,19.780286,-1.46145622719554,-1.91619695622466
3.1205056,13.531348,17.761714,14.957154,19.838605,-2.1344269352167,-2.00009189297342
3.1504992,13.454088,17.712676,14.927609,19.819166,-2.41888344646239,-1.89200642778625
3.201712,13.444430,17.693061,14.967002,19.945524,-3.03384168065758,-1.79179409554456
3.232976,13.367170,17.575370,14.986699,19.994124,-3.92214871811911,-1.78113233814089
3.2630048,13.318883,17.536140,14.976850,19.945524,-4.04725939879506,-1.79723142802122
3.3080048,13.222308,17.526332,14.878367,20.023284,-4.35566095291993,-1.30969820081861
3.3354912,13.183678,17.526332,14.957154,20.159362,-5.15272654243717,-1.18750638481103
3.365568,13.154706,17.644023,14.937457,20.256561,-5.07942636748602,-0.773853327486105
3.3992256,13.067788,17.575370,14.907912,20.276001,-5.59414133594203,-0.614746161099113
3.4367488,13.067788,17.526332,15.016244,20.188522,-5.83050088527375,-1.03163316275178
3.4667152,13.096761,17.467486,15.134424,20.188522,-6.29665831674,-1.41042062540735
3.4980592,13.145048,17.467486,15.144272,20.276001,-6.42296266469149,-1.39572209336482
3.5392432,13.058131,17.389026,15.144272,20.276001,-7.00612177825688,-1.34010520722667
3.5692224,13.067788,17.418449,15.154120,20.334321,-7.07500214267687,-1.24882023813281
3.6005264,13.058131,17.389026,15.193514,20.246841,-7.06712693913039,-1.48074865876736
3.6429952,13.067788,17.330180,15.213210,20.266281,-7.35990020090933,-1.5972591214467
3.6930096,13.125733,17.222297,15.321542,20.198242,-7.65892398158215,-2.18715598329682
3.7232096,13.154706,17.173259,15.439722,20.110763,-7.82301563619495,-2.68054178287821
3.7580272,13.241623,17.143836,15.469267,20.139923,-7.79676561453222,-2.90865095679475
3.7942592,13.241623,17.124221,15.567750,20.033004,-7.84074342937062,-3.29121707175351
3.8255152,13.251281,17.183067,15.626840,19.984404,-7.63002730717819,-3.40944994038546
3.855592,13.212651,17.026146,15.656385,20.033004,-8.55903084867433,-3.5555653655377
3.8967056,13.116076,16.986915,15.676082,19.964964,-8.89718639045436,-3.5685966027474
3.9267776,13.058131,16.879032,15.764717,20.071883,-10.0784649238674,-3.62985497921282
3.95924,13.029158,16.928070,15.784414,20.169082,-10.3561765947752,-3.39015215368306
3.9879952,13.000186,16.937877,15.764717,20.237122,-10.5691082729841,-3.17776501738345
4.0292816,13.048473,16.829994,15.794262,20.363480,-11.2465891450494,-3.30143949790576
4.0617472,12.961556,16.761341,15.853352,20.237122,-11.6067715347149,-3.54221960263991
4.0906704,13.009843,16.682880,15.902594,20.227402,-11.8330327581085,-3.86586796606222
4.1317344,12.971213,16.741726,15.833655,20.237122,-11.5841621494504,-3.55242428655349
4.1630032,13.009843,16.859417,15.754869,20.324601,-11.0471644180465,-3.16379179978825
4.1917408,12.980871,16.967300,15.715475,20.334321,-10.6757542566604,-2.85342040388581
4.2255584,12.971213,16.957492,15.616992,20.363480,-10.5389417818984,-2.61287787707679
4.2680144,12.971213,16.967300,15.528357,20.363480,-10.2389918999441,-2.42431571947447
4.3055632,12.884296,17.114414,15.351087,20.441240,-9.72514037260861,-1.56775354408989
4.3379776,12.913268,17.173259,15.291997,20.518999,-9.46715062057538,-1.30542822221138
4.3755296,12.922926,17.457679,15.075334,20.761996,-8.50076021105592,-0.120468120682592
4.4075216,12.932583,17.526332,15.026092,20.752277,-8.04686768775712,0.0439481550988141
4.4379152,12.990528,17.516524,14.829125,20.742557,-7.25368222662246,0.292718207385192
4.4717472,12.932583,17.526332,14.642007,20.742557,-6.85598743368001,0.798345887345935
4.510552,12.913268,17.575370,14.513979,20.781436,-6.47940316066732,1.22276562643843
4.5407248,12.797379,17.751906,14.366254,20.936955,-6.28919983205277,2.23426976266012
4.574336,12.787721,17.751906,14.366254,21.063313,-6.70793414543378,2.43402135067818
4.6117648,12.710461,17.751906,14.346557,21.014714,-6.77290358849197,2.56233216317948
4.6430144,12.671831,17.791137,14.366254,21.034154,-6.88985465703038,2.68441716801667
4.673072,12.700804,17.751906,14.356406,21.073033,-7.01434066323603,2.64490503287318
4.7074592,12.720119,17.663638,14.405647,21.034154,-7.28977358746489,2.32408908175336
4.7442784,12.720119,17.585177,14.464737,21.082753,-7.89438628994388,2.16120732199444
4.775528,12.681489,17.565562,14.573069,21.199392,-8.77962098584389,2.15818423798511
4.807752,12.594571,17.506717,14.612462,21.286871,-9.67912515102249,2.29541692961699
4.8567664,12.488339,17.467486,14.671552,21.374350,-10.6367340471107,2.45984375502415
4.8880336,12.430394,17.408641,14.730642,21.345191,-11.1449685262857,2.33224708399099
4.9443136,12.401422,17.506717,14.681400,21.257712,-10.4892726087984,2.50659211908209
4.9795968,12.497996,17.575370,14.681400,21.170232,-9.63598806724702,2.28318501465124
5.0108192,12.497996,17.604793,14.681400,21.102193,-9.32685367634829,2.22809118918112
5.0407536,12.565599,17.634215,14.730642,20.985554,-8.77842092670201,1.86620929614315
5.0920224,12.710461,17.594985,14.681400,20.742557,-7.51934823372594,1.26647359720264
5.1236112,12.836009,17.457679,14.770035,20.606478,-7.41690184528212,0.437197216450812
5.1530016,12.884296,17.496909,14.799580,20.441240,-6.69278622964517,0.0964091665785674
5.1942304,13.067788,17.585177,14.967002,20.421800,-6.18511161169297,-0.503741571725339
5.2247488,13.174021,17.428256,15.104879,20.169082,-6.01328884867216,-1.59180992900775
5.2555008,13.338198,17.241912,15.331390,20.101043,-6.57402454227127,-2.73911096194479
5.2868592,13.483060,17.183067,15.390480,19.809446,-5.56243832631964,-3.6653365819556
5.3255472,13.743812,16.947685,15.538205,19.508129,-5.00211351396401,-5.27701540136231
5.3569024,13.792100,16.908455,15.587447,19.469249,-5.00217433818405,-5.58518572544973
5.386712,13.782442,16.977108,15.636689,19.401210,-4.73744128645702,-5.66011762510921
5.4279664,13.927305,16.947685,15.676082,19.372050,-4.36509459956975,-6.10304016180383
5.4592912,14.072167,16.937877,15.715475,19.216532,-3.53649012649571,-6.7107278245089
5.489296,14.081825,16.918262,15.725324,19.187372,-3.51148441718353,-6.82393560169536
5.523168,14.178399,16.947685,15.813959,19.177652,-3.31748479214695,-7.14306407457184
5.5767728,14.246002,16.996723,15.715475,19.061013,-2.24840149173839,-7.19069709319349
5.6117728,14.419837,17.035953,15.705627,18.866615,-0.878526684585742,-7.74313542358066
5.6430256,14.497096,17.134029,15.656385,18.720816,0.3332148185862,-7.87096684518056
5.6817488,14.728876,17.045761,15.725324,18.497259,1.30970012607455,-8.92738474781254
5.7130144,14.844766,17.016338,15.774565,18.468099,1.54006546281473,-9.3273615425625
5.7430288,14.999286,16.888839,15.882897,18.400060,1.50457974499999,-10.1256128305136
5.7842432,15.134491,16.839802,15.912442,18.458379,1.51959385052253,-10.4126666249042
5.8171152,15.211751,16.869224,16.030622,18.176502,2.3959406909151,-11.1766571008679
5.8455312,15.269696,16.839802,16.138954,17.923784,2.94949654476103,-11.9377265775177
5.8768192,15.231066,16.869224,16.119257,17.797426,3.38325504561766,-11.9908051272725
5.9179936,15.260038,16.780956,16.276830,17.525268,3.54931880839563,-12.9227018928348
5.9468192,15.231066,16.731918,16.375314,17.447509,3.21934288329867,-13.2587079743826
5.978032,15.076546,16.457306,16.542735,17.554428,0.884330435460564,-13.5618824033568
6.0192112,15.066888,16.447498,16.427367,17.709946,0.690401188514064,-13.0930746477354
6.0492752,14.767506,16.778460,16.798270,18.302861,-2.20874793172946,-11.7041894840697
6.0792752,14.419837,16.232879,17.120371,18.438939,-6.70353522532571,-12.3257096143109
6.1142768,13.898332,15.707138,17.266780,18.720816,-11.7251484986901,-12.0467524122158
6.1529872,13.560320,15.439308,17.549838,19.352610,-16.6221259876349,-11.3486824454895
6.1854928,13.405800,15.221075,17.862178,19.566448,-19.5081087131382,-11.6434283364693
6.2230192,13.048473,14.784611,18.174518,20.033004,-24.6703328552791,-11.5124575154479
6.2742944,12.913268,14.397745,18.135476,19.605328,-25.3715116063414,-12.5402239819667
6.3042992,12.807036,14.715173,18.115955,19.887205,-25.2896859493828,-11.3161934149531
6.3343024,12.778064,14.814370,18.057391,19.994124,-25.1550055336091,-10.8177892616812
6.3755824,12.555941,14.685415,17.998827,20.110763,-26.6651397623806,-10.3187030362306
6.406792,12.778064,14.933406,18.281885,19.362330,-23.5635922363166,-12.0733468319386
6.4367504,13.096761,15.121879,18.350209,19.167932,-21.2872895814922,-12.7875110681515
6.4680416,13.415458,15.121879,18.848001,18.740256,-20.2933306151709,-14.9614291787475
6.5080096,13.753470,14.338227,19.619090,17.739106,-21.3123715775719,-19.9735486237184
6.5392288,13.512033,13.584334,19.950952,17.087872,-24.2225315822175,-22.6781286668383
6.5704736,13.541005,13.683530,19.960712,16.980954,-23.4460457968154,-22.7582659635158
6.6105696,13.714840,14.258870,20.136403,17.748826,-23.2423843026715,-20.9086638985102
6.6417984,13.521690,14.209272,20.399940,18.730536,-27.5720413286556,-19.391559741023
6.67176,12.874639,13.802566,19.999755,19.683087,-33.090917752472,-16.6674499479826
6.7130208,12.372449,13.852164,19.472681,21.102193,-37.16976783374,-12.4113271872979
6.7545328,12.565599,14.576298,20.321855,21.452110,-36.6267725190737,-12.5217962639062
6.7842368,13.096761,14.427504,20.399940,19.974684,-31.63416227181,-16.1972512616672
6.815536,13.396143,14.377906,19.931430,18.837455,-26.4320851023504,-17.9097739974931
6.8680304,13.502375,14.893727,18.603986,18.847175,-20.4321933256488,-14.8876865257911
6.9067664,13.714840,16.371754,18.301406,19.080453,-14.0697867048271,-11.9118648118348
6.9411904,14.052852,16.712303,15.695779,19.381770,-4.83971050389063,-6.73104085726628
6.9792736,14.226687,18.261900,14.494282,19.858045,3.30332235395603,-1.68718325413712
7.0081376,13.898332,18.644396,13.420814,20.081603,6.19412165947557,1.97174325701903
7.0392384,13.463745,18.742471,13.076122,20.392640,5.17801246716015,4.14555291364259
7.0829824,12.971213,18.840547,12.731431,21.121633,2.60976936613098,7.03829372400469
7.1105552,12.459367,19.105352,12.209469,22.443540,-0.757178812440765,11.3430580193249
7.1418048,12.517311,19.752652,12.150379,22.453260,1.78488069175936,12.1800205592032
7.1755344,13.125733,19.938996,12.997336,21.802026,3.8062156843761,8.51794056421197
7.2142832,13.415458,19.330926,13.548842,21.500709,1.98509009938404,5.60062173481446
7.244264,13.357513,18.624781,13.667022,21.141073,0.180249570214286,4.02976033896013
7.2747488,13.202993,17.840174,13.696567,20.324601,-0.569183376855692,2.02038308071633
7.3154672,13.512033,17.575370,14.385951,19.673367,-0.536428627488634,-1.35468562976464
7.3492848,13.637580,17.800944,14.366254,19.313731,1.88784097593637,-1.76760123174869
7.3767872,13.917647,17.889212,14.602614,18.613897,4.64650381430231,-3.72187783211028
7.4105632,14.381207,18.252093,15.282149,18.400060,5.91567153778977,-5.70340854713629
7.4580624,14.873739,17.820559,16.326072,17.418349,5.91806515403711,-10.7869794434151
7.5005072,15.115176,17.673446,16.505452,16.922634,7.24926845289724,-12.594936630328
7.5305664,15.260038,17.840174,16.925159,17.282271,5.77859685802695,-12.7426709920386
7.5817712,15.279353,17.143836,17.110610,16.475518,5.52578600492921,-15.5943395587562
7.6130304,15.298668,16.869224,16.827552,14.944678,10.6797439980961,-18.274371312366
7.6568224,15.549763,17.487102,16.710425,14.915404,14.0643920611499,-17.4666288378764
7.6942736,15.646338,18.369784,16.601825,15.617994,15.2114670685353,-14.7234487587437
7.7246688,15.723597,18.556127,16.355617,15.754609,16.4148566819271,-13.8857272507438
7.7555136,15.694625,18.497282,16.168499,15.910740,16.2418803852351,-13.3397859725814
7.7955248,15.588393,18.369784,16.247285,15.569203,16.3894953622396,-14.0721006634687
7.8342864,15.617365,18.163824,16.395010,15.393555,15.9193414682053,-15.0313795768262
7.8667728,15.530448,18.134402,16.513190,15.676543,14.1895543908935,-14.6581727327415
7.9067584,15.501475,18.016711,16.398085,15.871707,13.4483500192075,-14.2711636394783
7.9379984,15.163463,17.457679,16.603058,16.592157,7.4516523845291,-13.7626220279876
7.9680848,14.970313,16.810379,17.052047,15.871707,5.51537698930781,-16.5551917302854
8.0017872,14.912368,16.653458,17.559599,15.813158,3.31588002062209,-17.7269299825535
8.0492288,14.786821,17.076049,18.652789,15.403313,2.13673204491611,-19.3781820950199
8.0792816,14.960656,16.986772,19.306750,15.012986,1.58952604770257,-21.618590439887
8.1280448,15.356613,16.447498,19.638612,14.934920,0.307188474153911,-23.922332465441
8.1717408,15.974692,17.165326,19.804542,14.076199,6.94725253461248,-25.4360220864323
8.2017744,16.235444,16.709022,20.038797,13.773695,6.52494185967241,-27.6076464755709
8.2355808,16.100239,16.639585,19.687415,13.637080,7.42401217826019,-27.2272489439432
8.2842928,16.225787,16.649504,19.462920,13.295543,9.72541006273436,-27.6937612351297
8.3142896,16.531319,16.520549,20.663477,12.534404,8.86288162487348,-31.724261643224
8.3455472,17.069223,16.064245,21.424806,11.334145,10.5705759413181,-36.9140167786785
8.385504,17.309358,15.945209,21.561454,10.973092,11.7094998686347,-38.4289578819221
8.41676,17.520677,16.103924,21.424806,11.187772,12.6478964291097,-37.7747237802543
8.4480208,17.299753,16.480870,20.487786,11.636650,14.7806650894957,-34.4443552262254
8.479256,16.982774,16.996692,19.316511,12.456338,16.6056788378092,-29.5874291462572
8.5192288,16.781060,16.682880,18.418534,13.471191,14.5550170765105,-26.5187181497535
8.549288,16.588952,17.114414,17.862178,14.066441,15.1943916394137,-23.3978659378987
8.5805392,16.492898,16.839802,18.184279,13.988375,13.1740760504497,-24.4160094943337
8.62048,16.592771,16.702495,18.233082,14.281121,11.9095857566136,-24.3733395360412
8.6517376,16.332019,17.214924,18.564943,14.115231,12.1735542778626,-23.8572543940878
8.6830352,16.032637,17.115728,18.613746,13.890793,11.4631492649529,-24.0378083709599
8.7130368,16.274074,17.125647,18.945607,13.744420,11.6648914357274,-25.2203020302333
8.7629968,16.592771,16.818138,19.355554,12.895457,13.1644521599943,-28.542060670851
8.8029952,16.776264,16.659424,19.706936,12.563678,13.1789178501679,-30.3137553533151
8.8392384,16.358422,16.351915,20.282813,12.348998,9.600223757057,-31.5707161520218
8.8747312,16.776264,16.302317,20.595153,12.768600,8.4108163196724,-31.959311365732
8.9086272,16.602429,16.332076,20.497546,13.344334,6.39817981763674,-30.3909738180891
8.9355216,16.206472,16.133683,20.312095,13.627322,4.11610665093041,-29.3404529644841
8.9792896,16.167842,16.500710,20.273052,13.627322,5.3338249736728,-28.5283794026884
9.008568,16.583114,16.709022,20.546349,13.402883,7.22435833974182,-29.6149960679255
9.0380112,16.425660,16.589986,20.858689,12.963764,6.72665362133019,-30.9029510552378
9.069288,16.579346,16.520549,21.005099,12.846666,6.90873867823219,-31.7091849705651
9.1192896,16.713822,16.550308,21.288157,13.168686,5.52700663785415,-31.6609288269543
9.149288,16.829087,16.659424,21.171029,13.188203,6.56159797532343,-31.4156144354333
9.1830656,16.886720,16.609826,21.063662,13.090621,7.23511115180977,-31.6196943963127
9.2217504,17.069223,16.659424,21.112466,12.495371,9.72846944466484,-32.9999755282128
9.251744,17.165277,16.649504,20.956296,12.212383,11.4283351319108,-33.4767095530632
9.2930848,17.174882,16.758620,20.546349,12.046494,13.7030155801294,-32.9962539917384
9.3455488,17.107644,16.877656,19.843585,12.241658,15.566152594115,-31.2309440245746
9.3757328,17.001985,16.624035,19.619090,12.475854,14.3837542557067,-30.7638304613383
9.4305184,16.867509,17.153644,19.404357,12.602711,15.9440271759254,-28.9667877492016
9.4667552,16.483292,17.899020,18.769916,12.524645,19.5186308043988,-26.1005140298935
9.4992928,16.329605,18.634588,18.145236,12.836908,22.4129991357179,-22.9093530858496
9.5280368,16.368027,19.272081,17.354626,12.944248,26.877120097926,-20.3217752574023
9.5692256,16.718319,19.674191,16.583537,13.402883,30.2339978674941,-18.1035761309123
9.6017952,16.109897,20.174378,16.070015,14.290879,28.5824238093979,-13.8083346093259
9.629296,15.520790,20.743217,15.291997,15.120326,28.340632424592,-9.08199389735629
9.6643136,15.076546,21.066867,14.819277,15.383797,28.724388184854,-6.45466348769757
9.704248,14.902711,20.802063,14.464737,14.944678,30.2716546897041,-6.54885704128121
9.7330704,14.603329,20.556873,14.149591,15.012986,29.5270733685404,-5.63579425333874
9.7642768,14.207372,20.929561,13.893534,16.378319,25.4432251407852,-1.67083510345856
9.8242496,13.869360,21.302249,13.657174,16.553278,25.7679495828822,0.292072448014665
9.8567456,13.473403,20.537258,13.863989,16.883754,20.248611463207,0.033563527174362
9.8854608,13.454088,20.694179,13.903382,17.087872,19.8327979061565,0.526417686501016
9.9367392,13.454088,20.203800,14.376102,16.854595,17.4383360952448,-1.5048924629471
9.9667936,13.058131,19.880150,14.967002,17.564148,10.6863781358756,-1.31621805833681
9.9980256,12.623544,19.438809,15.134424,18.030703,5.67976624467184,-0.744379194715876
10.0417936,12.304847,18.928815,15.705627,18.283421,0.193825439239456,-1.63416512321213
10.0892976,12.536626,18.850355,16.444252,17.564148,0.66149114624729,-4.75892527533797
10.119232,12.893954,18.261900,16.983722,16.767116,0.684322141792677,-8.66988837788441
10.1717136,13.560320,17.035953,18.135476,15.091051,0.417682527094307,-16.9473118011712
10.2017312,13.695525,17.095888,18.828480,14.739756,-0.000937550739374515,-18.9368245994898
10.2317904,13.550663,16.272558,19.287229,15.091051,-6.02051044513742,-20.3353586033456
10.2742848,13.405800,16.133683,19.414117,15.744850,-9.46440287626124,-19.376273161464
10.3030032,13.637580,15.151638,20.312095,15.549686,-14.3442005796745,-23.4453952444205
10.3342912,13.772785,14.814370,20.438983,15.442346,-15.1554732895854,-24.7112748310418
10.36432,13.627923,14.387825,20.351137,15.627752,-17.6000300366675,-24.7780789573237
10.4155808,13.869360,14.100155,20.682998,16.456079,-21.1507130347882,-24.7144312242046
10.4455232,13.985250,14.030718,20.731801,16.631037,-21.6118470332059,-24.7886903493601
10.4792864,14.091482,13.951361,20.702519,16.786555,-21.8677932073817,-24.7735418476589
10.5292976,14.487439,14.417584,20.507307,15.881465,-15.4744398520877,-25.9160074104904
10.5585968,14.979971,14.457263,20.673238,15.247182,-12.1357883709524,-28.09365688356
10.5892672,15.366270,14.536620,20.653716,14.808063,-9.07203944416003,-29.3596733794079
10.6292832,15.752570,14.615977,20.878211,14.573867,-7.3809234908301,-30.6050873228355
10.66428,16.061610,14.457263,20.819647,14.251846,-5.68720280655513,-31.9212180119675
10.7004928,16.486539,14.735013,20.702519,13.861518,-1.66006128011611,-32.6075445326403
10.7417392,16.554141,15.092120,20.204728,13.724904,1.80145401647228,-31.5239857223607
10.773024,16.641059,15.558343,19.950952,13.773695,4.33101438456682,-30.2719338995044
10.8029984,16.358422,15.885692,20.009515,13.637080,4.73184498162917,-29.5606131575358
10.8467584,16.699004,16.133683,19.482442,13.412641,9.13451401753263,-29.2256659130497
10.8868096,16.396843,16.441192,19.433639,13.402883,9.3450302805494,-28.108931300098
10.9155792,16.636979,16.421352,19.443399,13.305301,10.3587028000384,-28.7243302402456
10.9455216,16.896325,16.183281,19.697175,12.983281,10.6541516499656,-30.5926896431257
10.9967904,17.021196,16.014647,19.941191,12.671018,10.7371367087839,-32.0903323600686
11.0280368,17.270936,15.865852,19.999755,12.514887,11.3917069940365,-33.1544326499805
11.0580864,17.328569,15.697218,20.019276,12.192867,12.040219851909,-34.2444933624177
11.0992208,17.347780,15.816254,19.814303,12.144076,13.3482521588117,-33.8256568454566
11.1292992,17.242120,15.984888,19.716697,12.212383,13.6527850557741,-33.0471253531868
11.1617872,17.146066,16.381674,19.521484,12.524645,14.231755312285,-31.210413581706
11.1924832,17.203698,16.500710,19.511724,12.739326,14.1107181845178,-30.6382856876259
11.2430656,17.126855,16.381674,19.511724,12.758842,13.4145737317709,-30.7122271553546
11.2717664,17.040406,16.599906,19.472681,13.110137,12.7972544895962,-29.4286541395223
11.3055296,17.021196,16.619745,19.472681,13.158928,12.6373384888888,-29.2688195857352
11.3554944,17.155671,16.728861,19.550766,13.383367,12.4194444911631,-28.9679810860439
11.3942784,17.136461,16.242799,19.775260,13.227236,10.5688320263599,-30.4974350769061
11.4268128,17.290147,16.113843,19.911909,13.071104,10.712923849336,-31.4845412360793
11.4655232,17.347780,15.965049,20.019276,12.885699,10.6735251365583,-32.3791369933301
11.4967936,17.530283,16.074165,20.136403,12.963764,10.9767586166689,-32.4643141793703
11.526832,17.539888,16.133683,20.155925,12.934490,11.2310816529727,-32.4492939571924
11.5679632,17.453439,16.054326,20.116882,12.905215,10.9204903174228,-32.4722469673222
11.5967808,17.357385,15.766656,19.921670,12.583195,11.3826133015712,-33.2279146991899
11.6280368,17.136461,15.865852,19.814303,12.807633,10.5949371619865,-32.0965129486848
11.6617808,17.011590,15.945209,19.902148,13.168686,8.96612766176543,-31.1843510248939
11.70932,16.886720,15.905531,19.853345,13.490707,7.5336951268217,-30.3761839990942
11.7392864,16.464081,15.687299,19.853345,14.027408,3.66993418699127,-29.1166827799323
11.7705104,16.348816,15.607942,19.804542,14.164022,2.73322964218379,-28.7524284649064
11.8118496,16.650716,15.697218,19.716697,14.534834,3.1518757635793,-28.2195870636723
11.8405008,16.206472,15.925370,19.394596,14.837338,2.4888649331059,-26.0288906640842
11.8717552,15.974692,15.846013,19.248187,14.944678,1.56023798960286,-25.3715572383523
11.9029936,15.849145,15.875772,19.140820,15.071535,1.17272875838657,-24.7069499429231
11.9468176,15.704282,16.024567,19.140820,15.413072,0.112576086855231,-23.5780477651635
11.9930448,15.665653,15.994808,19.160341,15.461863,-0.333943364251134,-23.5124560019626
12.0268176,15.752570,16.123763,18.965129,15.383797,1.25677613338956,-23.2434586957791
12.0642816,15.781542,16.193201,18.887044,15.286215,2.14437914706363,-23.2137761188392
12.0955376,15.907090,16.242799,18.828480,15.149600,3.35462360638969,-23.4809266394196
12.1259152,15.926405,16.282477,18.662549,14.964195,4.67741233416912,-23.5049805303846
12.1679904,16.187157,16.411433,18.672310,14.759272,6.60882103438169,-24.0861200520078
12.1980272,16.438252,16.659424,18.584464,14.515318,9.33315200475265,-24.3442099768239
12.2280336,16.505854,16.768540,18.584464,14.456768,10.101240488513,-24.3616866582577
12.25968,16.621744,16.728861,18.584464,14.417736,10.4768393627472,-24.6923059837482
12.2992736,16.689346,16.639585,18.535661,14.242088,11.1451659973808,-25.2075513704109
12.3305344,16.496196,16.629665,18.233082,14.173781,11.7153925722525,-24.5468693814878
12.3605472,16.544484,17.095888,17.979306,14.573867,12.8959579698514,-22.6328163975424
12.4004848,16.718319,17.244683,18.106194,14.798305,12.7672038521856,-22.4596551245577
12.4318,16.573456,17.135567,18.018348,14.729998,12.4696654445041,-22.3940862593809
12.463032,16.505854,17.036370,17.901221,14.690965,12.4501216319506,-22.336767557875
12.4930752,16.428594,17.095888,17.784093,14.827580,12.3281675353822,-21.6634997994817
12.5343056,16.303047,17.274442,17.598642,15.081293,12.2728518545505,-20.3774427008008
12.5655424,16.129212,16.467114,17.335105,15.452104,8.7079815985584,-20.4115035316375
12.6217344,15.781542,16.574997,16.895877,15.940014,7.74814437230149,-18.0015317754555
12.658024,15.404900,16.839802,16.466409,16.689356,6.32407944342414,-14.8277276207113
12.6892816,15.308325,16.879032,16.582129,16.903194,5.06110032143723,-14.4336416037272
12.7180496,15.346955,16.967300,16.329761,16.990673,6.02110030746595,-13.7552491614968
12.7692304,15.443530,16.996723,16.398085,17.058713,6.00025726906945,-13.887688896576
12.8005504,15.453188,16.849609,16.427367,16.844875,6.13936006656738,-14.5640789905023
12.8305392,15.530448,16.898647,16.466409,16.796275,6.59278390068963,-14.7707507622243
12.8718048,15.559420,16.879032,16.466409,16.737956,6.81394293811458,-14.9542151968655
12.9030112,15.472503,16.839802,16.368803,16.699076,6.83802929160886,-14.7575669142505
12.93308,15.569078,16.947685,16.562432,16.854595,6.38393681308379,-14.828760431942
12.9655296,15.559420,16.986915,16.523039,16.951794,6.29526641906309,-14.51231158625
13.004304,15.762227,16.937877,16.552584,16.796275,7.21350879674405,-15.267761323749
13.035504,15.887775,16.790764,16.378564,16.426919,8.92034447256385,-16.0613556047837
13.0744592,16.051952,16.731918,16.456649,15.598477,11.7733471072933,-18.0308546813419
13.1180192,16.457567,16.800571,16.710425,15.178875,13.8890063171592,-19.797342111696
13.1480304,16.602429,16.908455,16.729946,15.042260,15.1060612043727,-20.1302457255401
13.1793088,16.747291,17.035953,16.856834,14.808063,16.3474522972381,-20.783357021604
13.215536,16.766606,17.045761,16.768989,14.564109,17.5794771972191,-21.0874190586192
13.2605648,16.348816,17.006530,16.847074,14.368945,16.5129514221624,-20.931455683672
13.2905056,16.348816,17.016338,17.110610,14.261604,16.0049918585143,-21.5590435306144
13.3243888,16.531319,17.124221,17.266780,14.290879,16.3047547545285,-21.8832846036056
13.3617856,16.627373,16.928070,17.501035,13.959100,16.3173546500507,-23.4008058910529
13.393072,16.617768,16.633842,17.715769,13.607805,15.8041315682429,-24.9412901263851
13.423,16.617768,16.486729,17.852418,13.373609,15.6619059767835,-25.8866378209227
13.4642768,16.665795,16.486729,17.989066,13.285785,15.6497213963328,-26.3565274776317
13.495528,16.665795,16.506344,18.067151,13.402883,15.0407409141455,-26.2244264793389
13.526792,16.685006,16.457306,18.184279,13.539498,14.0746086690943,-26.280757627923
13.55564,16.608163,16.369038,18.223321,13.724904,12.7712576106975,-26.035998488941
13.5967552,16.646584,17.254603,18.213561,13.715145,15.8270951876944,-24.4546748066787
13.6293232,16.588952,17.185165,18.115955,13.705387,15.7852405469901,-24.3465958837911
13.6580448,16.608163,17.244683,18.018348,13.802969,16.037131854505,-23.9298689547284
13.6993104,16.512108,16.369038,17.842657,14.017650,12.7538012064331,-24.7047251935611
13.72932,16.435265,16.496536,17.579120,14.378703,12.5896563454148,-23.2324783831473
13.7605328,16.756949,16.555382,17.432711,14.671449,13.3385588333025,-22.8807967257373
13.7918016,16.544484,16.584805,17.266780,14.837338,12.7424286264812,-21.8926935685878
13.8317904,16.457567,16.663265,17.110610,15.052018,12.5177363571442,-20.9531139840096
13.8655264,16.360992,16.702495,16.993483,15.217908,12.1662263526815,-20.2220833130239
13.9068656,16.293389,16.761341,16.934919,15.266699,12.1703989454264,-19.8143515321373
13.9442928,16.332019,16.771149,16.837313,15.335006,12.4273982687069,-19.5743145623017
13.9762608,16.283732,16.741726,16.847074,15.393555,11.9434669752737,-19.4564123185564
14.0068192,16.254759,16.712303,16.798270,15.549686,11.3921929740519,-19.09820583487
14.0467808,16.206472,16.722111,16.847074,15.627752,10.8420787065276,-18.9440733717426
14.0767936,16.303047,16.614227,16.925159,15.452104,11.1305797222998,-19.7460896117275
14.1067712,16.293389,16.516152,16.925159,15.374039,11.0370381611461,-20.0433778544865
14.138,16.245102,16.467114,16.993483,15.286215,10.7808361622375,-20.3227688150203
14.179296,16.409279,16.339615,17.169174,15.091051,10.9674563696779,-21.4838935981504
14.209656,16.438252,16.378845,17.266780,15.022744,11.0943869894023,-21.7508023996077
14.2405184,16.554141,16.388653,17.344865,14.895887,11.6717962838198,-22.289994477522
14.2742784,16.505854,16.398461,17.393668,14.817822,11.6435756565252,-22.4151552955831
14.313048,16.650716,16.476921,17.344865,14.808063,12.572617901875,-22.4510723604388
14.3432976,16.718319,16.506344,17.403429,14.651932,13.2180073954116,-22.8927123232859
14.3730112,16.689346,16.486729,17.374147,14.603141,13.3235236372956,-22.9205358501165
14.424272,16.776264,16.555382,17.374147,14.612900,13.7967383217958,-22.9222121980182
14.4580432,16.660374,16.574997,17.364387,14.690965,13.2529115625663,-22.5344973325615
14.4855584,16.612086,16.692688,17.344865,14.778789,13.2483192328065,-22.0481309293312
14.5280784,16.641059,16.604420,17.325344,14.788547,13.0883739332467,-22.206128840632
14.5667824,16.525169,16.388653,17.530317,14.671449,11.7075257613023,-22.9616520777982
14.598032,16.563799,16.339615,17.676727,14.661691,11.2149404497248,-23.3775692456964
14.6380016,16.592771,17.214924,17.686487,14.681207,14.0511627218198,-21.8229356330514
14.6692528,16.496196,17.155406,17.832896,14.759272,12.8025162046472,-21.8725395981955
14.7005584,16.447909,17.254603,17.803615,14.827580,12.8366072006476,-21.4457276898214
14.7330448,16.438252,17.155406,17.852418,14.915404,12.0342786759538,-21.5309509836419
14.7705184,16.360992,17.135567,17.803615,14.886129,11.9791889582313,-21.4085060278093
14.8017632,16.274074,17.155406,17.686487,14.866613,12.215594379173,-21.0668098995967
14.8330496,16.196814,17.214924,17.647445,15.052018,11.6725903275161,-20.4374074534489
14.8655712,16.264417,17.115728,17.666966,15.071535,11.4410501934492,-20.7246997612382
14.903664,16.225787,17.244683,17.686487,15.188633,11.2827954934977,-20.2587911619768
14.935504,16.196814,16.418076,17.657205,15.217908,8.47978400382598,-21.5785222434977
14.964288,16.177499,16.427883,17.530317,15.149600,9.09286795357322,-21.4374825754513
15.0155568,16.196814,16.447498,17.510796,15.110568,9.41616913486161,-21.4721576997795
