0.0452768,13.794397,17.026146,14.922913,20.207962,-2.17375006936111,-3.38387307315327
0.0764128,13.775081,17.094799,14.853956,20.207962,-1.78952248679193,-3.10815786127089
0.1063856,13.678498,17.065376,14.863807,20.237122,-2.35028734012415,-2.93863637000872
0.1476576,13.659182,17.192874,14.922913,20.344041,-2.48027377436649,-2.66596474900393
0.1776128,13.649523,17.222297,14.863807,20.314881,-2.14116696905863,-2.53081550128584
0.208888,13.659182,17.173259,14.942614,20.392640,-2.75729886081425,-2.661332369313
0.238896,13.775081,17.134029,14.952465,20.276001,-2.16346681944578,-3.13972016618159
0.2800976,13.871663,17.026146,14.853956,20.052443,-1.21265710559817,-3.63475727293195
0.3214384,13.862005,16.918262,14.883509,20.062163,-1.74490569108923,-3.8222934779265
0.3551392,14.016537,16.977108,14.932764,20.033004,-1.06192354273266,-4.17375572897405
0.3926592,14.142094,16.879032,15.060826,19.838605,-0.761487085979349,-5.10993254716088
0.4226528,14.219360,16.800571,15.041124,19.751126,-0.433802560950646,-5.47568612105744
0.4538848,14.325601,16.761341,15.198738,19.605328,-0.237603128434339,-6.26742367878727
0.50384,14.286968,16.839802,15.238142,19.566448,-0.1010664103505,-6.20756311271735
0.5351616,14.364234,16.761341,15.218440,19.624768,-0.224873224885917,-6.34859448989358
0.566456,14.393209,16.761341,15.218440,19.556728,0.0864724578740663,-6.50937669704648
0.610128,14.354576,16.829994,15.238142,19.585888,0.0388826612393114,-6.32161203521397
0.64636,14.315943,16.722111,15.277546,19.585888,-0.591304750662278,-6.49041475135447
0.6776128,14.344918,16.682880,15.277546,19.527569,-0.446331127196085,-6.69741280257226
0.7088736,14.286968,16.761341,15.336651,19.634487,-0.888419997996856,-6.41153548161255
0.7601728,14.325601,16.810379,15.307099,19.692807,-0.67294470859672,-6.26272120221003
0.7901296,14.171069,16.761341,15.277546,19.751126,-1.46904928439531,-5.89714314469376
0.8201376,14.142094,16.820186,15.238142,19.741406,-1.21362096011014,-5.69043820832428
0.8713712,14.151753,16.751533,15.247993,19.828886,-1.71890474274342,-5.69883173042825
0.90388,14.074487,16.761341,15.277546,19.819166,-2.01543184974794,-5.6072201858099
0.9326736,14.006879,16.702495,15.267695,19.848325,-2.51761743872034,-5.50414082240592
0.9838272,13.958588,16.653458,15.297248,19.858045,-2.98009215226128,-5.52868899814173
1.0138672,14.026195,16.702495,15.277546,19.926085,-2.71836628197095,-5.44055984889413
1.0450912,13.929613,16.741726,15.346502,19.974684,-3.27877779919611,-5.25266745963529
1.085088,13.958588,16.731918,15.287397,20.013564,-3.14978458790201,-5.15018863477602
1.1276112,14.006879,16.712303,15.336651,20.013564,-3.19937627317631,-5.36762629252027
1.1576416,13.929613,16.702495,15.238142,19.994124,-3.14512443901317,-5.07436103736495
1.1926416,13.929613,16.702495,15.287397,19.994124,-3.29560686837021,-5.16928632339132
1.2288384,13.890980,16.731918,15.366204,20.003844,-3.59789509709167,-5.18661667752256
1.2589024,14.016537,16.663265,15.405608,19.926085,-3.28109245321419,-5.72797960527313
1.2901616,13.900638,16.653458,15.376055,20.033004,-3.95878570431169,-5.29970209700624
1.3401712,14.045512,16.594612,15.445011,19.896925,-3.45170314616565,-6.00959357586384
1.3713744,14.093803,16.555382,15.504117,19.819166,-3.36299595780569,-6.39557287758802
1.4019152,14.074487,16.496536,15.553372,19.838605,-3.84720113444555,-6.51373491766706
1.4438288,14.084145,16.447498,15.612477,19.751126,-3.89963079242753,-6.85695585381275
1.4726272,14.151753,16.408268,15.632179,19.683087,-3.652316347951,-7.19027525167156
1.5051376,14.142094,16.437691,15.671583,19.673367,-3.67316954942264,-7.21582860026449
1.5353568,14.248335,16.388653,15.720837,19.683087,-3.6514480695992,-7.57127280328847
1.5913568,14.219360,17.265894,15.730688,19.537288,-0.292600721712668,-6.40187936252675
1.6251408,14.238677,16.329808,15.770092,19.478969,-3.42041171901171,-8.05957434562809
1.657624,14.315943,16.339615,15.819346,19.527569,-3.41263608931896,-8.20536763934198
1.706368,14.238677,16.447498,15.740539,19.595608,-3.2722989790322,-7.63509024724511
1.7376368,14.296626,16.408268,15.710986,19.585888,-3.08682158018775,-7.76542537811095
1.7688896,14.171069,16.369038,15.740539,19.634487,-3.90456153904096,-7.56959139348634
1.8288896,14.161411,16.418076,15.582924,19.692807,-3.46311382108622,-7.08460141154692
1.8601216,14.132436,16.457306,15.553372,19.790006,-3.63332219782127,-6.76053770189785
1.8913776,14.074487,16.525959,15.435160,19.790006,-3.2348162134426,-6.31802876101509
1.9313312,14.064828,16.584805,15.523819,19.819166,-3.42147805079371,-6.33230292738731
1.9614016,14.093803,16.516152,15.494266,19.838605,-3.53017140335465,-6.40749247182927
1.9926432,14.064828,16.565189,15.553372,19.819166,-3.58043917957766,-6.41899866203857
2.0338752,14.064828,16.506344,15.504117,19.799726,-3.57818871598509,-6.44661149886145
2.0638592,14.084145,16.545574,15.435160,19.819166,-3.22095214009151,-6.26079922873818
2.0939056,14.093803,16.545574,15.454862,19.896925,-3.4843425459416,-6.19641634086127
2.1276432,14.103461,16.565189,15.425310,19.858045,-3.17278421968738,-6.18825625318157
2.1651264,14.103461,16.516152,15.425310,19.838605,-3.28579163526237,-6.29435847589405
2.1950912,14.113120,16.565189,15.454862,19.770566,-2.96185724051252,-6.39867607062885
2.2363664,14.171069,16.584805,15.513968,19.867765,-3.16678932370428,-6.44048783516293
2.2863808,14.209702,16.418076,15.553372,19.692807,-3.20288149805235,-7.1201648491429
2.3176864,14.190386,16.447498,15.513968,19.692807,-3.04684459470334,-6.96267089563938
2.3476832,14.161411,16.457306,15.513968,19.712247,-3.17372325717913,-6.86191468171775
2.3901296,14.277310,16.447498,15.573073,19.673367,-2.86292811839332,-7.2699882411799
2.4188816,14.325601,16.427883,15.661732,19.624768,-2.88479976022322,-7.6354259546464
2.450112,14.373892,16.349423,15.671583,19.566448,-2.84245442177761,-7.95982481228081
2.4801456,14.219360,16.359230,15.691284,19.566448,-3.41130323572081,-7.69010823047806
2.5214,14.238677,16.349423,15.750390,19.585888,-3.61747092207118,-7.82297500463576
2.5518496,14.248335,16.378845,15.730688,19.644207,-3.59759421131343,-7.66618244503572
2.5826432,14.200044,16.398461,15.720837,19.683087,-3.78679328409842,-7.46478180752773
2.6238256,14.219360,17.216295,15.730688,19.663647,-0.848534366061804,-6.28438296924157
2.6538832,14.277310,17.246055,15.701135,19.615048,-0.309460529962353,-6.36663962791445
2.683864,14.257993,16.359230,15.770092,19.537288,-3.42687073609419,-7.95756361628015
2.7163728,14.248335,17.255974,15.740539,19.585888,-0.405995155940303,-6.41570125489337
2.7650768,14.190386,17.226215,15.720837,19.634487,-0.794982956965244,-6.24066442986283
2.7976352,14.180727,16.369038,15.710986,19.634487,-3.78052752759181,-7.53199259801187
2.8276272,14.190386,16.486729,15.681433,19.595608,-3.12378314280173,-7.37082757816738
2.886368,14.161411,17.246055,15.789794,19.731687,-1.3320477184646,-6.13724953055434
2.9189024,14.209702,17.236135,15.809495,19.673367,-1.08305332901907,-6.36925061860425
2.952672,14.248335,16.339615,15.809495,19.721967,-4.21107060477752,-7.75415444276583
2.9901536,14.248335,17.117098,15.819346,19.488689,-0.826434366905595,-6.92652168073389
3.021392,14.267652,17.037740,15.947408,19.449809,-1.30518382517573,-7.38536393085289
3.0520368,14.286968,17.057580,15.927706,19.401210,-0.962057429141982,-7.42919361263238
3.0863968,14.335259,17.087339,16.006514,19.488689,-1.2002885313238,-7.48497401246722
3.1226576,14.412525,17.107178,16.124725,19.333170,-0.754045349840183,-8.05810417822932
3.1551456,14.480133,16.968302,16.173979,19.235971,-0.852270705346246,-8.64198144109876
3.186384,14.509108,16.938543,16.282340,19.187372,-1.03684820930009,-9.01777614793058
3.2388656,14.596032,16.938543,16.311892,19.022133,-0.325594784600936,-9.49142780620552
3.2663616,14.644323,16.859185,16.351296,18.992974,-0.463218890774302,-9.82335877199725
3.297648,14.673298,16.869105,16.410402,18.983254,-0.480746203312469,-9.98395269269485
3.337648,14.644323,16.898864,16.311892,18.992974,-0.207043919335062,-9.68852862431212
3.3676288,14.673298,16.948463,16.311892,19.002694,0.0317268159649675,-9.64795242574356
3.3988368,14.692615,16.928623,16.370998,19.002694,-0.150523445341493,-9.82255182380134
3.43016,14.760222,16.898864,16.351296,19.012414,0.00902274616307963,-9.94156460351613
3.4700976,14.702273,16.948463,16.361147,18.944374,0.158277737902704,-9.88295587197752
3.5051456,14.682956,16.908784,16.302041,19.070733,-0.248433779786488,-9.6029013417304
3.5426384,14.682956,16.908784,16.292191,19.070733,-0.218379059901396,-9.58487774702151
3.5926288,14.644323,16.908784,16.302041,19.158212,-0.646953863420675,-9.39456283480813
3.622648,14.605690,16.898864,16.213383,19.167932,-0.572660189078684,-9.16134466947432
3.6551232,14.615349,16.859185,16.213383,19.294291,-1.06006182133587,-9.04312225764544
3.6950768,14.547741,16.829426,16.262638,19.294291,-1.54368302264214,-9.05603451845553
3.725152,14.470475,16.809587,16.193681,19.216532,-1.4320585908176,-8.93983210218813
3.7564384,14.431842,16.690550,16.183830,19.284571,-2.15388671908259,-8.93044207251123
3.7938848,14.460817,16.789747,16.302041,19.294291,-2.09897244369749,-9.03085660085109
3.8276304,14.431842,16.809587,16.302041,19.440089,-2.57102369394573,-8.71815779366685
3.8613952,14.393209,16.789747,16.351296,19.401210,-2.80416074799232,-8.82950871583763
3.888896,14.402867,16.730229,16.321743,19.430369,-2.97538475487508,-8.84037446583404
3.9401056,14.383551,16.680630,16.361147,19.391490,-3.21568520050425,-9.01612065625298
3.9738672,14.306285,16.700470,16.380849,19.527569,-3.8831748283973,-8.66578158572955
4.0014256,14.354576,16.740149,16.321743,19.469249,-3.22532269475335,-8.67496365941813
4.0413408,14.344918,16.720309,16.380849,19.527569,-3.68030993564086,-8.7060128156114
4.0738896,14.325601,16.670711,16.341445,19.605328,-4.03438002530223,-8.5537691824511
4.10388,14.364234,16.720309,16.400551,19.508129,-3.61415670825485,-8.80823596635975
4.1352928,14.335259,16.611192,16.390700,19.459529,-3.91816018409132,-8.98378715131614
4.1863328,14.335259,16.591353,16.410402,19.469249,-4.07552186062047,-9.03598352121098
4.2138608,14.383551,16.531835,16.479358,19.410930,-4.14651949711256,-9.43706307796114
4.2451168,14.412525,16.571514,16.479358,19.420650,-3.93686231188172,-9.41240905946029
4.2963536,14.431842,16.551674,16.548314,19.362330,-3.97057507807647,-9.6973539558067
4.3276384,14.412525,16.521915,16.368803,19.342890,-3.54304993679774,-9.41011829106521
4.3576272,14.431842,16.531835,16.359042,19.304011,-3.29451417104835,-9.47348734038957
4.398864,14.451158,16.541754,16.359042,19.313731,-3.22221074349373,-9.47797893730738
4.4300992,14.412525,16.452477,16.417606,19.235971,-3.6096592184676,-9.77932517101313
4.460184,14.402867,16.462397,16.388324,19.177652,-3.34380459878336,-9.78461158172534
4.5014032,14.460817,16.482236,16.359042,19.265131,-3.2487899639734,-9.6669158908571
4.5413904,14.460817,16.571514,16.359042,19.420650,-3.40765719661136,-9.28014421109786
4.572688,14.441500,16.531835,16.597569,19.420650,-4.32794753999338,-9.74434859585834
4.605152,14.431842,16.521915,16.558165,19.362330,-4.10355672681809,-9.76237385520485
4.642648,14.393209,16.621112,16.479358,19.459529,-3.94822563960034,-9.23784884145856
4.6751328,14.383551,16.631032,16.400551,19.508129,-3.85678155342731,-8.98350037797272
4.7038832,14.257993,16.621112,16.321743,19.605328,-4.38317505199055,-8.46984326853519
4.736392,14.344918,16.680630,16.262638,19.615048,-3.72573950453706,-8.41324495640421
4.7801104,14.257993,16.720309,16.242936,19.663647,-3.97651455751483,-8.07838686600314
4.8263744,14.248335,16.769908,16.154278,19.673367,-3.60079759674163,-7.80370379278294
4.8676576,14.277310,16.740149,16.203532,19.673367,-3.75145965961468,-7.9952001063446
4.8988416,14.335259,16.710390,16.242936,19.634487,-3.65520958216011,-8.28229686088063
4.9301024,14.315943,16.779828,16.292191,19.556728,-3.39588410882565,-8.35062053669678
4.9614016,14.257993,16.720309,16.351296,19.556728,-3.98083566893442,-8.44552117038057
5.0014176,14.335259,16.680630,16.302041,19.595608,-3.81916416671308,-8.49853415812636
5.0325648,14.354576,16.670711,16.331594,19.624768,-3.96250283324873,-8.55873068913048
5.0626016,14.325601,16.640952,16.341445,19.566448,-4.02128600338428,-8.66097304629613
5.105104,14.286968,16.690550,16.272489,19.770566,-4.38760348358365,-8.06699451729348
5.1338496,14.219360,16.670711,16.351296,19.721967,-4.78198274109257,-8.19399232617119
5.1638544,14.180727,16.680630,16.233085,19.653927,-4.32497603241622,-7.99345996187567
5.1963568,14.113120,16.700470,16.183830,19.663647,-4.37306543615692,-7.72981447326666
5.2463792,14.190386,16.859185,16.154278,19.595608,-3.25806818113893,-7.67798942322594
5.2764016,14.286968,17.057580,16.006514,19.673367,-2.02798376090668,-7.15623529628869
5.30764,14.248335,17.176616,15.996663,19.595608,-1.48671887511689,-7.0023688967143
5.3588752,14.248335,17.265894,15.799645,19.508129,-0.315037000236941,-6.63074472467476
5.3888896,14.277310,16.437691,15.701135,19.449809,-2.60499611824623,-7.87821903906708
5.425136,14.277310,16.476921,15.740539,19.381770,-2.37961301230188,-7.99790661644527
5.4713584,14.190386,16.535767,15.681433,19.304011,-2.05722977768473,-7.75200764779444
5.5014224,14.296626,16.692688,15.720837,19.459529,-1.73680719397264,-7.53632171108628
5.5325984,14.238677,16.722111,15.770092,19.469249,-2.01666326901575,-7.45880417331109
5.5776352,14.315943,16.977108,15.651881,19.372050,-0.204061292304884,-7.13592160412188
5.612672,14.267652,16.908455,15.523819,19.187372,0.359875648246843,-7.19757260391984
5.6426016,14.238677,17.045761,15.385906,19.216532,1.07312682976091,-6.62072187726973
5.6776368,14.171069,17.251720,15.267695,19.449809,1.19111969362864,-5.58737476853886
5.7138976,14.006879,17.202682,15.228291,19.566448,0.216153523327607,-5.09318569225286
5.7438512,13.842689,17.055568,15.297248,19.615048,-1.22930744066413,-5.06055926072456
5.77512,13.775081,17.006530,15.356353,19.547008,-1.60957567933056,-5.22405732336789
5.8163344,13.794397,16.820186,15.533670,19.585888,-2.8615877516606,-5.8304464738604
5.847624,13.929613,16.702495,15.937557,19.372050,-3.38131697924599,-7.37423480226302
5.8764208,14.055170,16.369038,16.331594,19.090173,-4.4559958621803,-9.3235486739813
5.9088832,14.122778,17.127018,16.607420,18.798576,-1.52360198007745,-9.21996546067302
5.9488592,14.306285,17.216295,16.622579,18.565298,0.0806200060977549,-9.81282152124113
5.9788608,14.480133,16.614227,16.778749,18.575018,-1.9020567580962,-11.3625170953289
6.0101536,14.596032,16.722111,16.817792,18.341740,-0.534517067033365,-11.8462513208535
6.0513792,14.721589,16.486729,16.856834,17.914064,0.285835143003355,-13.2290041831199
6.10016,14.760222,16.329808,16.905637,17.389190,1.36425073316851,-14.5258495936702
6.1313664,14.847147,17.275814,17.071568,17.301710,4.64922204443599,-13.5473248200637
6.1726208,14.673298,17.216295,17.100850,17.330870,3.67731519872629,-13.3389896171708
6.2014064,14.557399,16.349423,17.257020,18.040423,-2.38227059759692,-13.67080210579
6.2338752,14.229019,16.839346,17.549838,18.400060,-3.79375240034465,-12.2190486957777
6.2639408,13.919955,16.363199,17.696248,18.176502,-6.31649818986735,-13.0677619943623
6.3040144,13.697815,15.976330,17.832896,18.186222,-8.93475770140557,-13.5384091626554
6.3365168,13.359776,15.857294,18.184279,18.322300,-12.0364840380192,-13.5341056496526
6.3650912,13.330801,15.668819,18.477098,18.370900,-13.8287746155886,-14.2416588323099
6.408872,13.205244,15.520023,18.828480,18.351460,-15.7979200372526,-14.9266645843267
6.4376384,13.224560,15.291870,19.248187,18.001544,-16.7738727341739,-16.6829878274539
6.4663648,13.108661,15.242271,19.365314,18.069583,-17.9193073013117,-16.6535860730018
6.4988832,13.070028,15.162913,19.365314,18.244541,-18.8566978726167,-16.4224308371181
6.5376496,12.567799,14.587569,19.453160,18.798576,-24.7535359368602,-15.7261183962939
6.5676032,12.364976,14.260219,19.384835,18.516698,-25.8584998269165,-16.290944456531
6.5988672,12.104203,14.121342,19.101777,18.244541,-25.8969842836517,-16.02555033799
6.6400992,12.094545,14.299897,19.248187,18.312580,-25.8241773315036,-15.8422224716371
6.670112,12.046254,15.073636,19.980233,19.119333,-27.1908767732275,-14.3758397461299
6.7051504,11.746848,15.043877,20.497546,19.731687,-31.4356431281501,-13.800059674599
6.7400816,11.457100,14.349496,21.161269,19.760846,-37.0661443992423,-15.5566399096313
6.7800992,10.752048,13.476561,21.522412,20.723117,-46.7035499571986,-14.8038847331358
6.8114032,10.452642,12.940896,21.942118,20.927235,-51.6572525428242,-15.5707271963203
6.8413984,10.433326,12.722662,22.410628,20.888355,-53.6468999536016,-16.789685928686
6.8826144,10.462301,12.563946,23.162196,20.557878,-55.147145914908,-18.9640853235866
6.9126784,10.558883,12.633384,23.347648,20.946675,-55.7204774827124,-18.6570266816699
6.9439088,10.491275,12.583786,23.152436,20.693957,-55.222221702277,-18.7289647315835
6.9788752,10.365718,12.494508,23.015787,20.577318,-55.5703139111675,-18.6367920718215
7.0151376,10.066312,12.315953,22.342304,21.199392,-57.5135428592752,-16.1917138249852
7.0463872,9.824856,12.583786,21.268636,22.103343,-57.0195743627532,-11.877648711857
7.0764128,9.535108,13.040093,20.370658,23.736287,-57.9322464838516,-6.35952034707721
7.1176176,9.071512,13.446801,19.257947,25.651108,-59.917729620543,0.100764131794779
7.14888,8.781765,13.496400,18.926086,26.584219,-62.2219853482104,2.70176628980701
7.1789392,8.530650,13.575758,18.945607,27.760328,-65.4201035116109,4.85575113633703
7.212624,8.318169,13.010334,19.043214,27.692288,-68.8394761053386,4.23962194089721
7.2513664,8.057396,12.474669,19.248187,27.779768,-72.9317547420847,3.74420506930921
7.2814128,7.815940,11.939004,19.872867,27.779768,-77.6260838779489,2.23958965356821
7.3126688,7.468243,11.363660,20.224249,27.779768,-82.520672663461,1.42597237334944
7.35636,7.390977,11.016470,20.546349,27.497890,-84.5809935880804,0.0396994148041117
7.393888,7.748332,11.026390,21.005099,26.506460,-81.8825558848441,-3.00658388967932
7.4251376,8.318169,11.066068,22.029964,24.591639,-77.3630478535202,-8.93527016203013
7.4663648,9.312969,11.224784,23.298845,23.085054,-71.6396889259337,-15.2129841977147
7.4963984,10.162895,10.609761,23.943046,21.316031,-68.3084199392047,-21.8694432327514
7.52768,10.385035,10.441126,23.962567,20.878635,-67.1997965792329,-23.3619401725221
7.5589152,10.636149,10.619681,23.581903,20.276001,-63.1749373512888,-23.9222895767988
7.6101376,11.128720,11.363660,22.986505,19.838605,-55.4185873705019,-23.1895915622742
7.6401392,11.640607,12.157238,22.430150,19.721967,-48.2773936574524,-21.8938226951981
7.6713968,11.727531,13.149210,21.307678,20.344041,-42.6140492693929,-17.3206648237597
7.721392,11.901380,13.932868,20.712280,20.606478,-37.9459036400644,-14.8364675118671
7.7514832,11.824114,13.942788,20.497546,20.936955,-38.4998026857532,-13.7660292598051
7.782616,11.524708,13.853510,19.814303,21.588188,-39.9740988360765,-11.1019271606082
7.8238544,11.302568,13.536079,19.785021,21.578468,-42.0651193617585,-11.1711249782008
7.8639072,11.341201,13.238487,20.438983,21.053594,-43.442856920523,-13.7715563292324
7.8939376,11.717873,12.256435,22.234937,19.449809,-46.4214154186466,-22.006123973825
7.9276032,12.094545,11.641412,23.835679,17.933504,-47.6254693398296,-29.1658201456439
7.9651248,12.461559,11.423178,24.948390,17.126752,-47.7304766537643,-33.4185182714921
8.016376,12.674040,11.909245,25.075278,18.127902,-47.493348381925,-31.0754987107441
8.061344,12.751306,11.939004,24.938630,18.001544,-46.4459519931138,-31.1681464251771
8.09888,12.838230,12.058041,24.704375,18.720816,-46.7393827951901,-29.3914137331059
8.1288544,12.838230,11.760449,24.645811,18.176502,-46.5432529203915,-30.866675916458
8.1714448,13.099003,11.700931,24.743417,17.262831,-43.7849532977105,-33.2563420722985
8.208896,13.253535,11.552135,25.455943,17.087872,-45.0447455910041,-35.1497646541006
8.2401392,13.330801,11.343821,25.602352,15.854836,-42.9663173192097,-38.3338185118179
8.281408,13.504650,11.264463,26.441765,15.318025,-43.31562446054,-41.0051778388059
8.3126176,13.813714,11.075988,27.134770,14.556730,-42.6580165483022,-44.3291190317571
8.3438816,13.736448,11.135507,26.802908,14.566490,-41.9435801203458,-43.6403317350023
8.3751312,13.591574,11.611653,25.719479,15.161862,-39.3872924805705,-39.7335765984345
8.413856,13.533624,12.107639,24.889826,15.659632,-36.7866273783083,-36.4586343894141
8.4451392,13.253535,13.119451,22.898659,17.437789,-33.3414135506727,-27.6667810631949
8.4763456,13.311485,13.506320,22.742490,17.544708,-31.4802688486827,-26.6046979877901
8.5076224,13.311485,13.555918,22.888899,17.846025,-32.4356034946231,-26.1973072434589
8.5463856,13.330801,13.407123,22.986505,17.855745,-33.2087922781118,-26.6318000959903
8.5800992,13.176269,13.258327,22.722968,17.748826,-33.446609337919,-26.4410334146038
8.608872,12.983104,13.397203,22.147092,18.118182,-33.1298366599081,-24.2888234025101
8.6651552,12.886522,13.426962,21.805470,18.225101,-32.7869972043625,-23.3290965133987
8.7001696,12.886522,13.555918,21.483369,18.147342,-31.2377705813174,-22.7064403374127
8.7314064,12.925155,13.793992,21.580975,18.283421,-30.7666332525604,-22.2638338204553
8.771352,13.050712,13.972547,21.541933,17.914064,-28.513280958256,-22.7459044784668
8.8051888,13.330801,14.319737,22.137331,18.195942,-28.4133445107401,-23.0564221754809
8.8338912,13.398409,14.240379,22.059246,18.244541,-28.3813431193461,-23.0934562200693
8.8638384,13.321143,13.992386,21.678582,17.865465,-27.6293310739556,-23.4628045385578
8.9151168,13.427384,14.111423,21.473609,17.126752,-24.2330403748364,-24.4189141815196
8.9463552,13.620549,14.746285,21.161269,17.175352,-20.3831666241732,-22.9937538202822
8.9827072,13.784739,14.954599,20.800126,17.097592,-17.7791954331124,-22.4383375363335
9.0176576,13.987562,14.835562,20.702519,17.330870,-17.8495413735803,-22.4087277889601
9.0488656,14.055170,14.577650,20.341376,17.651627,-18.4399712715729,-21.8138451897093
9.0789376,13.968246,14.676847,20.204728,17.952944,-18.853304236121,-20.7390079967054
9.130176,13.890980,15.033957,19.687415,19.080453,-19.5045112017823,-17.2028500342083
9.1601632,13.630207,15.440665,18.789437,19.935805,-18.854388572144,-13.1336034625164
9.1926512,13.369434,15.569622,18.408773,20.480119,-19.7830192371662,-10.9262767055808
9.2263984,13.176269,15.837454,17.871939,20.363480,-17.7122091220568,-9.37069724324944
9.2777472,13.099003,16.650871,17.266780,21.004994,-15.147730772018,-5.88782379598158
9.3126128,13.108661,17.107178,17.081329,21.053594,-13.1077130920933,-4.81133517247241
9.3551344,13.041054,16.839346,17.452232,20.800876,-14.6291320886542,-6.14739156661606
9.383896,13.050712,16.452477,17.520557,20.334321,-14.8678525853413,-7.58608434445127
9.4263904,13.166611,16.184644,17.676727,19.916365,-14.6784818359341,-9.15221558367175
9.4588992,13.263193,15.867213,17.871939,20.276001,-17.0423321700343,-9.61958175074234
9.4963792,13.079687,15.877133,17.813375,20.645358,-18.538822843967,-8.58615268102881
9.5264128,12.983104,15.291870,18.272124,20.664797,-22.3679385762909,-10.1312991332805
9.5576512,12.722331,14.905000,18.516140,20.693957,-25.5430685239061,-10.6681608985051
9.608872,12.577458,14.696686,18.584464,20.830036,-27.4369544540647,-10.6441934142808
9.6376704,12.577458,14.746285,18.516140,21.238272,-28.1450997177638,-9.79330760868868
9.6677344,12.451900,15.460505,18.047630,21.179952,-24.5111280082578,-7.67858672344968
9.7088384,12.393951,16.045768,17.842657,21.452110,-22.7201711237149,-5.88451767825036
9.7389504,12.055912,17.087339,16.554255,21.860346,-17.7356710087176,-0.661573608759092
9.770432,11.862747,16.447498,16.449805,21.510429,-19.5498299526354,-1.51334583825805
9.80268,11.814456,16.702495,16.154278,21.209112,-17.0958465950161,-0.900293068664638
9.8414192,12.094545,16.839802,16.252787,20.606478,-14.1018209842774,-2.3398768809056
9.872664,12.152495,16.702495,16.499060,20.237122,-14.037975659217,-3.70056740113579
9.9300992,12.220102,17.124221,16.528613,20.149642,-12.0734305882011,-3.38532054642824
9.963872,12.509850,17.722483,16.134576,19.187372,-4.83313424142202,-3.73182017360932
9.995208,12.606432,18.134402,15.819346,18.604178,-0.25939269784568,-3.56294067525685
10.0252,12.567799,18.359976,15.445011,18.458379,2.03896179724069,-2.62175352724798
10.0676816,12.461559,18.762087,15.041124,18.924934,2.86809617083553,-0.295756450455222
10.0964112,12.065570,19.183812,14.913062,19.770566,0.699048933222864,2.60085544157197
10.1279616,11.775823,18.624781,14.745596,19.955244,-2.32491902421897,3.01044292105613
10.1589328,11.273594,18.762087,14.420516,20.246841,-3.52199154029834,5.35377928086855
10.1989216,10.819656,19.723229,13.671846,20.761996,-0.98866271755554,9.9550362240297
10.2301072,10.249819,20.439182,12.391226,21.588188,0.960057744777489,16.0694269291003
10.260168,9.631691,20.802063,11.465240,22.754577,-0.70221271660392,21.496398165219
10.3002048,9.052196,21.606284,10.411191,23.153093,2.18016386608038,26.7966493717144
10.3414352,8.665866,21.596476,9.918645,23.775167,0.359882247385837,29.6417483956867
10.3726448,8.463043,22.273199,9.682223,24.805477,-0.476480528559895,32.4649799127714
10.4064016,8.105687,22.587041,8.933553,25.320632,0.103775207806221,36.0771919064287
10.4426416,7.680724,22.881269,7.968163,25.689988,1.53804101717717,40.3364032678175
10.4841792,7.516534,22.773385,7.643083,25.641389,1.77803545859001,41.5267708884241
10.5176224,7.516534,22.498773,7.662784,25.758027,0.353273673652456,41.3374541595868
10.5926144,7.960814,21.057060,8.795640,25.320632,-5.50760145434379,35.3809045557359
10.6288992,7.854573,21.331672,9.022211,26.535620,-9.3303143355265,36.4618882826867
10.6688672,7.680724,21.547438,8.982808,27.429851,-11.720422465643,38.0145410691201
10.697672,7.400635,20.517643,8.913851,26.963296,-15.0338385901081,37.5877238983572
10.731512,7.284736,20.409759,8.835044,27.060495,-15.945588697773,38.0975112365439
10.7601728,7.265419,20.645141,8.677429,27.575650,-16.1733409725179,39.2429102485117
10.7988608,7.275078,21.253211,8.805491,28.664279,-17.3557714004142,40.3417680773525
10.8325904,7.419951,21.213981,8.894150,28.528200,-16.828250032036,39.5846734138268
10.8601744,7.516534,21.606284,9.032062,28.703159,-15.9128625808114,39.4602575593899
10.9113792,7.593800,21.910319,9.120721,28.158844,-13.2306569939409,38.8309581701705
10.9414032,7.835256,22.567426,8.943404,28.032485,-9.1450871003136,39.1177343548522
10.97264,7.844915,22.665502,8.943404,27.906126,-8.39853493559371,39.0693445731473
11.0138896,7.931839,22.557619,8.904000,27.527050,-7.24627282516022,38.534293854516
11.0451248,8.096029,21.978972,9.357143,26.924416,-8.27413222793703,35.9256593400985
11.0751088,8.617575,21.959357,10.036856,26.934136,-8.51794858233524,32.9286403694994
11.108928,8.830056,21.380710,10.361937,26.282902,-8.85974340890625,30.443335988813
11.147672,8.994246,20.988406,10.598359,26.253743,-10.2765684698289,29.0562687126389
11.1814112,8.965272,20.978599,10.716570,26.409261,-11.2074011419683,28.9870507342745
11.2189872,8.897664,21.096290,10.578657,26.671698,-11.3868748163441,29.8576263363482
11.2690064,8.685182,20.478413,10.401340,26.535620,-13.4843435698301,30.0595016156693
11.2989152,8.434068,20.488220,10.046707,26.282902,-12.6009751691587,31.3198347629672
11.330168,8.492017,21.066867,9.889092,26.166263,-9.45982333395159,32.0227588312917
11.3713536,8.578942,21.282634,9.839838,25.952426,-7.58116796480233,31.9304647224425
11.4013568,8.723815,21.625899,9.820136,25.641389,-4.8405219439858,31.6497944779696
11.4326064,8.974930,21.929934,9.958049,25.553909,-3.04196164530979,30.9000933807854
11.467616,9.216386,21.910319,10.066409,24.970715,-0.819738461787102,29.4461076880815
11.504264,9.564083,21.400325,10.164918,24.270882,0.484207805086342,27.1146721217904
11.5351408,9.737932,21.066867,10.243726,23.833486,1.05638590890076,25.6774933296523
11.5664368,10.037338,21.213981,10.499849,23.658528,2.35376452190573,24.3075384890228
11.6051904,10.182211,21.253211,10.696868,23.454410,3.01089086319109,23.3122115540431
11.6364464,10.471959,21.263019,10.952992,23.386371,3.44229952523268,21.9642645686217
11.6688704,10.607174,21.263019,11.179563,23.376651,3.22145730605914,21.1143164707122
11.6989408,10.752048,20.919753,11.287923,23.065614,3.18233109772958,19.7855952742765
11.7389152,10.790681,20.586296,11.396283,22.705977,2.96500494530629,18.6390096066742
11.7688688,10.906580,20.507835,11.425836,22.599058,3.33932751454923,18.0850972251237
11.8001184,10.916238,20.684372,11.366730,22.842056,3.39547093944364,18.693979714737
11.8414272,10.916238,20.723602,11.337178,22.842056,3.62298205752334,18.8077026845587
11.8913824,10.800339,21.155135,11.287923,23.017014,4.29919931375981,19.889439723245
11.9251136,10.877605,21.253211,11.199265,23.036454,5.10927574663254,20.0501131950116
11.9726896,10.877605,21.204173,11.100756,22.880936,5.74955796376617,20.0421555304363
12.0041776,10.761706,21.066867,10.962843,22.705977,5.89297045406983,20.2701176549129
12.0338688,10.752048,21.213981,11.012097,22.822616,5.82744532745657,20.4815527991393
12.0964416,10.665124,21.361094,10.962843,23.007294,5.59886460960457,21.1755384446196
12.1251488,10.665124,21.439555,10.815079,23.085054,6.08665685560354,21.6955304405507
12.1576704,10.665124,21.468978,10.765824,23.075334,6.37409740728922,21.8325111655646
12.2063936,10.539567,21.459170,10.805228,23.123933,5.63655697311914,22.0772531136391
12.237744,10.481617,21.361094,10.815079,23.153093,4.98367004851938,22.1126391174014
12.267632,10.607174,21.292441,10.864334,23.162813,4.98916146330493,21.6377581943478
12.308904,10.452642,21.223788,10.884035,23.211412,4.01322863515765,21.9302863891331
12.3401904,10.414009,21.174750,10.952992,23.366931,3.00440485152275,21.978912048308
12.3713952,10.278794,21.155135,10.923439,23.289172,2.81186471627291,22.2560134576351
12.4026528,10.288452,21.184558,11.061352,23.269732,2.57260052641016,21.9210163238573
12.4439152,10.307769,21.204173,11.110607,23.396091,2.15492807377957,21.924597461751
12.4939024,10.162895,21.380710,10.952992,23.454410,2.57475746533514,22.8944779729618
12.5289008,10.037338,21.400325,10.893886,23.765447,1.42331086257265,23.6927038530988
12.5751136,9.863489,21.665129,10.755973,24.057044,1.2575163609008,25.0304016369019
12.6064096,9.699299,21.616091,10.618061,24.222282,0.440165675124788,25.8724405595007
12.6378736,9.535108,21.576861,10.460446,24.319482,-0.0758931573690074,26.7055808097547
12.6876912,9.341943,21.684744,10.194471,24.562479,-0.30077618509103,28.1830542417091
12.7189088,9.245361,21.861281,10.135365,24.756877,-0.442268383372145,28.941726309158
12.748912,9.100487,21.929934,9.977751,24.786037,-0.309019095764585,29.7816752478154
12.8001568,8.984588,22.067240,9.948198,24.815197,-0.233384960353245,30.3066647264943
12.8313584,9.061854,22.077048,9.898943,24.727718,0.494168667703086,30.1600271715914
12.8614512,9.013563,22.165316,9.898943,24.834636,0.299875603504988,30.47357220199
12.9026928,8.965272,22.224161,9.938347,24.931836,-0.0872187365803878,30.6499811008541
12.9339184,8.965272,22.126085,9.849689,24.892956,-0.0316705949189018,30.7334340622319
12.9639536,8.868689,22.096663,9.839838,24.892956,-0.439272779128316,30.9680570596245
12.997688,8.839714,22.106470,9.790583,24.931836,-0.473844551357836,31.2104594539115
13.0363808,8.839714,22.106470,9.820136,24.999875,-0.776639859484188,31.2039913505781
13.0664464,8.859031,22.145701,9.839838,25.097074,-0.934298368770872,31.241200178211
13.1013824,8.781765,22.194738,9.829987,25.106794,-1.03214124740851,31.5147284860239
13.147608,8.762448,22.175123,9.820136,25.145673,-1.25735327920059,31.6059623881211
13.189016,8.714157,22.155508,9.790583,25.155393,-1.43313211224591,31.7899279320035
13.2201888,8.685182,22.184931,9.761030,25.145673,-1.31030891547927,31.9549622894655
13.2601472,8.588600,22.322237,9.652670,25.213713,-1.04347712790214,32.6657353127915
13.291376,8.511334,22.449735,9.573863,25.340072,-1.01533994746527,33.2997766993515
13.3214752,8.463043,22.459543,9.593565,25.369231,-1.30031093071557,33.4085714936854
13.356408,8.472701,22.606657,9.455652,25.417831,-0.478920226566999,33.9158621960619
13.3938976,8.482359,22.675310,9.495056,25.320632,-0.0283957482556865,33.7655807343892
13.423928,8.492017,22.665502,9.455652,25.262312,0.274445873341065,33.7762258696089
13.4543136,8.569283,22.636079,9.445801,25.135954,0.864431506003442,33.4591454766402
13.4963824,8.588600,22.704732,9.514757,25.019315,1.31737805284987,33.1916141647024
13.525152,8.791423,22.685117,9.573863,24.795757,2.46350998665099,32.3025156819543
13.5563984,8.868689,22.685117,9.583714,24.669398,3.09533954887568,31.9627622831659
13.5882064,8.878347,22.616464,9.721627,24.601359,2.67290995418222,31.4621268637546
13.6276672,8.868689,22.724348,9.652670,24.601359,3.22672486207092,31.7629754585746
13.6576544,8.859031,22.704732,9.721627,24.562479,3.03169509058502,31.5584363742867
13.6889008,8.926639,22.508581,9.761030,24.416681,2.92658526217275,30.956213203822
13.740136,9.003905,22.479158,9.889092,24.377801,2.80932397024634,30.3795348887683
13.79264,9.100487,22.488966,10.017154,24.280602,3.07659538447294,29.7386393273793
13.8226528,9.139120,22.381082,10.017154,24.241722,2.9620067030651,29.4959823743591
13.8626528,9.332285,22.332044,10.105813,24.027884,3.85072186469355,28.538542916351
13.8976608,9.457842,22.547811,10.135365,23.959845,5.13193921379328,28.3121132448628
13.9276736,9.544767,22.596849,10.214173,23.784887,5.89584045119598,27.7814825271984
13.965096,9.670324,22.783193,10.174769,23.425250,8.21803256201785,27.3942464975485
13.9964224,9.795881,22.851846,10.135365,23.094774,10.0618310051836,26.9134103583968
14.026432,10.056654,22.822423,10.194471,22.890656,11.2995892932096,25.8980627506594
14.0601984,10.114604,22.871461,10.214173,22.764297,12.0007875535926,25.6300190868907
14.097624,10.201528,22.675310,10.194471,22.521299,12.5074909813573,24.9979366560357
14.1289104,10.394693,22.665502,10.312682,22.356061,13.2652368114641,24.0648862459474
14.1589072,10.529908,22.587041,10.381638,22.268582,13.5122948129775,23.3988243854129
14.2001664,10.703757,22.567426,10.489999,22.122783,14.1394201005254,22.5507204663115
14.2313872,10.790681,22.498773,10.558955,22.006144,14.3572121118942,21.9782782504989
14.2614224,10.732732,22.459543,10.667315,22.035304,13.584640293512,21.8491052707831
14.2951728,10.819656,22.459543,10.706719,21.986704,13.8981787545921,21.4997581976075
14.3426624,10.809998,22.528196,10.667315,22.074184,13.9308394772281,21.7895836891822
14.3751552,10.781023,22.292814,10.746122,22.035304,12.9371633244273,21.3645135448681
14.427632,10.732732,22.175123,10.775675,22.064464,12.1988400658543,21.3078969436509
14.465112,10.665124,22.057432,10.834781,22.054744,11.4249148493201,21.1829385869568
14.4964224,10.752048,22.096663,10.972694,22.200542,10.9116726089904,20.870297770229
14.5314112,10.665124,21.959357,10.982545,22.268582,9.91639008263244,20.9703906608505
14.567624,10.665124,21.871088,11.031799,22.200542,9.68430894282332,20.6776840677974
14.5988752,10.616833,21.988779,11.071203,22.346341,9.31341139267419,20.9984306553988
14.6301744,10.645807,21.949549,11.150010,22.268582,9.27596839116246,20.6157248383384
14.6751232,10.520250,21.988779,11.150010,22.394940,8.58050118920384,21.0947360926761
14.7101296,10.539567,21.871088,11.002246,22.424100,8.63583487267155,21.2930448257724
14.7414288,10.471959,21.880896,11.012097,22.521299,8.09663950377177,21.5486772578967
14.7764,10.346402,21.743590,11.051501,22.579619,6.89903983127793,21.660749890767
14.8126672,10.288452,21.635707,11.130308,22.764297,5.49439983084647,21.6986346994385
14.8426672,10.356060,21.635707,11.120457,22.754577,5.78567726461686,21.5528189143743
14.8726384,10.307769,21.576861,11.100756,22.861496,5.14478268042403,21.7657609640802
14.9138528,10.307769,21.488593,11.228818,22.861496,4.43805945306178,21.3673759059557
14.943888,10.385035,21.380710,11.524345,22.793456,3.6149212718442,20.3031968219263
14.973888,10.423668,21.213981,11.613003,22.676818,3.26635805335045,19.684025125396
15.0076224,10.462301,21.292441,11.780469,22.569899,3.47495869440291,19.1779757940091
