0.0284368,16.010622,17.141374,15.928938,17.884905,-0.0684636956576159,0.467547072491118
0.0682272,15.981655,17.042180,15.909240,17.826585,-0.237685232670897,0.297902860284255
0.0982896,15.962344,16.992583,16.007730,17.797426,-0.685972085857452,0.0281780661394295
0.1295488,15.923722,16.992583,15.978183,17.787706,-0.687098664365851,0.13372741593894
0.1694896,15.894756,16.972744,16.037277,17.777986,-1.00583615496898,0.0316464049580114
0.2007824,15.962344,16.972744,16.096371,17.787706,-1.00352547897428,-0.177740242897702
0.2434304,15.972000,16.962825,16.086522,17.826585,-1.09707829986567,-0.130006132893685
0.300784,15.943033,16.952905,16.125918,17.865465,-1.47443954808239,-0.101165894723708
0.3320656,16.010622,16.972744,16.116069,17.836305,-1.06292426461935,-0.218767742250251
0.363296,15.885100,16.933067,16.106220,17.816865,-1.5129329302614,-0.0752083029493136
0.3970576,15.875445,17.022341,16.096371,17.855745,-1.34327119640919,0.168938062333624
0.43576,15.846478,16.982664,16.155465,17.923784,-1.97377707041273,0.161596719226041
0.4657712,15.856134,16.903308,16.116069,17.943224,-2.14037931987552,0.116755113529114
0.4970272,15.856134,16.913228,16.086522,17.933504,-1.98279069338394,0.169683074955708
0.5470352,15.836823,16.933067,16.076673,17.991824,-2.13511219112091,0.349092047402481
0.5783104,15.798201,17.012422,16.096371,18.050143,-2.24820685261971,0.606604845582988
0.6195648,15.798201,17.032261,16.066824,18.040423,-2.05829171428084,0.675724520225894
0.6694944,15.749923,17.101697,16.017579,18.079303,-1.95568302662722,1.02534523676911
0.7007392,15.720957,17.131455,15.997881,18.195942,-2.26028931608216,1.34853944082927
0.7320368,15.682335,17.131455,15.948636,18.108462,-1.95403330441144,1.3652895587404
0.7820272,15.672679,17.081858,15.928938,18.030703,-1.83950730446881,1.21227606940949
0.8132896,15.730612,17.121536,15.928938,18.020983,-1.48651246130561,1.15664203817432
0.8445248,15.740268,17.190971,15.988032,18.098743,-1.66164698717384,1.27092864437015
0.8883216,15.720957,17.111616,15.978183,18.030703,-1.73880717809056,1.08527787962571
0.9345104,15.798201,17.131455,15.948636,18.030703,-1.32522034224762,1.03188565068079
0.965784,15.720957,17.091777,15.928938,17.972384,-1.46139650937106,1.04708601729496
1.0069952,15.827167,17.121536,15.938787,17.991824,-1.10732596511538,0.918700229806329
1.0369984,15.759579,17.111616,15.928938,17.991824,-1.33079326751566,1.04140222055601
1.0683328,15.807856,17.171133,15.938787,17.952944,-0.88380418175665,0.970625469417799
1.1032448,15.798201,17.081858,15.899391,17.865465,-0.803035713605874,0.771691654417247
1.139504,15.894756,17.111616,15.938787,17.875185,-0.545368068445599,0.592508328147431
1.1708592,15.923722,17.101697,15.988032,17.855745,-0.578287894032353,0.405189186393825
1.2007568,15.933378,17.141374,15.938787,17.836305,-0.196841434160754,0.508716883197862
1.242,15.981655,17.181052,15.988032,17.768266,0.150864123789451,0.288793276527649
1.2719856,15.991311,17.131455,15.968334,17.865465,-0.227802181503542,0.384091212965907
1.3033024,15.933378,17.190971,15.978183,17.826585,-0.12971545877763,0.503263740442033
1.334544,15.972000,17.141374,15.899391,17.758546,0.305584814230965,0.383507355085482
1.375776,15.943033,17.052100,15.859995,17.729386,0.139078673424035,0.312284584457565
1.405736,15.923722,17.141374,15.899391,17.729386,0.24147508501972,0.42218897533645
1.435736,15.972000,17.200891,15.938787,17.797426,0.248521385761969,0.473383450653154
1.4782768,16.068555,17.200891,15.889542,17.816865,0.658798476180462,0.420702872320258
1.505744,16.039588,17.111616,15.840297,17.680787,0.870199370298685,0.192823392379875
1.54704,16.087866,17.171133,15.889542,17.641907,1.18813695815147,0.0527824249751125
1.5869952,16.087866,17.151294,15.859995,17.661347,1.15618187992989,0.104726493205381
1.6170528,16.049244,17.181052,15.928938,17.739106,0.654616057498031,0.226195775800055
1.6482816,16.068555,17.220730,15.840297,17.748826,1.10063830585738,0.430071611822052
1.6795024,16.087866,17.200891,15.820599,17.748826,1.16242152469766,0.398482638472729
1.7307696,16.107177,16.339615,15.751656,17.758546,-1.41929997285412,-0.916708577985825
1.7595616,16.039588,16.359230,15.781203,17.797426,-1.80017561341805,-0.751107113009636
1.7907632,16.010622,16.369038,15.712260,17.777986,-1.57897207231694,-0.591737442585208
1.8320448,16.020277,16.359230,15.731958,17.729386,-1.48604809054375,-0.741839080402511
1.8607936,16.058899,16.398461,15.692561,17.729386,-1.09865679467297,-0.674975401435729
1.892432,16.116832,16.418076,15.741807,17.729386,-0.999733589009254,-0.834105665760181
1.923312,16.174765,16.369038,15.741807,17.768266,-1.09579054015434,-0.954480997035857
1.9620272,16.165110,17.210810,15.859995,17.486389,2.16712053734113,-0.221690816528957
1.993272,16.136143,17.161213,15.859995,17.340590,2.38634354965073,-0.491603035964305
2.0245376,16.145799,17.151294,15.909240,17.340590,2.2250418444297,-0.612658689153071
2.0644928,16.194076,17.230649,16.066824,17.311430,2.22188656780021,-0.894305548637294
2.0945344,16.155454,17.220730,16.204710,17.272551,1.74394940606692,-1.14972497971706
2.1260672,16.165110,17.230649,16.224408,17.340590,1.52408862521569,-1.07280449936292
2.1583152,16.087866,17.270327,16.185012,17.321150,1.59216846806008,-0.834080116041547
2.2107536,16.097521,17.210810,16.155465,17.340590,1.46290415533242,-0.864976994327369
2.2382528,15.972000,16.427883,15.958485,17.476669,-1.33322993711056,-1.36886567545986
2.272048,15.952689,16.408268,15.968334,17.651627,-2.05982845066203,-1.0916777027507
2.31948,15.875445,16.359230,15.909240,17.719666,-2.51169262576259,-0.816224717470045
2.3508032,15.798201,16.496536,15.751656,17.846025,-2.20974701074651,0.0444767545387128
2.3807472,15.759579,16.506344,15.791052,17.904344,-2.62057499705148,0.155834861231037
2.4220224,15.720957,16.506344,15.800901,17.884905,-2.71936354079017,0.175592621036877
2.4520336,15.701646,16.555382,15.731958,17.982104,-2.71032566346343,0.57643826709791
2.4832848,15.634057,16.496536,15.584222,18.030703,-2.81662409332386,0.950436874066357
2.514536,15.634057,16.614227,15.643316,18.079303,-2.76711631664248,1.11607378834029
2.553256,15.653368,16.584805,15.544826,18.225101,-2.95272214892427,1.45048261112992
2.5845344,15.595435,16.525959,15.466034,18.176502,-2.93643583453583,1.52439820978249
2.6145376,15.527847,16.496536,15.495581,18.176502,-3.35864578787206,1.54583519839169
2.6544864,15.479569,16.535767,15.495581,18.263981,-3.66989015739903,1.84156807737059
2.6857504,15.566469,16.574997,15.515279,18.312580,-3.46317418154136,1.78959968613037
2.7158,15.605091,16.525959,15.544826,18.273701,-3.46838784209813,1.52175894133352
2.7482864,15.605091,16.516152,15.613769,18.293141,-3.78375275522886,1.41184875529889
2.7996096,15.663024,16.535767,15.584222,18.195942,-3.11775791316555,1.23337396342478
2.8382416,15.518191,16.506344,15.564524,18.302861,-3.98373958060174,1.66005806690367
2.8757744,15.556813,16.496536,15.505430,18.273701,-3.60421016999469,1.63385169300484
2.9108112,15.527847,16.506344,15.544826,18.254261,-3.73277597401024,1.59903394455133
2.9425024,15.537502,16.525959,15.485732,18.263981,-3.47583765109494,1.73743454340799
2.972016,15.537502,16.633842,15.505430,18.273701,-3.20670560317986,1.89308708158567
3.0132608,15.498880,16.584805,15.466034,18.293141,-3.43795053066013,1.98783964276567
3.0432976,15.527847,16.594612,15.426638,18.283421,-3.14977658419434,2.00711633637899
3.0745904,15.498880,16.633842,15.446336,18.341740,-3.36530403250673,2.18274323827243
3.1045136,15.547158,16.643650,15.426638,18.351460,-3.13796637860497,2.16201795313717
3.1458528,15.498880,16.702495,15.426638,18.273701,-2.85310539399806,2.21989787172536
3.1765504,15.556813,16.624035,15.426638,18.283421,-2.9532985072523,2.00188495004204
3.2070736,15.537502,16.545574,15.436487,18.186222,-3.00179391872482,1.73265847980199
3.24704,15.527847,16.604420,15.397091,18.234821,-2.86565121345934,1.9981509084018
3.278288,15.537502,16.663265,15.397091,18.273701,-2.7602468474353,2.13950662785437
3.3084544,15.556813,16.692688,15.397091,18.302861,-2.69028240462971,2.19920998355139
3.3395936,15.595435,16.712303,15.466034,18.234821,-2.49796996801178,1.92354954151847
3.3795504,15.576124,16.565189,15.436487,18.157062,-2.7117053897645,1.64624215339405
3.4095968,15.643713,16.643650,15.436487,18.137622,-2.15851527889241,1.61904503467493
3.444544,15.643713,16.604420,15.456185,18.186222,-2.50995926620299,1.59834864994162
3.4945248,15.643713,16.614227,15.416789,18.137622,-2.19366320386539,1.60698137793429
3.5320096,15.585780,16.673073,15.416789,18.186222,-2.3472130234935,1.88842649751356
3.563296,15.614746,16.780956,15.416789,18.225101,-2.01426615016338,2.07401322483952
3.6057504,15.498880,16.790764,15.367544,18.322300,-2.52322823235632,2.55022299097589
3.6345568,15.460259,16.800571,15.328148,18.234821,-2.21156516900393,2.56817780019808
3.6657776,15.479569,16.820186,15.318299,18.283421,-2.20594006527618,2.661141878437
3.7020512,15.460259,16.888839,15.308450,18.215381,-1.78963427671668,2.71589615635146
3.7370016,15.489225,16.869224,15.337997,18.302861,-2.13545115465932,2.71768001766697
3.7673248,15.489225,16.829994,15.298601,18.283421,-2.07730251161748,2.69550637796272
3.8095056,15.489225,16.780956,15.387242,18.225101,-2.33926879837559,2.35848562708357
3.8495376,15.556813,16.751533,15.347846,18.147342,-1.83354189061723,2.13253657494946
3.8882752,15.498880,16.702495,15.269054,18.176502,-2.03195602762567,2.35195579137614
3.9207712,15.547158,16.879032,15.318299,18.234821,-1.62655151026935,2.55327802180518
3.9735456,15.614746,16.829994,15.328148,18.234821,-1.59642008565467,2.331687883293
4.0032432,15.566469,16.790764,15.397091,18.098743,-1.67200919230807,2.00914826089746
4.0333472,15.585780,16.771149,15.367544,18.166782,-1.79731385101412,2.10669882302011
4.0744928,15.643713,16.800571,15.406940,18.176502,-1.66393268293376,1.99198842290483
4.1344944,15.663024,16.663265,15.347846,18.089023,-1.58487698225974,1.69856133979363
4.1670592,15.682335,16.614227,15.387242,18.108462,-1.87468934794974,1.54268317406347
4.207016,15.643713,16.624035,15.426638,18.089023,-2.03572999115691,1.52550179674925
4.2361424,15.720957,16.614227,15.456185,18.059863,-1.81106187827203,1.26666692856678
4.2673472,15.740268,16.604420,15.446336,18.079303,-1.81022367374187,1.2652067326724
4.3094864,15.663024,16.555382,15.525128,18.127902,-2.64390833185345,1.26166678369644
4.3382528,15.730612,16.574997,15.485732,18.108462,-2.16209642175146,1.21059628141491
4.3695008,15.749923,16.535767,15.584222,18.089023,-2.48315391684011,0.900215603521705
4.4058304,15.711301,16.506344,15.525128,18.030703,-2.33349341596351,0.933539041991263
4.4422832,15.778890,16.496536,15.594071,18.098743,-2.58041904245159,0.781339084012972
4.4720016,15.769234,16.496536,15.584222,18.079303,-2.51869445153828,0.784740267353754
4.5057776,15.769234,16.447498,15.643316,18.040423,-2.74821383446052,0.532864660181067
4.5548336,15.769234,16.388653,15.613769,17.943224,-2.5381239699129,0.328445846756956
4.5860192,15.827167,16.447498,15.672863,18.079303,-2.77339898566138,0.43877135707899
4.6157792,15.720957,16.388653,15.712260,18.098743,-3.51652275327841,0.49459144278129
4.6507952,15.759579,16.388653,15.682712,18.020983,-3.04258558940721,0.349776826677551
4.6883136,15.836823,17.270327,15.761505,18.030703,-0.145708090139022,1.52243649926335
4.7270848,15.769234,16.339615,15.692561,18.069583,-3.36264898802159,0.313775713684015
4.7782432,15.788545,16.329808,15.741807,18.069583,-3.48831057859501,0.173730745538336
4.8098064,15.720957,17.260407,15.751656,18.186222,-1.0232716192919,1.98275757647287
4.8395296,15.701646,17.200891,15.692561,18.273701,-1.37272625486107,2.16920345533437
4.873328,15.614746,17.151294,15.791052,18.312580,-2.25936218367492,2.13108143275423
4.9233472,15.605091,17.190971,15.731958,18.380620,-2.18864018911479,2.42771885541614
4.952088,15.469914,16.359230,15.722109,18.370900,-5.36364946639955,1.3313315176753
4.9832832,15.547158,17.270327,15.702411,18.400060,-2.08591503331528,2.74382386185399
5.0333136,15.460259,16.349423,15.682712,18.390340,-5.36647729780579,1.43653570681999
5.0645296,15.421637,16.486729,15.584222,18.341740,-4.5637046930889,1.83214380952497
5.0945392,15.411981,16.565189,15.584222,18.361180,-4.39269963914121,2.00927971307899
5.140744,15.421637,16.653458,15.574373,18.429219,-4.24724589634049,2.26322088700916
5.175824,15.421637,16.643650,15.505430,18.283421,-3.59505582744412,2.1372390226177
5.207024,15.508536,16.555382,15.456185,18.273701,-3.41072663916953,1.90856298067225
5.2420304,15.440948,16.565189,15.416789,18.332020,-3.6665170968292,2.21611238902888
5.278304,15.402326,16.712303,15.308450,18.487539,-3.45156935470727,2.97719506077301
5.3083776,15.373359,16.810379,15.239507,18.565298,-3.24723328336447,3.44093987745876
5.3395568,15.411981,16.859417,15.269054,18.458379,-2.70504043429206,3.22193051554934
5.3932352,15.460259,17.055568,15.141017,18.273701,-0.880459582515407,3.38797622315839
5.4333024,15.576124,17.594985,15.012979,17.952944,2.74295839218272,3.76033457908573
5.4645408,15.769234,17.840174,14.845546,17.544708,6.070497684654,3.45214700869549
5.5020416,16.029933,17.908827,14.697811,17.185072,8.83345670278711,2.7748144214631
5.5332928,16.116832,17.908827,14.717509,17.214231,8.94440735115806,2.62540738694134
5.5633104,16.087866,17.889212,14.687962,17.408629,8.23296948595882,3.01488088812289
5.605776,16.049244,17.869597,14.520528,17.515548,8.25153858103619,3.53598588833921
5.6345488,16.000966,17.742099,14.550076,17.758546,6.77300745565173,3.75546170981322
5.6645456,15.914067,17.634215,14.619019,17.875185,5.52675342144661,3.80276081595492
5.6945296,15.769234,17.663638,14.599321,18.166782,4.25191341504611,4.61861191032537
5.7445056,15.682335,17.849982,14.402340,18.662497,3.59100478801746,6.21585506457264
5.774568,15.672679,17.840174,14.195511,18.730536,3.98346740687096,6.71343936636142
5.8057808,15.701646,17.859790,14.037927,18.672217,4.85233196375784,6.8971447237836
5.8470656,15.904411,17.820559,14.146266,18.370900,6.01876380323873,5.78087180746336
5.8771472,16.097521,17.565562,14.244756,18.147342,6.23701451724126,4.48162608742968
5.907032,16.252009,17.428256,14.441736,18.118182,5.73303094672647,3.56436972489746
5.9408192,16.300287,17.114414,14.589472,18.147342,4.28986080402302,2.74717372134802
5.9808,16.213387,16.751533,14.825848,19.041573,-0.852325438652582,3.32180635281877
6.0232608,15.875445,16.764436,15.426638,19.984404,-6.74500437067285,4.33733383442002
6.0533072,15.614746,16.218868,15.643316,19.459529,-8.50275419888842,2.74114409243848
6.1007568,15.460259,15.881608,15.988032,18.458379,-8.14533956529295,0.223661155098926
6.1458432,15.421637,16.119674,16.214559,18.497259,-8.28920858277266,0.341712965445804
6.1758144,15.363704,16.199030,16.559275,18.506979,-9.31283617045976,-0.0254900917009309
6.2132896,15.305771,15.802253,16.398085,18.205662,-9.44604791579374,-0.789967860133832
6.2458048,15.305771,15.524509,16.749467,17.758546,-10.1149776786345,-2.64490913873453
6.274504,15.325082,15.306282,16.915398,17.408629,-10.2365770923662,-3.95451029369579
6.3157792,15.508536,15.385637,17.227738,17.360030,-10.1406846783407,-4.77080898525759
6.3507968,15.778890,15.455073,17.442472,17.058713,-8.68937683755408,-6.0142620462105
6.3782928,15.885100,15.653462,17.501035,16.611597,-6.41731255161583,-6.73385569540155
6.410872,16.213387,15.603865,17.608402,16.397759,-5.12826955775081,-7.93951867972272
6.4520496,16.396842,15.673300,17.676727,15.703219,-2.26137048161678,-9.48484233090354
6.4807632,16.464430,15.564187,17.745051,15.673922,-2.52800253275729,-9.96285244786199
6.5108512,16.483741,15.405476,17.715769,15.830173,-3.41018896336706,-9.95074992494297
6.5532528,16.280976,15.088055,17.852418,16.572718,-7.98503213895298,-9.0714142288275
6.5820528,15.952689,14.572245,18.106194,17.165632,-13.548061278478,-8.80855577428353
6.6132912,15.624402,14.354018,18.047630,17.680787,-16.8746073985868,-7.62771800887382
6.648296,15.498880,14.274663,18.057391,18.040423,-18.7147594320561,-6.93521503022113
6.6945488,15.141627,14.274663,17.823136,18.837455,-21.6645746817128,-4.53293627232771
6.725816,14.697474,14.145710,17.520557,20.062163,-26.4132307235033,-1.3721985832319
6.7645488,14.098834,14.016758,17.013004,21.345191,-31.2880902838153,2.5016148118976
6.8082544,13.490537,13.887805,16.515212,22.190822,-35.0395383720645,5.68896080729593
6.8470768,13.403638,13.937402,16.554255,22.861496,-37.0884031839727,6.89516386885644
6.8782864,13.828480,13.659659,16.329761,22.958695,-36.1871647245928,6.24144608377555
6.9295152,14.089178,13.054574,16.710425,22.608778,-37.5896872590918,3.55534121345088
6.962056,14.330566,12.330457,17.579120,21.899225,-39.8848286089727,-0.788340286036795
6.9907616,14.571953,11.933680,18.174518,21.170232,-40.1406077238212,-4.16836106570508
7.042152,14.658852,11.774969,18.730874,21.141073,-41.8065619273213,-5.6015709310166
7.0719968,14.504364,11.735292,18.887044,21.559029,-44.0508691845662,-4.95313519516848
7.103248,14.427120,11.864244,19.052974,22.414380,-46.4184475082902,-3.44368407566706
7.1445568,14.330566,11.933680,19.043214,22.822616,-47.506575170296,-2.473838300865
7.1758032,14.446431,12.052713,18.408773,22.599058,-44.4591816431239,-1.75327427269242
7.2057712,14.581608,11.983277,18.154997,22.190822,-42.5190766596591,-2.33801277153379
7.240752,14.967828,11.844405,18.418534,21.247992,-39.7910271165315,-5.29126362444036
7.2782848,14.880929,11.735292,18.291646,21.199392,-40.0934997078009,-5.19739782402892
7.3295344,14.620230,11.507145,18.594225,21.034154,-42.3806051117893,-5.95420632366981
7.3633024,14.398154,11.031013,19.560527,20.460679,-46.1969928484107,-9.08410756025522
7.3995488,14.156767,10.336654,21.815230,19.867765,-54.1654170893708,-14.7227851702613
7.4307968,14.021590,9.949796,22.859617,19.721967,-58.4685846365501,-17.1363720519178
7.4620432,13.625714,10.138265,22.966984,20.684237,-61.7954400679179,-14.5446399384782
7.5032944,13.596748,10.356492,22.625362,21.481269,-62.0371151887988,-12.1309269573552
7.5333056,13.056040,10.882222,20.741562,23.444690,-62.2769206505909,-3.9014120711337
7.5645376,12.795342,11.169885,19.228665,23.823766,-59.5897813676322,0.264333325606906
7.5957904,13.142940,11.517064,18.525901,23.668248,-54.7111657859214,1.20914159807432
7.637008,13.760891,11.636097,18.145236,22.589338,-48.1405586016864,-0.789054220990879
7.668304,13.973312,11.794808,17.413190,22.288021,-44.0039447794031,-0.0921188923545015
7.6982912,13.973312,11.933680,17.257020,22.414380,-43.3704300905746,0.632626243051813
7.7382592,13.925035,12.161826,16.603058,23.075334,-42.6722008668751,3.37571512353513
7.7695744,13.442260,12.558603,15.554675,24.270882,-43.3974880504004,8.77746273478547
7.7995744,13.210528,13.292640,13.693211,25.612229,-40.0461857381219,16.0023491258051
7.8320864,13.442260,14.096113,12.728007,26.914696,-36.9365429272087,20.3958482913306
7.8720032,13.886413,14.274663,13.072723,26.331502,-33.9552283425603,18.2388771289768
7.9020576,14.523675,14.165549,13.368194,25.145673,-29.5795718982974,14.5840640792939
7.943256,14.871273,14.195307,13.712909,24.776317,-28.12601714409,12.7415808083248
7.9945296,15.460259,13.550545,15.003130,22.987855,-26.9459938737613,5.54914748764927
8.0257904,15.498880,13.362076,15.200111,22.433820,-26.4925532554582,3.9510610673858
8.0557776,15.527847,13.362076,14.904640,22.025584,-24.3754121458363,3.79516021890239
8.1070304,15.827167,13.600142,14.766754,21.802026,-21.3562956675152,3.51848403682128
8.139512,16.435464,13.500948,15.682712,21.073033,-20.0660436118091,-0.589340151250734
8.1683072,16.618918,13.342237,16.185012,20.810596,-20.6741304639066,-2.49053182026751
8.2095504,16.464081,13.183527,16.359042,20.509279,-21.4311273365604,-3.29663626497293
8.23952,16.579346,13.163688,16.485931,20.489839,-21.3986739117065,-3.78204079574922
8.2708384,16.473687,13.104171,16.622579,20.412080,-22.1643669612954,-4.0684038374757
8.3033168,16.368027,13.054574,16.759228,20.548159,-23.5102621971383,-3.97486706731202
8.3420016,16.618918,13.114091,16.466409,21.150793,-23.2727809515352,-2.79059259264323
8.3745744,16.483741,13.074413,16.145616,21.277151,-23.349224719959,-1.85600502623043
8.4045456,16.445119,13.391834,15.298601,21.772867,-21.3379147272361,1.04157854044905
8.44452,16.570640,13.848128,14.362944,22.424100,-18.4437878015213,4.2686810843346
8.4745136,16.790665,14.096113,14.165964,21.976985,-14.9056764992727,3.91460937211436
8.5057888,16.877114,14.244904,14.018229,22.035304,-13.8224900836208,4.35120199867621
8.537056,17.107644,14.373857,14.225058,22.083903,-13.3460091459142,3.83140423638411
8.596984,16.761849,14.096113,14.500830,22.103343,-16.3695052278638,3.55518461008383
8.6282928,16.493397,13.709256,14.412189,22.190822,-18.6706410632581,3.73564998454118
8.6620528,16.203732,13.401754,14.747056,22.424100,-22.4577712850836,3.53547212235936
8.6995664,15.720957,13.074413,15.249356,22.628218,-27.4204003940393,3.30434057661066
8.7307648,15.344393,12.955380,15.791052,23.162813,-32.225911983501,3.65897350122866
8.761144,15.016106,12.756992,16.047126,23.347491,-35.388071506859,3.76907057087733
8.8020544,14.687819,12.459409,16.332748,23.007294,-37.6317221840463,2.83624633765929
8.8320832,14.629886,12.330457,16.554255,22.705977,-38.1416919340758,1.84463496232598
8.8632944,14.523675,12.241182,16.827552,22.317181,-38.5941701904994,0.760033767273804
8.907104,14.948517,11.953519,17.461993,21.393790,-37.2850468764897,-3.16309561858553
8.93456,15.643713,11.695614,18.682071,20.023284,-35.1875105131925,-9.2869189763786
8.9657904,16.000966,11.536903,19.736218,19.372050,-35.5151631342694,-13.045980128502
8.9957952,16.107177,11.447628,20.068079,19.323451,-36.2079003675902,-13.9896995631372
9.0357312,16.049244,11.437709,20.194967,19.372050,-36.9321367237998,-14.0263988722109
9.0670512,15.923722,11.328595,20.243770,19.323451,-37.8298710066913,-14.1969982871839
9.0970384,15.904411,11.447628,19.989994,19.741406,-37.8809284198168,-12.7833566172272
9.1295504,15.923722,11.417870,19.911909,19.634487,-37.4326743768913,-12.9394957486008
9.1683056,16.165110,11.338515,20.224249,19.109613,-36.2492264249179,-14.9207023862524
9.2020352,16.541674,11.150046,20.370658,18.390340,-33.9919356540547,-17.4337769704492
9.2520336,16.521714,11.288918,20.546349,18.011263,-32.9864719861957,-18.1299674802424
9.2907552,17.290147,11.358354,20.468265,16.737956,-26.0625610043409,-21.5130647106092
9.3208192,17.357385,11.239321,20.429222,16.553278,-25.6131720139095,-22.1603065731167
9.3520688,17.280542,11.219482,20.575631,15.908298,-24.5278340052762,-23.6077600208165
9.3920016,17.722391,11.278998,21.092944,15.927829,-24.2258997895484,-24.8314900074903
9.4232992,17.943316,11.407951,21.971400,17.029553,-28.4933047200952,-23.9292207551331
9.4545104,17.818445,11.427790,21.883555,17.787706,-30.6782853439301,-22.1334331754109
9.4858432,17.693575,11.368273,21.688342,18.050143,-31.5258246206403,-21.2963716759399
9.524496,17.376596,11.675775,20.282813,19.245691,-31.0003710300889,-15.9874483757327
9.5557504,17.270936,12.022955,18.838241,19.615048,-27.1994511572002,-12.3109279327138
9.5858096,17.703180,12.439570,17.559599,19.653927,-20.6559703295538,-10.1511480636132
9.6282496,18.510035,12.955380,16.076673,19.653927,-11.6707931412269,-8.14188100437614
9.6582368,18.923068,13.252962,14.500830,20.081603,-5.73276671054082,-4.9397118503504
9.6882688,19.211231,13.540626,13.525778,20.781436,-2.95018671294014,-2.09258166635458
9.7220208,19.249653,14.016758,12.471933,21.908945,-1.49548962785184,2.29766540565029
9.7607728,18.788592,14.344098,11.240806,23.075334,-1.72740148563736,7.70325241402528
9.790784,17.876078,14.562326,10.167263,23.755727,-2.77209338219881,12.8634189050366
9.8220144,17.174882,14.780553,9.428587,24.397241,-4.08457566281862,17.0043472166914
9.863264,16.829087,15.286443,8.758854,25.242872,-4.10504058424683,20.9748978078449
9.9132848,16.723428,15.832011,8.059574,25.621949,-1.60940002482086,23.9051160130003
9.9570912,16.992379,15.941125,8.749005,24.747157,0.237529595873955,20.8632210440761
10.0069872,17.731996,16.169271,10.196810,23.532169,2.62281540737961,15.0572171667816
10.0370032,17.856867,16.129594,10.718808,22.890656,3.27874753842321,12.8275311595407
10.0695696,17.847261,15.841931,11.329447,22.424100,1.86469204271416,10.5767263563087
10.1070176,17.126855,15.841931,10.974882,22.161663,1.52185538181137,12.2887912554456
10.1382448,16.934747,15.712978,10.974882,22.064464,0.78052423814641,12.3384398401104
10.1683136,16.685006,15.177330,11.880992,21.899225,-4.25421115761511,9.992937843652
10.202064,16.493397,14.780553,12.737856,21.899225,-8.97570441837137,8.09583868698595
10.2407808,15.595435,13.798530,14.747056,22.190822,-22.5512376715647,4.91771228880645
10.2707312,14.320910,12.697475,15.544826,22.394940,-34.3287562193324,4.38553461904078
10.3008128,13.838135,12.171746,16.116069,22.521299,-40.2174634499295,3.56938560985058
10.3520576,12.669820,10.792947,17.178935,22.774017,-54.22588038811,1.89691817059634
10.3832688,11.974625,10.277137,17.588881,24.445840,-64.5525342811122,4.36219174431946
10.4133104,11.327706,10.366412,17.540078,25.097074,-68.4102557232373,6.9009323954437
10.454504,10.815965,10.306895,17.569360,25.544190,-72.0453165834164,8.46228061867788
10.4882704,11.067008,10.802866,18.018348,25.116514,-68.7523255984975,7.19779044536624
10.5257808,11.173219,11.179804,18.018348,24.990155,-66.3468216230896,7.3841680244656
10.5670432,11.231152,11.447628,18.164758,25.038754,-65.3763505574709,7.48190103788916
10.6070128,11.057353,11.596420,18.242843,24.776317,-65.0660658413913,7.48988574991162
10.6382656,11.231152,11.616258,18.301406,24.581919,-63.9218297657156,6.77334496709721
10.6720288,11.153908,11.556742,18.194039,24.251442,-63.5033796871711,6.51594961071504
10.7096576,11.279429,11.834486,18.213561,24.397241,-62.1522908626971,6.90122588786896
10.7420064,11.482194,11.804727,18.272124,24.222282,-61.1445378702099,6.08350271390453
10.7708112,11.839448,11.784889,18.672310,24.027884,-60.1971325399027,4.32433452774823
10.8220112,11.974625,11.576581,19.121299,23.561329,-60.4640235527425,2.1698028998589
10.8621088,12.090491,11.725372,19.404357,23.473850,-59.8082462100419,1.54471584667952
10.8958192,12.158079,11.834486,19.580048,22.958695,-58.2799689820171,0.447608158212612
10.9333056,12.206357,12.141988,19.550766,22.579619,-55.8391492035556,0.296435972815142
10.9670448,12.302912,12.518926,19.550766,23.201692,-55.3762965598935,1.73649031287578
10.9948272,12.032558,12.449490,19.443399,22.987855,-56.0039176358421,1.9618422786993
11.028312,11.694615,12.618120,19.355554,23.191973,-56.9747390123327,3.32873904956968
11.0657984,11.318051,13.054574,18.994411,23.386371,-56.3342155129893,5.67892690255204
11.0970592,11.289084,13.719175,18.408773,23.658528,-52.9902421166669,8.26531734466345
11.1458512,11.356673,14.304421,18.008588,23.687688,-49.4689871330362,9.81347726792223
11.1882416,11.211841,15.127732,17.091089,23.328051,-43.5890714180386,12.5502804355617
11.2183248,11.144252,16.288304,16.510030,23.065614,-37.1624011708485,15.1172455764204
11.2620912,11.395295,16.843792,16.362295,22.268582,-31.5734582727266,14.5704882071277
11.3008128,11.781515,17.171133,16.086522,21.364631,-25.6368688062523,13.5268618536734
11.3308128,12.071180,16.761341,15.978183,21.422950,-25.9372088620424,12.6568676757848
11.3620272,12.418777,16.928070,15.899391,21.286871,-23.4383244394297,12.1702911295737
11.4120128,12.747064,17.094799,15.495581,20.664797,-18.6546618644103,11.6506486509497
11.4420336,12.949830,17.300758,15.209960,20.645358,-16.2844780483009,12.0894112322439
11.4732704,12.988452,17.349796,14.973583,20.518999,-14.879949066598,12.3684864399672
11.5132624,13.065696,17.467486,14.825848,20.616198,-14.0373263533882,12.8240545519175
11.5448896,13.326394,17.467486,14.658415,20.489839,-12.2249178790508,12.4532097276221
11.5745552,13.278117,17.604793,14.451585,20.314881,-10.7360023715421,12.9077015035905
11.6082656,13.529159,17.624408,14.471283,20.130203,-9.28107062774937,12.1237069166217
11.6458112,13.857446,17.781329,14.215209,19.867765,-5.98037807674045,11.8239908371057
11.6770768,14.060212,18.036326,14.185662,19.712247,-3.83825983799414,11.6279720624991
11.7070272,14.234011,18.301130,14.136417,19.809446,-2.52283215305148,11.9150069812791
11.7469952,14.349877,18.320746,14.313699,19.653927,-2.14253719411033,11.1416041529354
11.7882432,14.697474,17.987288,14.382642,18.643057,0.947975601332431,8.3116053729887
11.8183088,14.794029,17.997096,14.392491,18.555578,1.5544126835741,7.98667029587236
11.853304,14.929206,17.928443,14.382642,18.429219,2.22223234881965,7.44412631806506
11.898296,15.199560,18.183440,14.559925,18.390340,3.48365205492276,6.92384882984595
11.9307696,15.141627,18.291323,14.362944,18.468099,4.03785136008567,7.69401976204058
11.9620512,15.238182,18.163824,14.382642,18.322300,4.3541619393636,7.05189951671205
12.00208,15.421637,18.055941,14.461434,18.059863,5.20822290227036,5.9786512741523
12.033304,15.576124,18.163824,14.333397,17.972384,6.77252828213138,5.96057693387038
12.0632976,15.653368,18.183440,14.274303,17.894625,7.54195791682927,5.8353202064251
12.1045248,15.807856,18.350168,14.156115,17.729386,9.52093370964461,5.76915648439666
12.1345648,15.933378,18.693434,13.988682,17.466949,12.4607373506112,5.97468015422623
12.1658176,15.952689,18.791509,13.831097,17.126752,14.5479766159485,5.8568012333737
12.1970512,15.972000,18.909200,13.791701,16.922634,15.8241401233827,5.75878729598456
12.2457808,15.962344,19.056314,13.673513,16.883754,16.8006351055656,6.17234857192438
12.2787664,15.952689,19.223043,13.693211,16.990673,16.8373073367203,6.58142912113771
12.3070208,15.962344,19.360349,13.624268,17.087872,17.187312075571,7.05845608980967
12.3582784,15.904411,19.321118,13.545476,17.126752,17.0306641314001,7.31901778107522
12.3895056,15.914067,19.330926,13.476533,17.194791,17.0933464711353,7.55277863386288
12.4470752,15.856134,19.448617,13.407590,17.311430,17.1084515144,8.15637179620734
12.480776,15.817512,19.644768,13.112119,17.534988,17.8403719424989,9.43947585237221
12.5121632,15.798201,19.742844,12.984082,17.690507,17.9827473603531,10.1069302439608
12.5434096,15.730612,19.958611,12.806800,17.865465,18.4387796312635,11.1660618387535
12.5957792,15.643713,19.958611,12.737856,17.962664,18.077237169592,11.6152476711809
12.6258096,15.537502,19.919381,12.599970,17.816865,18.6358575478384,11.8243207823143
12.655776,15.479569,19.889958,12.550725,17.719666,18.8897493916222,11.8497196220852
12.6971408,15.537502,19.909573,12.540876,17.690507,19.2640941377493,11.7399298007465
12.7284848,15.566469,19.899765,12.590121,17.719666,19.0435862837037,11.6134031512865
12.7582736,15.576124,19.958611,12.599970,17.661347,19.4233102245155,11.5755276424285
12.7907408,15.556813,19.948803,12.521178,17.739106,19.3388080963741,11.8708722552631
12.8308464,15.518191,20.203800,12.452235,17.933504,19.5472803707865,12.7451912577006
12.8608128,15.469914,20.243031,12.422688,18.157062,18.8353698788368,13.2820074831831
12.8920352,15.469914,20.262646,12.324198,18.195942,19.104383083281,13.5630370397536
12.93328,15.460259,19.938996,12.294651,18.011263,18.8539502059655,12.9020079429867
12.9620736,15.392670,19.821305,12.284802,18.030703,18.2551224655217,12.9132247576914
12.9932752,15.315426,19.978226,12.215859,18.147342,18.3291835181679,13.6076933952803
13.027096,15.286460,20.125340,12.225708,18.322300,18.0357120135453,14.1128917838583
13.0958144,15.267149,20.144955,12.156764,18.400060,18.0055699606304,14.4310608941884
13.125856,15.112661,20.292069,12.107519,18.409779,18.1224956717776,15.0682669045334
13.170792,15.064383,20.360722,11.959784,18.526418,18.2941773027347,15.7309998304674
13.199584,14.900240,20.498028,11.851445,18.575018,18.4237316602218,16.5518563066929
13.2287088,14.842307,20.596103,11.703710,18.701377,18.6213525467757,17.2904449538437
13.2621696,14.745752,20.566681,11.664314,18.876335,17.7590996011392,17.7745204958394
13.3108288,14.649197,20.468605,11.634767,19.012414,16.7886809861074,18.0892111153854
13.340808,14.552642,20.282261,11.772653,19.109613,15.0929310344714,17.8795173068366
13.3708096,14.504364,20.213608,11.792351,19.226251,14.2549637997943,18.0056048290257
13.4220768,14.465742,20.095917,11.920388,19.226251,13.3233113343361,17.6560961511372
13.4533408,14.446431,20.095917,12.087821,19.274851,12.5166132760416,17.4169539098936
13.4833376,14.456087,19.919381,12.196161,19.245691,11.7211388205287,16.8858867670214
13.5270784,14.398154,19.821305,12.353745,19.138772,11.0556835020519,16.3921178325274
13.554624,14.533331,19.595731,12.599970,19.129052,9.9611001872202,15.2776324884402
13.5858672,14.562297,19.595731,12.777253,19.041573,9.74726442413887,14.7339861885016
13.6183568,14.571953,19.487847,12.728007,19.051293,9.57029150630986,14.6734093941762
13.6570352,14.581608,19.399579,12.718158,19.041573,9.38704624567194,14.5328894394269
13.6983424,14.485053,19.301503,12.718158,19.070733,8.66665342817731,14.6296900449129
13.7288352,14.533331,19.360349,12.865894,19.041573,8.60634971317667,14.2749298162573
13.780808,14.620230,19.340734,12.993931,19.022133,8.45336182782429,13.7852484684101
13.8108032,14.591264,19.213235,13.131817,19.002694,7.55441471875651,13.3536113846139
13.8407888,14.600919,19.174005,13.082572,19.012414,7.59287141553428,13.3900856187401
13.880832,14.600919,19.203428,13.161364,19.090173,7.16065823454341,13.3879047937961
13.9122896,14.514020,19.183812,13.181062,19.051293,6.88357901728683,13.4376103283498
13.9432992,14.465742,19.193620,13.023478,19.138772,6.99557143948286,13.9927118890352
13.9745552,14.485053,19.183812,13.033327,19.031853,7.35313855010787,13.7647238422634
14.0145472,14.456087,19.242658,12.875743,19.129052,7.65302083893151,14.3677630109074
14.0460048,14.494709,19.370156,12.728007,19.265131,8.22434937680287,14.9679628738022
14.075792,14.533331,19.340734,12.718158,19.226251,8.41858989400493,14.8116894583988
14.1271792,14.600919,19.262273,12.885592,19.138772,8.1134886373551,14.0973885771625
14.15704,14.562297,19.272081,12.905290,19.187372,7.79096080624217,14.2197984096831
14.1870384,14.542986,19.223043,13.023478,19.304011,6.78345215456357,14.11797699709
14.230824,14.523675,19.252465,12.993931,19.206812,7.24087483100692,14.1187091527273
14.2595296,14.514020,19.085737,13.151515,19.333170,5.72437718035781,13.7631102299004
14.2883376,14.542986,18.869970,13.259854,19.158212,5.34319757761301,12.9201262754012
14.323304,14.552642,18.722856,13.338646,19.022133,5.08846089136414,12.3271835550609
14.3695568,14.533331,18.673818,13.427288,18.944374,4.82953461626177,12.001239852511
14.3995776,14.707130,18.614973,13.584872,18.876335,4.90458231993662,11.154889145596
14.4295856,14.765063,18.556127,13.594721,18.798576,5.12827735776781,10.8170198549271
14.4707792,14.880929,18.595358,13.673513,18.827735,5.27078989733562,10.536633371967
14.5008528,14.987139,18.448244,13.801550,18.681937,5.1976315977124,9.63860124502656
14.5320864,15.054728,18.418821,13.840946,18.584738,5.51385106119112,9.23878115655259
14.563328,15.074039,18.330553,13.909889,18.555578,5.15796998572658,8.88902347379305
14.6021312,15.257493,18.203055,13.978833,18.283421,6.01862827291639,7.78864203007655
14.6345856,15.334737,18.134402,14.146266,18.147342,5.94128937200668,7.00195092905055
14.6633376,15.489225,18.095171,14.165964,18.059863,6.54065141799651,6.4722189090496
14.7058432,15.691990,17.977480,14.284152,17.943224,6.80919292021697,5.49679081395152
14.7358768,15.788545,17.840174,14.461434,17.797426,6.57250282916571,4.53460535548252
14.7646272,15.952689,17.791137,14.520528,17.612747,7.36422665179504,3.74533214520106
14.7995888,16.203732,17.663638,14.658415,17.369750,8.11399534096912,2.42913133477096
14.8371024,16.252009,17.575370,14.806150,17.330870,7.61916228838448,1.86311009894574
14.8670672,16.329253,17.526332,14.786452,17.253111,8.03786250672786,1.55118169273578
14.8983536,16.425808,17.496909,14.845546,17.155912,8.38084220408517,1.06027134728481
14.9407872,16.464430,17.447871,14.845546,17.000393,8.87449409937039,0.653447196336543
14.9820608,16.551329,17.310565,14.983432,16.922634,8.5096256059794,-0.109780039937939
15.0108432,16.657540,17.222297,15.091771,16.728236,8.85901473395639,-0.967681718949757
