0.0268464,15.542876,17.663638,13.779224,18.983254,0.236785517537691,7.99152454196359
0.0567376,15.571844,17.673446,13.700426,19.012414,0.527233011876776,8.14708506693868
0.090424,15.610467,17.722483,13.651177,19.012414,0.975345978672751,8.24268762759565
0.1279792,15.562188,17.761714,13.680726,19.061013,0.687298547399288,8.41306043642421
0.1791728,15.571844,17.840174,13.631477,19.061013,1.13606438862286,8.60895863488519
0.2204,15.504253,17.889212,13.572378,19.051293,1.30402683641907,8.91319382970334
0.2504528,15.494597,17.859790,13.385233,18.992974,1.99471980104771,9.16111876642821
0.2817136,15.417350,18.006903,13.148838,19.022133,2.91604041585273,10.0415140514196
0.3129488,15.417350,18.134402,13.070040,19.148492,3.16816695981859,10.5789601555297
0.3529744,15.398039,18.193247,12.971542,19.342890,2.97398466632209,11.1894581580559
0.3842304,15.446318,18.163824,12.902594,19.342890,3.26583318824186,11.1863658554708
0.4230208,15.320792,18.281515,12.794246,19.362330,3.53935186792798,11.8528629430846
0.4654624,15.359415,18.330553,12.676049,19.459529,3.89191225707818,12.2272043495005
0.4966672,15.359415,18.350168,12.735147,19.410930,3.91954329046615,12.0670024270096
0.5266928,15.407694,18.271708,12.794246,19.420650,3.59125845854551,11.7524980843403
0.5616672,15.465629,18.271708,12.764697,19.420650,3.87649829689938,11.6963409900879
0.599168,15.427006,18.173632,12.764697,19.362330,3.6334469701279,11.5406232043269
0.6292016,15.465629,18.222670,12.804096,19.284571,4.04459876961011,11.3434749430169
0.6604208,15.484941,18.242285,12.882894,19.313731,3.80616313244953,11.222490048041
0.7117312,15.436662,18.222670,12.863194,19.372050,3.45843843274156,11.4141143022207
0.7417232,15.427006,18.163824,12.991242,19.245691,3.23234162731467,10.9046711258274
0.772952,15.504253,18.026518,13.020791,19.206812,3.07002201689681,10.4305193936448
0.8191504,15.513909,18.075556,13.119289,19.216532,2.89652149495082,10.3068800114483
0.854152,15.504253,18.006903,13.158688,19.177652,2.64220533107539,10.0869065857207
0.885432,15.552532,17.997096,13.247336,19.197092,2.40524425152845,9.83424973942101
0.9317008,15.484941,17.928443,13.286735,19.197092,1.83351176963293,9.78556356266018
0.9666928,15.581499,17.869597,13.355683,19.187372,1.75844152191921,9.35999231556321
0.99668,15.591155,17.810752,13.434482,19.080453,1.69273577051696,8.93678445881816
1.030416,15.620123,17.634215,13.523130,18.992974,1.20961256847067,8.30558236840586
1.0779328,15.678058,17.634215,13.621627,18.779136,1.78261249229927,7.67456291678154
1.1079856,15.764960,17.634215,13.739825,18.769416,1.70283947685928,7.26641146590291
1.1404016,15.832551,17.585177,13.848172,18.623617,1.88769595586539,6.62833080202182
1.1792256,15.938765,17.487102,13.995919,18.565298,1.61639616278524,5.90269545350204
1.2129808,15.958077,17.428256,14.104266,18.390340,1.70994787118211,5.29425036484809
1.2416992,15.987044,17.457679,14.104266,18.312580,2.15835989041776,5.16337388349218
1.2804416,16.035324,17.398833,14.173215,18.254261,2.08868357871035,4.75765417807888
1.31172,16.112570,17.330180,14.232314,18.176502,2.17879303965411,4.2695944449537
1.3432304,16.122226,17.359603,14.212614,18.166782,2.40346223674117,4.31977257722995
1.3729568,16.267064,17.398833,14.232314,18.215381,2.76873314569886,4.1532043765469
1.4241568,16.209129,17.359603,14.183065,18.137622,2.88036325838764,4.16624536159545
1.4641904,16.199473,17.428256,14.183065,18.127902,3.10292112525593,4.27822659419657
1.495496,16.218784,17.408641,14.153515,18.108462,3.26612728692376,4.23505924422455
1.546648,16.199473,17.398833,14.173215,18.108462,3.10633659496158,4.21868956060537
1.5767104,16.218784,17.506717,14.114116,18.118182,3.68081795162415,4.48023692657765
1.6066656,16.324999,17.447871,14.153515,18.127902,3.6679216823289,4.1307855670661
1.6604464,16.296031,17.447871,14.064867,18.079303,4.03604824068799,4.27238988789097
1.6891648,16.286375,17.349796,14.153515,17.982104,3.71887049064063,3.81281569717458
1.7204416,16.286375,17.349796,14.133816,17.972384,3.81796375433966,3.83391521506793
1.7604112,16.334654,17.408641,14.192914,17.962664,3.99571259117984,3.71295596060665
1.7916752,16.402245,17.457679,14.222464,17.952944,4.3022947761096,3.59581937824507
1.8216736,16.392589,17.369411,14.183065,17.923784,4.21973497071812,3.49836800214712
1.86416,16.460180,17.359603,14.212614,17.865465,4.50170108871127,3.20886934811445
1.9041792,16.421557,17.389026,14.232314,17.816865,4.56976889375758,3.21298728815666
1.936672,16.508459,17.349796,14.242163,17.884905,4.45960817310805,3.08061133437665
1.9666752,16.479492,17.320373,14.183065,17.787706,4.80043526979771,3.03907056515468
2.0054256,16.498804,17.398833,14.183065,17.777986,5.14574891102225,3.11432914323063
2.0379472,16.498804,17.369411,14.212614,17.807145,4.85332873158439,3.05928913017786
2.1004208,16.547083,17.349796,14.291412,17.739106,4.90849567794256,2.68336042026727
2.1379424,16.547083,17.310565,14.380060,17.671067,4.71366567390343,2.346565392658
2.1691792,16.576050,17.281143,14.449009,17.661347,4.51250153957342,2.10346328520863
2.199224,16.518115,17.290950,14.429309,17.622467,4.55614733639253,2.19848954805438
2.2529552,16.566394,17.271335,14.439159,17.700226,4.35254254289773,2.18641765216694
2.2916736,16.605018,17.202682,14.547507,17.593308,4.25168615520418,1.63183513868314
2.3229312,16.508459,17.134029,14.537657,17.632187,3.62402237081183,1.77761406238539
2.3616752,16.508459,17.124221,14.508107,17.748826,3.29995591354823,2.00601711353732
2.3934192,16.460180,17.143836,14.517957,17.797426,3.01180589634186,2.18743087440686
2.4229072,16.518115,17.183067,14.498258,17.826585,3.29255727394972,2.22842735805511
2.464136,16.460180,17.143836,14.498258,17.894625,2.75260221530166,2.38130782108089
2.495448,16.402245,17.261527,14.449009,18.030703,2.65517936142299,2.98780161971309
2.5254768,16.344310,17.251720,14.429309,18.166782,2.0501096944482,3.33335594235865
2.5616448,16.296031,17.192874,14.360361,18.186222,1.86897101608618,3.48667838340277
2.6079568,16.180161,17.222297,14.320962,18.322300,1.26819670291492,4.03908988629236
2.6391504,16.083603,17.241912,14.212614,18.458379,0.926670861146969,4.66846834255782
2.6691616,15.929109,17.251720,14.094417,18.662497,0.171411216312213,5.51810031624234
2.7254544,15.890486,17.281143,13.986069,18.759696,0.178238621790008,5.99440569097803
2.7617008,15.764960,17.339988,13.926970,18.915215,-0.357839100068248,6.67931247742166
2.7954688,15.784272,17.379218,13.907271,18.934654,-0.165729156192394,6.77129527353723
2.832984,15.658746,17.389026,13.867872,18.992974,-0.606447808708823,7.19119580135059
2.862928,15.639434,17.418449,13.828473,19.226251,-1.21012883955313,7.70882877586974
2.8942128,15.562188,17.398833,13.818623,19.197092,-1.39994765006119,7.80052914187064
2.9279616,15.494597,17.398833,13.700426,19.177652,-1.16993632607301,8.12775690757283
2.964216,15.494597,17.379218,13.641327,19.187372,-1.07180753453032,8.22656445675928
2.9941936,15.446318,17.457679,13.661026,19.255411,-1.26139482910577,8.50670139654494
3.0254944,15.446318,17.565562,13.670876,19.372050,-1.32222998491597,8.83045172493292
3.077952,15.455974,17.585177,13.641327,19.313731,-0.93804438306192,8.80994226432005
3.10668,15.484941,17.585177,13.582228,19.265131,-0.488840929246931,8.7940982686668
3.1379536,15.417350,17.624408,13.592078,19.235971,-0.518058828078543,8.92120041685499
3.1779104,15.446318,17.624408,13.601928,19.245691,-0.487710144383989,8.86087423971719
3.2191616,15.533220,17.624408,13.592078,19.197092,-0.0108436578701072,8.63782702342011
3.250448,15.427006,17.634215,13.562529,19.235971,-0.35683215425102,8.9746923760963
3.2904272,15.533220,17.653830,13.582228,19.187372,0.149791224035303,8.68691851304104
3.3216768,15.571844,17.722483,13.572378,19.158212,0.628055303102581,8.6916207971074
3.3616752,15.552532,17.673446,13.513280,19.031853,1.02067486360567,8.57506359982382
3.3991968,15.542876,17.761714,13.404932,19.119333,1.34588444714622,9.07215522033706
3.4341952,15.629779,17.859790,13.385233,19.041573,2.27013157452021,8.97282575703554
3.4654432,15.658746,17.859790,13.375383,19.031853,2.42902992946533,8.92101493826792
3.4954864,15.716681,17.918635,13.375383,19.041573,2.77295372581333,8.9133400451625
3.5479776,15.707025,17.791137,13.404932,18.963814,2.49183790095159,8.56187289622545
3.5779536,15.726337,17.781329,13.424632,18.837455,2.87970652696849,8.27777491605366
3.6092432,15.707025,17.742099,13.424632,18.837455,2.69047998660253,8.25475067312718
3.6491984,15.716681,17.771521,13.414782,18.827735,2.88249138119983,8.28542363257062
3.679232,15.803584,17.869597,13.503430,18.847175,3.11641232148344,8.12772737076548
3.7104256,15.832551,17.840174,13.493580,18.759696,3.44097672138424,7.91149739861602
3.7432464,15.938765,17.830367,13.464031,18.701377,4.04545228000197,7.65952538984717
3.7817008,15.929109,17.781329,13.503430,18.633337,3.95362320213371,7.42168583262791
3.8117024,15.987044,17.820559,13.493580,18.720816,4.00398715077031,7.52544274935088
3.843472,15.987044,17.908827,13.424632,18.711097,4.55056798443698,7.77831543779709
3.8828992,15.948421,17.830367,13.454181,18.788856,3.81559031431326,7.79461505923488
3.9142032,15.967733,17.742099,13.513280,18.856895,3.16868557047055,7.61347305579145
3.9442048,15.900142,17.653830,13.424632,18.827735,3.06175145021276,7.73177506907424
3.9755216,15.958077,17.663638,13.444331,18.788856,3.34435451651558,7.53791499094598
4.029192,15.900142,17.702868,13.434482,18.818015,3.21933943668369,7.77352993040482
4.0566768,15.948421,17.800944,13.365533,18.730536,4.21556853107756,7.82956441261555
4.0867072,15.958077,17.840174,13.365533,18.681937,4.53607665007352,7.79657157231863
4.1391536,15.987044,17.889212,13.454181,18.662497,4.55209579256472,7.61672358671991
4.1691808,16.064291,17.928443,13.532979,18.613897,4.8217156520801,7.30437165066458
4.199232,16.054635,17.957865,13.365533,18.565298,5.61390176294757,7.61301661460251
4.2391744,16.025668,17.879405,13.385233,18.400060,5.76582417641916,7.25346816338894
4.2704128,16.044979,17.889212,13.385233,18.419499,5.7925412243077,7.26189326819467
4.3017248,16.064291,17.987288,13.385233,18.487539,5.93487806474234,7.48220303152432
4.3329584,16.083603,18.065749,13.424632,18.477819,6.14426206550299,7.47607242484216
4.3717184,16.083603,18.006903,13.464031,18.419499,6.02192500940946,7.21984992974477
4.404184,16.151194,17.967673,13.503430,18.390340,6.07712156251369,6.91002859600031
4.4329648,16.151194,17.957865,13.503430,18.322300,6.27694430341842,6.78910057698929
4.474448,16.141538,17.918635,13.601928,18.293141,5.88654504165481,6.51378159495879
4.5067296,16.189817,17.948058,13.562529,18.332020,6.13470184877154,6.60330174492592
4.5354752,16.093259,17.899020,13.592078,18.322300,5.60532257652262,6.63907939987746
4.5692288,16.122226,17.859790,13.582228,18.293141,5.70493146251315,6.49606067312325
4.6104624,16.189817,17.997096,13.532979,18.302861,6.48910003508571,6.69029790450343
4.6579776,16.141538,17.957865,13.572378,18.341740,5.94645390265415,6.70661545027055
4.687968,16.151194,17.918635,13.582228,18.322300,5.8851279193761,6.57828351334566
4.7291824,16.112570,17.967673,13.493580,18.283421,6.35123666912384,6.83617263561311
4.75928,16.199473,17.967673,13.503430,18.332020,6.42789362417126,6.72767196909181
4.7904272,16.064291,18.016711,13.493580,18.380620,6.0234226424045,7.15529948378185
4.8307648,16.122226,18.026518,13.414782,18.438939,6.30761740017341,7.30053875517352
4.862984,16.112570,18.006903,13.473881,18.409779,6.11332388378636,7.13077694622981
4.8936032,16.093259,17.977480,13.326134,18.400060,6.49408254657621,7.38937511723182
4.9273248,16.064291,17.938250,13.326134,18.380620,6.34372296835487,7.35392253751388
4.9629264,16.025668,18.046133,13.404932,18.400060,6.22925578418029,7.47417023463167
4.9941712,16.016012,18.095171,13.385233,18.468099,6.18994901691205,7.71109049066403
5.027448,15.987044,18.075556,13.444331,18.555578,5.53937690881484,7.75784339367134
5.0654096,16.025668,17.967673,13.395082,18.516698,5.61750366933506,7.55202871227058
5.095448,15.958077,18.085364,13.434482,18.516698,5.64333556147983,7.78745832897866
5.1273216,15.938765,18.075556,13.454181,18.555578,5.35270046161993,7.83142873687027
5.1592512,15.900142,18.075556,13.414782,18.643057,5.06749024387458,8.11536012520909
5.1966848,15.803584,18.026518,13.355683,18.740256,4.47448656215545,8.48864586698049
5.2272592,15.735993,18.026518,13.345834,18.798576,4.09488754900721,8.72728824652652
5.262992,15.726337,17.948058,13.365533,18.808296,3.71318357495671,8.60283143892969
5.3120384,15.745649,17.977480,13.375383,18.886055,3.57543885016653,8.71020769493199
5.3404848,15.668402,17.908827,13.542829,18.818015,2.77338471711138,8.3273671886031
5.3704816,15.735993,17.781329,13.582228,18.720816,2.77359416240903,7.77612569406554
5.4055088,15.687714,17.693061,13.670876,18.769416,1.87297992439969,7.63737093309411
5.4432432,15.600811,17.722483,13.838322,18.866615,0.807058144274075,7.67832304313931
5.472936,15.600811,17.693061,13.877722,19.041573,0.00429699182657139,7.82658054941765
5.5042128,15.552532,17.594985,13.867872,19.099893,-0.631859062440475,7.87675579457254
5.5542112,15.494597,17.487102,13.917121,19.109613,-1.36818201956118,7.74252762575824
5.5854912,15.388383,17.663638,13.867872,19.294291,-1.5806032034263,8.59352518497496
5.6154544,15.388383,17.761714,13.848172,19.352610,-1.38585929552189,8.86876247908685
5.6566672,15.291824,17.477294,13.838322,19.362330,-2.63668467984648,8.65613600396514
5.6867408,15.465629,17.163452,13.966370,19.420650,-3.7061336263983,7.68428237509324
5.7167232,15.542876,17.183067,14.055018,19.547008,-4.08008113386021,7.5919723415478
5.7504736,15.504253,17.202682,14.084567,19.585888,-4.36314162022625,7.69889166277061
5.787976,15.407694,17.075183,14.252013,19.877485,-6.57223126357208,7.81479152112658
5.8192704,15.320792,16.643650,14.232314,19.362330,-6.60399382745801,6.55449966990977
5.8504752,15.262857,16.525959,14.370211,19.245691,-7.26841716385212,6.03317469788622
5.8929584,15.475285,16.604420,14.527807,19.284571,-6.91347390670104,5.5168667072144
5.9404256,15.649090,16.751533,14.911948,19.138772,-6.59652685205157,4.47624007190331
5.97176,15.842207,16.673073,15.069545,18.740256,-5.4460820650813,3.07100593225415
6.013008,16.044979,16.624035,15.158193,18.069583,-3.05624997106473,1.37205828011771
6.0429776,16.411901,17.055568,15.118794,17.214231,2.5121318998852,0.0791898154038355
6.0742016,16.460180,17.134029,15.108944,17.029553,3.57412217796282,-0.166776993400054
6.1055168,16.633985,17.104606,15.168043,16.922634,4.1992070775981,-0.812818789254235
6.1554624,16.672609,16.545574,15.187742,16.679636,3.27283010431324,-2.27572827493525
6.1879968,16.662953,16.977186,14.980897,15.604366,9.07733264817892,-3.00191593827854
6.2179712,16.339211,17.086296,14.783901,15.370108,9.91958106947279,-2.27570241551577
6.267944,16.646584,16.624035,15.177892,15.311544,8.22315338653249,-4.46769053224299
6.2979792,16.713822,16.761341,15.473386,14.911354,9.25678661254088,-5.58482321336391
6.3292432,16.944352,17.183067,15.749179,14.638053,11.3309454835402,-6.20792297003517
6.3804624,17.290147,17.104606,16.350016,14.442838,10.7420949547156,-8.32607953064137
6.4108144,17.155671,17.065376,16.507612,14.169538,10.6019470567183,-8.93200449538053
6.4416976,16.665795,17.398833,16.281067,14.403795,10.080299712797,-6.68090992688453
6.4817648,16.454476,17.918635,16.133321,14.472120,11.3329072922679,-5.01202980012778
6.512976,16.531319,17.918635,15.739330,13.496047,16.5066243750025,-6.19856044798392
6.547984,16.473687,18.026518,15.315789,12.988489,20.1381652975216,-6.07211848163061
6.5867344,16.035324,18.085364,16.044673,13.535090,14.2128593566894,-5.48874555890418
6.6254416,15.494597,18.055941,16.596260,14.608771,6.62135809268735,-3.65608409227376
6.6591872,15.600811,17.869597,17.013004,15.721495,1.18606131645286,-2.98353734729052
6.6867104,15.262857,17.555755,17.471753,16.475518,-4.88035079462165,-2.45233739066575
6.7391968,14.007598,17.153644,17.608402,16.805995,-11.9608646557176,-0.592036086413527
6.7692448,13.080638,17.732291,17.559599,17.496108,-15.165827304007,3.27447657698759
6.7992304,12.211613,18.163824,17.237499,18.458379,-18.6542904587133,7.71017671000774
6.8404544,11.535705,18.134402,16.915398,19.265131,-22.6250727933646,10.825102014039
6.870448,11.081881,17.585177,16.973962,19.148492,-26.1333515197398,10.6026837190007
6.9004992,10.840485,17.487102,17.022765,19.653927,-29.0275874084232,11.6043909628431
6.9317312,11.120504,18.026518,16.954440,20.266281,-27.5579050511382,12.8848936318427
6.9717232,11.632263,17.634215,17.335105,19.430369,-25.8075484228449,9.31299831147562
7.0130304,12.713717,17.055568,18.037870,18.118182,-22.1947317994298,2.980598992472
7.0430352,13.679300,17.536140,17.989066,17.797426,-15.9906867273852,1.56979240825093
7.0942096,13.650332,18.154017,17.178935,17.826585,-11.5939919307754,4.12356557291822
7.1242048,13.524807,19.026891,16.749467,18.166782,-8.80815589272158,7.02531211899219
7.1542896,13.766203,19.144582,16.398085,17.350310,-3.94091787057897,6.16021371520725
7.1967088,14.017254,19.615346,16.153020,16.660197,1.44931762205759,5.80837228620706
7.2454832,14.982838,20.527450,15.453686,15.770298,12.6851966534729,5.34620522415383
7.284248,15.484941,20.684372,14.636155,15.048004,20.1001329391579,5.04744083882487
7.3292496,15.436662,21.419940,13.611778,14.882071,26.4845536709338,7.98709150808625
7.3579984,14.905591,22.439928,12.882894,15.545801,28.1298171674515,13.0075482753862
7.3879504,14.229683,23.047998,12.065362,16.349160,27.9895951955074,18.0706214813199
7.430544,13.988287,23.234342,11.789569,15.867906,30.6977230161646,18.7457829431176
7.4704704,14.075189,23.047998,11.927466,15.633648,30.7840296524055,17.6791938280072
7.5005104,14.142780,23.136266,12.173710,15.936231,29.1380222930078,17.5726499130878
7.5342416,13.640677,23.901257,12.134311,16.883754,26.5051500858112,21.0419383363758
7.5729472,12.916489,24.175869,12.075212,17.262831,24.0512275915532,23.5580581799123
7.6029952,11.892971,24.666248,11.809268,18.225101,19.9922266192976,28.1830514968039
7.6329808,10.811517,25.784311,11.385728,19.274851,17.8852397396681,34.0847467922719
7.685424,9.469356,26.441419,10.912938,20.276001,14.0147247913357,40.0760946627467
7.7154752,9.141058,26.892568,10.755342,20.752277,13.2874106616888,42.1690861224915
7.7454816,9.865245,26.421804,10.863690,20.149642,15.7446584943156,39.108249836079
7.798016,10.772894,26.245268,11.080385,19.294291,20.1217760708433,35.4007697556242
7.8367008,12.443353,25.656813,11.819118,17.457229,27.1329813997893,27.2302250858657
7.8680128,12.713717,26.000078,11.809268,17.194791,29.8224132462014,26.7669528832624
7.9192336,13.061327,26.686609,11.651672,16.796275,34.6533559280067,26.7104405252069
7.9492512,13.746891,26.696416,11.996414,16.504678,36.2806080529938,24.2002294187905
7.9817648,14.345553,26.343343,12.429804,15.428673,39.3031187628002,20.2743594462027
8.020432,14.490390,26.117769,12.488903,14.745421,41.4583204721536,18.6636515337995
8.0517664,14.442111,25.372393,12.321457,13.554611,44.7171909997545,16.4422003046457
8.0829936,14.277962,25.058551,12.469203,13.300832,43.8923820806254,15.6663785074655
8.1243296,14.239338,24.832977,12.597250,13.291071,42.7189744068648,15.1421267331917
8.1642512,14.075189,23.920872,12.469203,13.271550,40.4081235463854,14.378785210012
8.1945632,14.084845,23.783566,12.784396,13.818151,36.6114361724109,14.3112358681741
8.224256,13.968975,23.283379,13.473881,15.155372,27.1167462231468,14.3607061273195
8.2667344,13.505495,21.733782,13.838322,15.906949,17.0831450016883,13.3971601852708
8.2967408,13.061327,21.429747,14.143666,17.272551,8.88018063729472,15.220582058327
8.3280992,12.694405,20.713794,14.705103,17.709946,2.04610779053462,14.4266529447049
8.367984,12.675093,20.243031,14.951347,17.564148,0.111703246349814,13.0707865917346
8.3992032,12.308171,19.497655,15.601433,18.157062,-7.66838087747422,12.2779840642889
8.4292384,12.172990,18.909200,16.143171,18.011263,-11.4162918199498,10.3695521720096
8.4629808,12.172990,18.399206,16.329761,18.176502,-14.3081425324836,9.4753200320532
8.512976,12.028152,17.712676,16.778749,18.390340,-19.3258489005756,8.14768447495258
8.5416944,12.047464,17.281143,17.432711,19.595608,-26.3420064169212,8.04084726690381
8.571712,12.076431,17.094799,17.559599,19.926085,-28.2256118295493,7.96360987913398
8.612976,12.028152,16.800571,17.647445,19.906645,-29.6772621565271,7.40914788829051
8.6429808,12.086087,16.986915,17.237499,19.508129,-26.4583615956146,7.75486204094178
8.6742,12.201957,17.751906,16.700664,19.342890,-21.1972865962603,9.48433805150177
8.7054976,12.588191,18.438437,16.231819,18.545858,-13.5616445135955,9.47754968949886
8.7567488,13.080638,19.085737,15.512785,17.768266,-4.9078186175995,9.72240510896515
8.7867072,13.727579,19.909573,14.714953,17.496108,3.46832107444543,10.8511550995462
8.8192464,13.920696,20.517643,13.946670,16.942074,10.5432126188324,12.072938996041
8.8680064,14.084845,21.429747,13.267035,16.514398,17.7887839339411,13.826646013234
8.900488,14.142780,22.253584,12.548002,16.407479,23.4299592932169,16.2146673793613
8.9317488,14.355208,22.714540,12.094912,16.407479,27.0664323244191,17.3643084588716
8.9805056,14.442111,23.626645,11.198582,16.436639,33.1588810473996,20.3576492229616
9.0142864,14.326241,24.577980,10.479548,15.770298,40.8286591314987,22.5283397895838
9.041728,14.529013,24.793746,9.987059,15.018722,46.9638300560581,22.441212891405
9.0817632,14.828344,24.842784,9.859012,14.257384,51.5735408300389,21.0920011292024
9.1229248,15.523564,25.548930,9.327124,13.320354,61.3818145947521,20.414023707247
9.155472,15.774616,26.578725,8.874034,12.978728,67.9065273581799,21.8047223706407
9.195576,15.861519,27.716404,8.332297,13.017771,72.8974943631653,24.3750839321512
9.22672,15.851863,29.462153,7.485216,12.715188,81.770370903553,28.1171328477501
9.25672,15.880830,29.923109,7.081375,12.510213,85.5587677699118,29.2764641114596
9.2905808,15.407694,30.864636,6.362341,12.461409,90.0694734908108,33.0837882622487
9.3392592,14.789721,32.257312,5.584209,12.354041,95.7561258064211,37.8520032665719
9.3692496,14.490390,32.973265,5.150818,12.539495,97.7133100555414,40.6011583625699
9.4004928,14.297273,33.326338,4.924273,12.627341,98.6731157258145,42.0916624738296
9.4404528,14.335897,33.561720,4.796226,12.666384,99.5928051531637,42.593932130959
9.4716768,14.297273,33.326338,4.865175,12.422366,99.9602806209836,42.0256895941539
9.5017536,14.471078,33.238070,5.081870,12.314998,99.5783335950258,40.8596200912048
9.5392192,14.673851,32.777114,5.308415,12.275955,98.2042145117602,39.28010598198
9.5729616,14.722130,32.375003,5.554659,12.266194,96.4152500063822,38.1190716093052
9.6030048,14.548325,32.365195,5.702406,12.519973,94.1437135075691,38.4485351363937
9.6329904,14.374520,32.502502,5.731955,12.881121,92.2157030851799,39.3341291629431
9.6742864,14.345553,32.580962,5.810753,13.037292,91.2011027770276,39.4641320159211
9.70548,14.046222,32.208274,5.850153,13.369157,88.175854351113,40.0483481366346
9.7354272,13.872417,31.747318,5.997899,13.564372,85.3285793470267,39.8293285868618
9.7916944,13.563430,30.786176,6.332792,13.720544,80.4550279736171,38.8968415794456
9.8267024,13.408937,29.834841,7.022276,14.628292,70.8186190236116,37.5505764243261
9.8579696,13.128917,29.393500,7.248821,15.838623,62.9112213716975,38.5192430821037
9.8949328,13.051671,29.246386,7.367018,16.961514,57.170661558797,39.4597415187909
9.9293536,12.404730,29.001197,7.327619,17.428069,53.2639371332522,41.3338790657892
9.9605184,12.250236,28.599086,7.386718,17.398909,51.7663887276414,41.1196163628368
9.9917584,12.192301,28.638316,7.386718,17.457229,51.4805126970571,41.3618937589451
10.0417568,11.921938,28.952159,7.337469,17.914064,49.9289072163639,42.9275700196356
10.0842128,11.632263,29.020812,7.229121,18.079303,49.1440112094753,44.1381222628393
10.1355392,11.429491,28.746200,7.238971,18.147342,47.617267356799,44.4117724806442
10.1755152,11.255686,28.873698,7.199572,18.905495,44.6206957612127,45.8048099123696
10.2155024,11.323276,28.736392,7.229121,19.061013,43.7096391726183,45.5814521585751
10.2704688,11.332932,28.736392,7.209422,19.226251,43.1624384860818,45.7646560025088
10.2967696,11.294309,28.726584,7.170023,19.070733,43.8040596947232,45.799664122194
10.328496,11.197751,29.118888,7.209422,19.362330,43.2680821438853,46.5898112007958
10.3580176,11.178439,28.873698,7.170023,19.119333,43.6932323650379,46.2743462149054
10.4017984,11.168783,28.599086,7.219272,19.012414,43.1826115644471,45.8108643517488
10.4517104,11.342588,28.608894,7.367018,19.167932,42.4678243729977,45.1733516012359
10.4929488,11.448802,28.461780,7.455666,19.265131,41.6360370880264,44.6461421145685
10.522984,11.555016,27.961594,7.672361,19.061013,40.5541852011474,43.1624463095937
10.5541904,11.593640,27.628136,7.741310,18.895775,40.1495962241604,42.3970590667777
10.5842736,11.767445,27.382946,7.889057,18.886055,39.4200679837383,41.3526533553968
10.635464,11.757789,27.216218,8.026953,18.915215,38.2977951353337,40.8994551784088
10.6654912,11.709510,26.843530,8.322447,19.022133,35.6037921913562,40.0248467614432
10.6967776,11.825380,26.559110,8.509593,19.119333,34.0538687733055,39.0998532773164
10.744256,11.844691,26.402189,8.598241,19.167932,33.1526259825599,38.7265902509734
10.778408,11.844691,25.627390,8.883884,19.012414,30.4945129063623,37.0339486346512
10.8092224,11.892971,25.038936,9.071030,19.051293,28.0977553530593,35.8596998904089
10.8492592,11.883315,24.989898,9.080880,19.109613,27.6713482256465,35.8697205700872
10.8805248,11.873659,25.225280,9.297575,19.683087,25.3778554603532,36.2847765477341
10.9120144,11.835036,25.264510,9.504420,19.964964,23.5948558500622,36.2455745148121
10.9456896,11.719166,24.891822,9.602918,19.974684,21.7854253676971,35.8854297742277
10.9830016,11.555016,24.401443,9.770364,20.062163,18.9323119693629,35.427878507627
11.023024,11.468114,24.009140,9.868862,20.470399,15.680686768117,35.4186220405661
11.0642192,11.236374,23.616837,10.154506,21.034154,10.7927457901504,35.4847484800446
11.1042752,11.043257,22.959729,10.509098,21.393790,5.67832635270448,34.7737417763187
11.1342976,10.927387,22.871461,10.587896,21.500709,4.3992268837765,34.8811810111108
11.1655232,10.850140,22.685117,10.706093,21.656228,2.63309604824975,34.7509348607537
11.2067824,10.714959,22.567426,10.725793,21.656228,1.74809109732201,34.8870701472103
11.2367904,10.618400,22.479158,10.784891,21.996424,-0.181192754174857,35.2590752540675
11.2668016,10.608745,22.283007,10.952338,22.093623,-1.72680515743707,34.7795649000254
11.296768,10.570121,22.155508,11.001586,22.142223,-2.59494869720019,34.6655106517191
11.3480304,10.608745,21.978972,11.159183,22.288021,-4.03836292448821,34.1751356000342
11.3792688,10.541154,21.831858,11.208432,22.433820,-5.38300178272567,34.2161044785147
11.4092144,10.541154,21.704360,11.306930,22.346341,-5.84543536231455,33.7425422248561
11.4604736,10.502530,21.351287,11.464526,22.326901,-7.61076854282141,33.037370026026
11.4905024,10.531498,21.253211,11.602423,22.288021,-8.16208893493434,32.492824125367
11.5217008,10.628056,21.145328,11.779719,22.288021,-8.76481770830355,31.7381978862917
11.5642352,10.676335,20.939369,11.996414,22.181103,-9.65040513358277,30.7634583496124
11.5930208,10.908075,20.792255,12.321457,21.763147,-9.06717939700463,28.8238416613407
11.6230608,10.994978,20.654949,12.538152,21.578468,-9.34069703819861,27.7488184668928
11.6568352,11.217062,20.507835,12.754847,21.286871,-8.84731651950463,26.2277413773481
11.7067232,11.371556,20.448990,13.001091,21.034154,-8.50126781889323,24.9528760626474
11.7343232,11.574328,20.380337,13.227636,20.898075,-8.33350102424352,23.7583663433902
11.7667952,11.583984,20.331299,13.286735,20.732837,-8.12999813339606,23.3317468450828
11.8167632,11.641919,20.399952,13.296585,20.752277,-7.79497148894884,23.3007416532072
11.8468096,11.583984,20.468605,13.286735,20.917515,-8.25121285895992,23.7496850443171
11.8892336,11.612951,20.419567,13.237486,20.800876,-7.79318904809438,23.5787946293666
11.927992,11.487426,20.439182,12.853345,20.820316,-6.98625613041548,24.7349915655449
11.9592992,11.458458,20.547066,12.744997,20.975834,-6.87062877108177,25.3736182805319
11.9904784,11.448802,20.664756,12.626800,20.975834,-6.12618666492381,25.8042168690124
12.0230112,11.477770,20.723602,12.567701,21.150793,-6.20314284201833,26.1665137782087
12.0518016,11.439146,20.821678,12.449504,21.209112,-5.8112569586551,26.7083831842725
12.0843136,11.410179,20.880523,12.419954,21.286871,-5.86596176427882,27.0083015441213
12.1130592,11.487426,20.880523,12.360856,21.286871,-5.41753685695281,26.9682549277932
12.1529808,11.487426,20.919753,12.429804,21.335471,-5.66382915095134,26.9258333660273
12.1867664,11.468114,20.733410,12.469203,21.092473,-5.69825309449796,26.3433543787784
12.2155216,11.516393,20.694179,12.508602,21.034154,-5.60683375871904,26.0268702702733
12.2467744,11.497081,20.733410,12.557851,21.053594,-5.76129541686447,26.0353133202052
12.2880576,11.468114,20.811870,12.607100,21.131353,-6.00335719786757,26.1879692488767
12.3367712,11.555016,20.762832,12.666199,21.004994,-5.66058957976357,25.6464797198897
12.3680448,11.448802,20.703987,12.735147,20.888355,-6.06126697563516,25.5049718116151
12.4180208,11.506737,20.772640,12.744997,20.888355,-5.66780273706157,25.4440195977111
12.4480208,11.506737,20.870716,12.794246,20.839756,-5.34161875926399,25.3993799121026
12.4817712,11.535705,20.880523,12.804096,20.849476,-5.27504649984721,25.3395460044974
12.5304848,11.555016,20.723602,12.922293,20.752277,-5.80286644282632,24.7156684478146
12.5605968,11.632263,20.635334,13.109439,20.557878,-5.81651278510111,23.7779592593622
12.5917456,11.670886,20.645141,13.109439,20.450959,-5.31004279982863,23.5683227164771
12.6430704,11.603296,20.596103,12.892744,20.412080,-4.87404557736942,24.0705047162063
12.6742368,11.719166,20.988406,12.616950,20.966114,-4.07976201339629,25.6320336970679
12.7042928,11.632263,20.988406,12.557851,20.830036,-3.73685266221083,25.7786468988961
12.7454976,11.690198,20.949176,12.508602,20.839756,-3.54658712879599,25.7222665990995
12.7767168,11.680542,20.890331,12.360856,20.723117,-2.91244347994834,25.8449481575564
12.8067376,11.719166,21.017829,12.321457,20.723117,-2.23277442968034,26.0084710740013
12.8405184,11.806068,21.115905,12.301757,20.723117,-1.55829089134735,25.9849613491159
12.8791936,11.854347,21.184558,12.331306,20.713397,-1.23946822475769,25.8889315706442
12.9122816,11.835036,21.145328,12.301757,20.587038,-0.919505261248569,25.7863885867583
12.9430336,11.921938,21.086482,12.252508,20.548159,-0.537001048728009,25.5796719663023
12.9993072,11.912282,21.106097,12.301757,20.577318,-0.762801380534715,25.5549965011972
13.0304784,11.912282,21.076675,12.390405,20.548159,-1.05498581877852,25.2866276636198
13.0606368,11.979873,21.017829,12.341156,20.460679,-0.576013254591088,25.0595967779128
13.105488,11.999185,20.988406,12.370706,20.538439,-0.962739396367872,25.0148437391197
13.144264,12.047464,20.939369,12.528302,20.431520,-1.13179732510612,24.3668874660466
13.1730256,11.989529,20.860908,12.607100,20.412080,-1.77509721258128,24.1952997589146
13.2143152,12.008841,20.723602,12.607100,20.538439,-2.57806384857493,24.1392729522495
13.254272,11.960561,20.605911,12.676049,20.528719,-3.32155622725102,23.9293578604252
13.285536,11.941250,20.517643,12.794246,20.577318,-4.22202300945073,23.6636974638535
13.3292912,11.931594,20.498028,12.774546,20.538439,-4.12951776686304,23.6510254464681
13.3568064,11.912282,20.586296,12.873044,20.664797,-4.62769194034563,23.7588484489882
13.3880352,11.844691,20.547066,12.794246,20.664797,-4.72942812024293,24.0244847548129
13.4293776,11.892971,20.547066,12.823795,20.674517,-4.69518622412934,23.8686389300551
13.469264,11.844691,20.468605,12.902594,20.655077,-5.31039491053591,23.6755782410441
13.5005568,11.835036,20.488220,12.882894,20.723117,-5.43281293148282,23.8528412164513
13.5317648,11.806068,20.458797,12.912443,20.781436,-5.91100424452357,23.8890334073581
13.5754864,11.864003,20.399952,12.902594,20.781436,-5.88242274015768,23.7088484300571
13.6142448,11.864003,20.350914,12.971542,20.820316,-6.39278551527166,23.5469506966569
13.644264,11.912282,20.341106,12.932143,20.830036,-6.16859406429513,23.5277069984609
13.6842064,11.825380,20.243031,12.951842,20.839756,-6.88506579076761,23.5576857440106
13.7155168,11.825380,20.213608,13.040490,20.771716,-7.05031299917299,23.2392742210598
13.7458864,11.883315,20.252838,13.070040,20.703677,-6.59952402284478,23.0132866064107
13.7780192,11.892971,20.252838,13.138988,20.742557,-6.91185421289186,22.8954487559443
13.8280192,11.873659,20.213608,13.247336,20.742557,-7.45437332024061,22.6533820988818
13.8605328,11.825380,20.037072,13.316284,20.616198,-8.03196493680831,22.20994351469
13.8893152,11.873659,19.968419,13.414782,20.664797,-8.56888002333432,21.8697741573157
13.9304976,11.806068,19.948803,13.404932,20.713397,-8.98825381506484,22.0734729149739
13.9604912,11.777101,19.889958,13.424632,20.645358,-9.13434418451251,21.924886654563
13.991744,11.748133,19.850728,13.483730,20.674517,-9.6470493442564,21.8470785575772
14.0430304,11.786756,19.889958,13.414782,20.771716,-9.47042336292501,22.0929946328388
14.0730352,11.815724,19.870343,13.464031,20.927235,-10.0839601400464,22.105807037742
14.1042832,11.728821,19.889958,13.355683,20.995274,-10.1869566703508,22.6383494604702
14.1355152,11.738477,19.870343,13.326134,21.004994,-10.1586008913291,22.667969941724
14.1868208,11.767445,19.889958,13.326134,20.859195,-9.53264559002992,22.4397006269119
14.2205584,11.825380,19.978226,13.267035,20.810596,-8.69341255278161,22.4945139161491
14.2729824,11.912282,20.017456,13.247336,20.907795,-8.51105844966814,22.5302404446034
14.3092704,11.921938,20.056687,13.198087,20.752277,-7.69533959858729,22.4619274412485
14.3392544,11.960561,20.115532,13.158688,20.761996,-7.2715844910385,22.5538391399949
14.3705392,11.931594,20.095917,13.109439,20.752277,-7.24733480529738,22.6828441691348
14.41052,12.008841,20.174378,13.089739,20.693957,-6.4731595234905,22.5859927705348
14.4417424,11.970217,20.223416,13.070040,20.693957,-6.37505212102255,22.7753896123982
14.471792,12.018496,20.252838,12.991242,20.761996,-6.07975562578924,22.9685421732839
14.5117712,12.047464,20.252838,12.912443,20.771716,-5.7610137547562,23.0882253315205
14.5430432,12.047464,20.164570,12.912443,20.635638,-5.61909928595204,22.7939908560043
14.5743248,12.008841,20.193993,12.892744,20.606478,-5.49230391227448,22.9199098539393
14.6067456,12.095743,20.213608,12.932143,20.625918,-5.3248641605246,22.6996539460162
14.6456032,12.018496,20.311684,12.961692,20.732837,-5.69427548994051,23.0707619253965
14.6755488,12.057120,20.282261,12.941993,20.684237,-5.44392857123142,22.9280720021631
14.705496,12.144022,20.233223,12.991242,20.664797,-5.41318888206256,22.5465199905974
14.7467696,12.076431,20.144955,12.991242,20.645358,-5.87281028663067,22.5495116713089
14.7796528,12.105399,20.017456,13.010941,20.577318,-6.048574932305,22.1866789159134
14.8080272,12.144022,20.046879,13.070040,20.450959,-5.60272603518899,21.8486560964812
14.8417504,12.211613,19.978226,13.138988,20.431520,-5.76598978088851,21.439707218356
14.8955248,12.221269,20.076302,13.109439,20.450959,-5.37186365089485,21.6388647178639
14.9295936,12.259892,20.086109,13.217786,20.392640,-5.37090931213722,21.2617215228018
14.9605056,12.269548,20.076302,13.257186,20.489839,-5.81029164289405,21.2743185409796
15.0105008,12.337139,20.144955,13.198087,20.557878,-5.38413911421447,21.4381011219444
