0.0449216,13.571387,19.183812,13.513742,19.478969,1.08792062242751,-1.66992316210867
0.0860672,13.648638,19.056314,13.533446,19.517849,0.729697109420154,-1.99419208181144
0.1335136,13.571387,19.056314,13.700928,19.537288,-0.136735817194742,-2.14960341726916
0.167304,13.610012,19.036699,13.760040,19.469249,-0.0446107721997671,-2.47342653441557
0.1973024,13.610012,18.968046,13.799447,19.547008,-0.653445381074959,-2.54000679475648
0.2285648,13.571387,18.938623,13.760040,19.566448,-0.814928511978726,-2.39649977150072
0.2723152,13.523105,18.977853,13.819151,19.556728,-1.00535342099622,-2.37602065773025
0.309824,13.436198,19.046506,13.730484,19.653927,-1.09382099161631,-1.78223561287884
0.3409744,13.387916,19.085737,13.661521,19.751126,-1.21548201484463,-1.34912694733287
0.3809664,13.320322,19.124967,13.592557,19.799726,-1.24407364743268,-0.945497168425018
0.4124192,13.214102,19.311311,13.464482,19.964964,-1.09751549490961,0.0301780154227274
0.4434976,13.233415,19.281888,13.395519,19.955244,-0.876117613702803,0.0777192090078138
0.4760032,13.204446,19.272081,13.395519,19.994124,-1.13136685500066,0.178141538879309
0.5151184,13.107882,19.330926,13.267444,20.071883,-1.09392032666757,0.833551017692496
0.5447952,13.156164,19.389771,13.267444,20.101043,-0.831703033051759,0.855570488567757
0.5760144,13.127195,19.497655,13.178777,20.120483,-0.344796970963966,1.27584836187783
0.6197936,13.098226,19.517270,13.139369,20.178802,-0.437289127360802,1.52548497615007
0.6472768,13.011319,19.536885,13.070406,20.324601,-0.910143038605687,2.07754069332298
0.6775792,12.924412,19.536885,13.011295,20.382920,-1.1969486030009,2.46298586997596
0.7097424,12.885786,19.566308,12.922627,20.305161,-0.686894386615377,2.66476005066
0.7660272,12.827848,19.625153,12.912776,20.392640,-0.936429545065489,3.00680142870761
0.7985296,12.769910,19.880150,12.853664,20.489839,-0.404904625954675,3.72920284445044
0.8335456,12.740941,19.929188,12.764997,20.509279,-0.113434816326329,4.06993272181803
0.871312,12.634721,19.889958,12.745293,20.548159,-0.658755104008424,4.33695630139624
0.8997792,12.663691,19.919381,12.774849,20.528719,-0.497493888802735,4.22584818532486
0.9310256,12.750598,19.850728,12.755145,20.450959,-0.119645582832548,3.88705517409427
0.9760256,12.711972,19.831112,12.735441,20.421800,-0.153788790008362,3.94541747181813
1.0025536,12.885786,19.791882,12.804405,20.431520,0.0363706260715235,3.39136464744955
1.0338592,12.972693,19.664384,12.932479,20.344041,-0.230296644997743,2.64773207993116
1.0672928,13.020975,19.723229,12.902924,20.285721,0.410634867663817,2.60914142737926
1.104816,13.049944,19.683999,12.922627,20.207962,0.566222868875317,2.34766895604129
1.134784,13.262384,19.546693,13.021147,20.062163,0.968981362925874,1.30969964049783
1.1660544,13.272040,19.478040,13.139369,19.964964,0.705389794397443,0.814517248052997
1.206032,13.339635,19.399579,13.228037,19.799726,0.920137317102537,0.151220565343436
1.238536,13.397573,19.262273,13.287148,19.731687,0.686664879258952,-0.378932165659549
1.2672784,13.484480,19.301503,13.375815,19.653927,1.06817472100937,-0.79427057494291
1.298528,13.455511,19.321118,13.405371,19.673367,0.876833261078089,-0.74029038333698
1.3385264,13.378260,19.330926,13.533446,19.692807,0.172222190712504,-0.803102900475171
1.3884832,13.291353,19.223043,13.641817,19.595608,-0.510688269014884,-1.13740661694589
1.4198368,13.301009,19.213235,13.671373,19.527569,-0.385797358635819,-1.32836643179832
1.4697536,13.301009,19.213235,13.769892,19.498409,-0.611690800018132,-1.57115767654556
1.5026128,13.368604,19.242658,13.858559,19.498409,-0.577301871922746,-1.84713110300853
1.5310272,13.281696,19.330926,13.829003,19.527569,-0.571499497305006,-1.44324046590451
1.5822688,13.349291,19.223043,13.917670,19.381770,-0.519754510424426,-2.12267894740325
1.6136592,13.310666,19.213235,13.966930,19.372050,-0.809254752904846,-2.17223535296796
1.6535328,13.301009,19.242658,13.957078,19.440089,-0.932233096709748,-1.99315217486955
1.7060256,13.272040,19.242658,13.868411,19.478969,-0.867149835184886,-1.69862238571935
1.7360688,13.204446,19.183812,13.947226,19.459529,-1.48136942871309,-1.83327310162456
1.76604,13.262384,19.193620,13.927522,19.449809,-1.159866681521,-1.91091977593704
1.8161184,13.272040,19.252465,13.888115,19.459529,-0.835364784753954,-1.75245701076932
1.847256,13.185133,19.291696,13.858559,19.498409,-1.02439238074151,-1.40388163682393
1.87724,13.185133,19.340734,13.868411,19.595608,-1.20787572853846,-1.21638365572495
1.9284912,13.175477,19.360349,13.779744,19.469249,-0.477038017132309,-1.16698433133603
1.958488,13.204446,19.458425,13.750188,19.634487,-0.496016145275443,-0.793337521689509
1.9910016,13.281696,19.360349,13.720632,19.585888,-0.311360051192375,-1.09788511046699
2.0435584,13.194789,19.311311,13.631965,19.624768,-0.601162498178792,-0.752824725645556
2.0722816,13.185133,19.281888,13.592557,19.663647,-0.729643393238981,-0.638667314963957
2.1022864,13.233415,19.301503,13.543298,19.692807,-0.438093373368484,-0.567769549979332
2.1335376,13.185133,19.409387,13.494038,19.848325,-0.585484018880746,0.00300584087856137
2.1735088,13.107882,19.370156,13.434927,19.926085,-1.0334798684176,0.338144422057333
2.20352,13.107882,19.468232,13.297000,20.023284,-0.574919756077109,0.895361345399966
2.2347584,13.098226,19.468232,13.356111,19.994124,-0.704257713888325,0.752429825951054
2.274768,13.011319,19.527078,13.267444,20.052443,-0.699025473433589,1.27911055450465
2.3060048,13.040288,19.595731,13.178777,20.139923,-0.370919555285218,1.61850117812033
2.3373184,13.107882,19.517270,13.149221,20.081603,-0.12111438148193,1.35091039864734
2.3685344,13.117539,19.468232,13.159073,20.033004,-0.125565891943864,1.17531646266121
2.408488,13.175477,19.546693,13.099962,19.955244,0.773860031036183,1.17873015029237
2.4385824,13.291353,19.340734,13.198481,19.984404,0.0581532635788056,0.488036259007025
2.4697712,13.368604,19.379964,13.218185,19.858045,0.792325607044072,0.165909598094057
2.5097568,13.416885,19.409387,13.306852,19.858045,0.759076660078102,-0.0750807065116241
2.5397856,13.542418,19.399579,13.306852,19.906645,0.981510123791063,-0.278377661964726
2.5710496,13.590699,19.242658,13.356111,19.683087,1.19349105373789,-1.01344518745148
2.6023232,13.619668,19.174005,13.385667,19.488689,1.60401679001663,-1.50713492611644
2.6597744,13.648638,19.232850,13.326556,19.508129,2.02421100883521,-1.33386737293995
2.6935328,13.629325,19.232850,13.405371,19.556728,1.54136223323866,-1.38627004534098
2.728624,13.648638,19.252465,13.346260,19.566448,1.83184397377638,-1.26328251189805
2.76384,13.552074,19.272081,13.287148,19.566448,1.77296764337298,-0.916594094163212
2.7947664,13.658294,19.281888,13.287148,19.566448,2.15493661991594,-1.1203759964912
2.8247952,13.706576,19.291696,13.375815,19.566448,2.05390727999663,-1.3860822940493
2.8660432,13.677607,19.291696,13.336408,19.547008,2.15238197708285,-1.27421759399052
2.896064,13.677607,19.262273,13.415223,19.478969,2.02026575498081,-1.57366610843659
2.9259968,13.687263,19.183812,13.375815,19.449809,2.01979917817542,-1.66661123580086
2.9597408,13.725888,19.301503,13.405371,19.410930,2.56410465845736,-1.69302886486271
3.00724,13.716232,19.213235,13.444779,19.469249,1.92078469427582,-1.79633212048766
3.038544,13.667950,19.252465,13.464482,19.517849,1.66661756540982,-1.61290241644625
3.0723424,13.687263,19.281888,13.434927,19.556728,1.79615517586868,-1.49487238140027
3.11976,13.619668,19.262273,13.356111,19.566448,1.73638320190577,-1.21027573031779
3.1498032,13.619668,19.232850,13.434927,19.615048,1.22134607093703,-1.34397272610008
3.1810208,13.610012,19.223043,13.336408,19.634487,1.41651377562413,-1.10933035094461
3.2210208,13.619668,19.311311,13.375815,19.663647,1.51400189126274,-1.04327165232258
3.2522976,13.600356,19.252465,13.365963,19.644207,1.35279094317771,-1.09452087792809
3.293496,13.638981,19.262273,13.336408,19.663647,1.54543733038619,-1.07162266406897
3.3335408,13.687263,19.272081,13.395519,19.653927,1.5744932507529,-1.29060488036819
3.3638144,13.600356,19.183812,13.365963,19.702527,0.935269705894858,-1.10916939853534
3.3947952,13.629325,19.242658,13.316704,19.605328,1.70532920623839,-1.12207417366817
3.4303744,13.648638,19.174005,13.287148,19.624768,1.57599265935077,-1.17100546090963
3.4760352,13.658294,19.262273,13.415223,19.653927,1.38254442321534,-1.28563016254456
3.5072752,13.648638,19.311311,13.316704,19.634487,1.89878345927444,-1.02294657699368
3.5372992,13.658294,19.291696,13.365963,19.615048,1.76815253202464,-1.19858814396587
3.588536,13.600356,19.183812,13.356111,19.624768,1.2224422960477,-1.19939304525595
3.6197872,13.667950,19.154390,13.415223,19.615048,1.18641637306069,-1.51381812868467
3.6711104,13.619668,19.164197,13.336408,19.624768,1.28613436053793,-1.226475082488
3.712288,13.677607,19.213235,13.365963,19.595608,1.63748438249717,-1.37698173728761
3.7422464,13.774170,19.183812,13.434927,19.547008,1.79137503012936,-1.82506890417385
3.7734976,13.687263,19.154390,13.444779,19.547008,1.37628631176204,-1.71036938689766
3.8235024,13.764514,19.056314,13.464482,19.440089,1.59416426837123,-2.20116507612553
3.856048,13.890046,19.036699,13.572853,19.352610,1.87423062463,-2.82911671450934
3.8835552,13.899702,19.007276,13.563002,19.381770,1.74576691121981,-2.82910175633831
3.9322688,13.793483,18.997468,13.523594,19.410930,1.39709030664082,-2.50660581669288
3.97728,13.899702,18.958238,13.681225,19.381770,1.19657312350761,-3.13820515139852
4.0072512,14.005922,18.977853,13.641817,19.352610,1.8350667338064,-3.28628727905413
4.047256,13.996266,18.977853,13.710780,19.304011,1.73658053182955,-3.47569769288654
4.0772464,14.054204,19.007276,13.631965,19.167932,2.72989612008116,-3.58879755726037
4.1084896,14.054204,18.850355,13.651669,19.080453,2.43879552047141,-3.9853499839517
4.1397968,14.015579,18.801317,13.691076,19.061013,2.08399931865331,-4.08743226685824
4.1784992,14.092829,18.879778,13.750188,19.061013,2.4012188687606,-4.24543304762521
4.209808,14.121798,18.899393,13.878263,19.080453,2.07501937671884,-4.50130267113765
4.2398192,14.218362,18.820932,13.897967,19.051293,2.16540912073401,-4.89034413467084
4.2810144,14.160424,18.791509,13.848707,18.963814,2.32897032009252,-4.84973419116533
4.3123984,14.170080,18.869970,13.907818,18.983254,2.3592212600731,-4.8420698159236
4.3423328,14.170080,18.771894,13.907818,19.022133,1.90953223858853,-4.9293271747661
4.3748128,14.034891,18.722856,13.957078,19.031853,1.10874379015081,-4.81647399394367
4.4135712,14.112142,18.565935,13.976782,19.022133,0.812396059467246,-5.25605354890073
4.4447648,14.179736,18.595358,13.996486,18.983254,1.19621721388505,-5.44331817833187
4.476016,14.189393,18.585550,14.065449,19.002694,0.90594275074743,-5.58461124919584
4.5160272,14.170080,18.507090,14.045745,18.973534,0.742610737211615,-5.66758713270711
4.5485472,14.247331,18.516897,14.095005,19.041573,0.646759290311836,-5.80162238045234
4.5985952,14.276300,18.516897,14.232931,19.012414,0.387701786727102,-6.17331767703345
4.6397536,14.218362,18.546320,14.173820,19.061013,0.327768240816128,-5.82716547412706
4.6710672,14.199049,18.497282,14.173820,19.041573,0.165057061980002,-5.89099985345044
4.7009424,14.150767,18.359976,14.173820,18.973534,-0.229131415319663,-6.10246528830894
4.7348128,14.170080,18.252093,14.311747,19.002694,-1.06861714484816,-6.53035354295928
4.7722624,14.131455,18.173632,14.361006,19.119333,-1.9977390374197,-6.49391096137452
4.8010368,14.112142,18.134402,14.439822,19.148492,-2.5424345802401,-6.62583505245433
4.8322848,14.208705,18.124594,14.489081,19.138772,-2.37901138824363,-6.94055597271226
4.8835584,14.160424,18.065749,14.558045,19.197092,-3.1468669938133,-6.98171999900506
4.9140576,14.247331,18.075556,14.666416,19.342890,-3.6342418541481,-7.12799258242862
4.9447632,14.334238,18.075556,14.715675,19.391490,-3.65459912566411,-7.31866969494134
4.9947408,14.266643,18.114787,14.735379,19.498409,-4.15015879127733,-7.00788346635387
5.0260176,14.237674,18.154017,14.636860,19.624768,-4.20381471197636,-6.51504488541448
5.0560528,14.102486,18.212862,14.627008,19.770566,-4.88732195178261,-5.93110489491812
5.0909904,14.005922,18.242285,14.528489,19.858045,-5.07752459485917,-5.37880271230987
5.1272704,13.880390,18.389399,14.469377,20.198242,-5.88544101505179,-4.3084075405047
5.1585584,13.803139,18.507090,14.449674,20.373200,-6.23310246263875,-3.69764019205677
5.1923328,13.716232,18.624781,14.439822,20.557878,-6.67147000658985,-3.07704597181478
5.2472784,13.581043,18.683626,14.193524,20.528719,-6.07279626271974,-2.27926595321338
5.2847488,13.503792,18.683626,14.035893,20.460679,-5.6270115560779,-1.9056175834367
5.314784,13.484480,18.703241,13.888115,20.198242,-4.33232540430072,-1.91317944007788
5.3535424,13.397573,18.595358,13.760040,19.926085,-3.71131159916615,-2.02001252753957
5.3860352,13.349291,18.634588,13.503890,19.683087,-2.12671784722563,-1.6901167144013
5.41484,13.339635,18.301130,13.444779,19.177652,-1.43717125050647,-2.77303495834343
5.4485392,13.339635,18.173632,13.375815,18.681937,0.0156969515519563,-3.56039081222191
5.4860416,13.445854,18.026518,13.415223,18.089023,1.76044660420669,-4.99197194326604
5.5172912,13.552074,18.026518,13.395519,18.020983,2.42708578345283,-5.27657871002699
5.5476112,13.581043,18.046133,13.434927,17.797426,3.2298679039758,-5.73493295160263
5.5985104,13.832108,18.036326,13.523594,17.457229,4.92761772298742,-6.98340425273821
5.6298208,13.861077,18.144209,13.710780,17.466949,4.70568857145257,-7.23919344807965
5.6597408,13.967297,17.997096,13.878263,17.389190,4.25627785668915,-8.14927038414703
5.7009968,14.150767,18.085364,14.114709,17.554428,3.7908989246737,-8.58939001863268
5.7313872,14.150767,18.261900,14.341302,17.777986,2.85428515441051,-8.41064192245145
5.7610672,14.372863,18.575743,14.538341,17.933504,3.44779398753033,-8.50420723625219
5.7947728,14.546677,19.046506,14.774787,18.468099,3.00472915984119,-7.76960071941796
5.8397744,14.817055,19.880150,15.247678,19.119333,2.90510091117745,-6.99632721137503
5.8735072,15.106745,20.115532,15.484124,19.109613,3.81912872014791,-7.6457713789827
5.9035328,15.473686,20.272453,15.700866,18.944374,5.25601190098551,-8.71976471230045
5.9547888,15.859940,19.487847,16.321536,18.555578,3.32108065869684,-12.22833345797
5.9847824,16.178599,19.154390,16.349282,18.011263,4.89087416220103,-14.1582064817617
6.0172864,16.313788,18.654203,16.456649,17.243391,5.86768070542198,-16.5527768020647
6.0673024,15.975816,17.702868,15.779681,16.378319,6.87069626441607,-17.7172959003488
6.0976288,13.455511,16.718605,12.646774,14.720176,12.4320671809252,-11.1717290679714
6.1273008,11.244208,13.762720,11.474397,11.849851,9.40760286313061,-14.9182879461969
6.1672992,10.056478,11.193679,10.193648,9.682463,9.10337113268785,-20.0090758445528
6.1997856,9.216376,9.388407,9.937499,8.110619,5.1581084466296,-26.8913695274114
6.2298144,9.312939,9.685979,10.843874,8.676873,-1.06292522731978,-27.0536386222556
6.2610512,10.442732,13.633772,12.390624,12.718759,-2.67637495387563,-13.5878360715691
6.3110752,10.886923,15.399368,12.705885,16.737956,-10.3964079420472,-4.26594110571207
6.3422928,11.379397,16.418076,12.735441,20.023284,-15.8674075086045,1.46091687058048
6.3723504,12.470564,21.351287,13.700928,24.737437,-11.9615970581556,9.67769297019215
6.42352,13.590699,23.969910,14.154116,26.671698,-7.14834085637572,11.5552099681799
6.4535616,15.686126,23.469723,15.149159,26.380101,-4.49848594840791,5.12128317382138
6.4947856,16.439321,23.607029,15.651607,26.564779,-3.84110617065299,3.31218998998715
6.5461632,19.384128,23.714913,19.199384,27.186853,-6.08299762589019,-6.05149029087294
6.5760064,22.976555,24.166061,24.235865,27.177133,-7.51085446874598,-16.9662638791653
6.607328,28.624541,26.980836,29.116176,27.818647,-0.687513519532731,-24.7237472535249
6.6485072,31.438928,32.973265,30.385057,31.599690,6.02788959313668,-19.2650090498251
6.6773152,34.090024,39.250114,31.185428,37.762110,8.55364731832217,-12.34093283412
6.7072976,39.603534,37.729940,35.372735,37.023397,9.00911779256469,-21.9140959411177
6.7397824,48.315648,28.363704,42.361341,27.293772,12.2622922520573,-49.025866312245
6.7797952,49.967780,13.117980,44.879581,10.287770,16.3671893985575,-90.6164922139284
6.8097344,18.317927,3.020359,16.603058,2.584756,13.3583461264264,-104.209960107744
6.8410624,5.846312,0.709214,5.415472,0.690733,9.55286455568553,-110.535495404111
6.8810048,0.293915,0.203341,0.272775,0.163530,0,0
6.9136192,0.129757,0.114069,0.144700,0.114715,0,0
6.9435552,0.129757,0.114069,0.134848,-0.012204,0,0
6.974832,0.100788,0.034717,0.075737,0.046374,0,0
7.016,0.081475,0.044636,0.085588,0.046374,0,0
7.0448272,0.052506,0.054555,0.046181,0.104952,0,0
7.0759904,0.042850,0.014879,0.065885,0.026848,0,0
7.11736,-0.005432,0.014879,0.026477,0.056137,0,0
7.1686784,0.091132,0.064474,0.046181,0.075663,0,0
7.1985664,0.042850,0.004960,0.046181,0.075663,0,0
7.2485472,25.723704,11.570604,28.442693,8.862371,1.83880498411623,-73.29453044074
7.2798048,42.590819,20.939369,50.911646,18.584738,-7.83993223957761,-68.0022844327204
7.311072,49.977385,38.749928,50.950688,37.820429,1.81658947927918,-37.3883293894803
7.3523488,36.299270,33.081149,34.757816,36.343004,-0.781344584441822,-23.0694811731976
7.3813792,28.816649,23.410878,31.546571,26.856377,-10.2150650422702,-32.1478249005252
7.41104,27.289388,21.567054,30.658354,25.427551,-13.0446366248679,-33.6428731832611
7.4447744,23.504853,18.448244,27.876577,23.250292,-19.4677805633346,-33.6035181659909
7.4922928,19.134388,20.027264,23.328127,24.747157,-20.2513620219833,-18.7231944505328
7.5235856,16.082036,20.498028,19.794782,25.252592,-20.5877812654949,-7.95471572088455
7.5536016,13.938328,18.203055,18.486858,23.648808,-27.2609504701692,-7.27635087473144
7.60736,11.784963,18.556127,16.505452,24.348641,-30.0993486560317,1.65660740615291
7.6348256,11.611149,19.174005,16.378564,25.301192,-30.6792699538407,4.19019279892495
7.6650784,11.533898,19.154390,16.518575,26.127384,-33.4318458045419,5.03903529188137
7.7072848,10.230292,20.331299,14.439822,27.507610,-32.1262270111567,14.6820383502649
7.7373136,11.051081,19.889958,15.090048,26.039905,-28.7372985069621,9.55693693400403
7.7772976,12.190530,16.888839,16.515212,21.704827,-27.5352195267269,-4.99498161438655
7.8110848,12.258124,14.992686,16.515212,16.592157,-19.1369970838106,-16.4341994891302
7.8485952,11.891183,12.919598,16.193462,12.767574,-14.8400354998979,-26.8271702516522
7.8798544,11.360084,11.709471,14.292043,10.561134,-6.18782972805556,-29.7884256655132
7.9097408,10.655171,12.750974,12.538403,10.102273,5.46905529670412,-22.5869239653392
7.9610128,11.273177,15.250582,12.035956,10.961417,17.2869230584841,-15.0618252318359
7.9922768,12.528502,18.507090,12.843812,14.222262,16.6613407755496,-7.30927973690253
8.0223008,12.924412,21.321864,13.543298,17.389190,12.8772119541516,-0.330312967247632
8.0848416,13.590699,22.851846,13.917670,20.567598,7.84440899767285,3.82899776103717
8.113592,13.301009,21.076675,12.971887,19.634487,7.59508973220798,2.82808666729906
8.1447952,12.963037,20.184185,11.907881,18.283421,11.9737731835918,2.72767112152299
8.1848496,13.542418,20.086109,12.597514,18.244541,11.2273271233515,-0.188144426372901
8.216072,13.523105,20.802063,12.833960,19.002694,10.013132179343,1.42665623958989
8.2473504,14.054204,20.890331,13.287148,19.274851,9.5110413640182,-0.0884346065960493
8.27992,14.218362,20.527450,13.641817,18.808296,9.26658324758962,-2.27570087999281
8.31732,14.440458,19.536885,13.691076,17.418349,11.4096546182731,-6.28957964067303
8.3486624,14.701179,19.742844,13.888115,17.408629,12.2347587769709,-6.89682410761692
8.3785392,15.222621,19.232850,14.075301,16.903194,13.3742184716414,-9.83088689651472
8.434792,15.338498,19.095544,14.026041,16.912914,13.4449228095639,-10.1584342465183
8.4698128,15.232278,19.654576,13.937374,17.223951,14.0819668836724,-8.43874487983489
8.5010832,14.971557,19.507462,13.897967,17.223951,12.9493183899787,-8.08212531753569
8.55108,14.614272,19.556500,14.026041,17.389190,10.9660859094852,-7.30815766442579
8.58232,14.392176,19.664384,14.006338,17.943224,8.78096968516574,-5.83921970901597
8.6122976,14.276300,19.860535,14.055597,18.361180,7.46539570889245,-4.80404500100888
8.6535712,14.363207,19.938996,14.183672,18.322300,7.69092152527003,-5.16789391627984
8.6835424,14.285956,19.860535,14.016189,18.157062,8.31163671462988,-5.04403362535792
8.7153056,14.150767,20.007649,13.858559,18.176502,8.8149096288985,-4.22103433802841
8.7460464,14.015579,19.988034,13.651669,18.254261,8.76049678521526,-3.45330171972722
8.7848192,13.822452,20.125340,13.494038,18.312580,8.91994757865379,-2.46287110172915
8.8160848,13.803139,20.203800,13.425075,18.332020,9.27667031415624,-2.14296149158125
8.8460368,13.754857,20.282261,13.375815,18.361180,9.44103123606089,-1.79037813083507
8.8885872,13.706576,20.252838,13.336408,18.293141,9.56057941361604,-1.75103584170943
8.9173456,13.581043,20.527450,13.356111,18.438939,9.46991922143683,-0.936182174218779
8.9486672,13.513449,20.605911,13.178777,18.468099,10.0093431497712,-0.281625357819738
8.98232,13.552074,20.664756,13.218185,18.506979,10.0506323397831,-0.304787444452135
9.0198176,13.407229,20.537258,12.942331,18.468099,10.2645407430805,0.331418925412734
9.0711088,13.339635,20.419567,13.139369,18.565298,8.66470807544755,0.0335772896198137
9.1060784,13.233415,20.498028,12.981739,18.934654,7.85586963000765,1.20838617671298
9.1423248,13.262384,20.419567,13.080258,18.983254,7.19954310415586,0.901465831535415
9.1760208,13.233415,20.311684,13.228037,19.090173,5.90293909777729,0.653635270540448
9.2048336,13.136851,20.213608,13.119666,19.274851,5.01796400003007,1.19946561579994
9.2460352,13.059601,20.076302,13.257592,19.488689,3.1503798896739,1.17911856878627
9.2797856,12.905099,19.831112,13.316704,19.751126,0.778969847852975,1.40147608728932
9.3073072,12.914755,19.693806,13.336408,19.964964,-0.405713731518258,1.44587927194306
9.3385648,12.798879,19.615346,13.375815,20.110763,-1.65291894738314,1.69785908988249
9.3810368,12.721629,19.340734,13.494038,20.334321,-3.9325929351557,1.54222754636756
9.4086096,12.702316,19.321118,13.434927,20.480119,-4.34082963837166,1.87910385404057
9.4385488,12.518845,19.193620,13.405371,20.693957,-5.98200532113283,2.44314359773074
9.481032,12.431938,19.301503,13.336408,20.839756,-6.15383829420406,3.11562760784522
9.5097888,12.345031,19.340734,13.218185,20.936955,-6.24985153230926,3.73295912131225
9.5410896,12.306406,19.448617,13.119666,21.111913,-6.25548434582591,4.40228352186186
9.5723424,12.171217,19.517270,12.962035,21.257712,-6.44484072722237,5.31078829722745
9.622304,12.055341,19.615346,12.705885,21.354911,-6.00229216249513,6.3674249206594
9.6523232,11.968434,19.948803,12.410328,21.500709,-4.68731118793605,7.81839953319833
9.6998896,11.804276,20.193993,12.183734,21.597908,-3.99956023208035,9.11070500528685
9.744832,11.755994,20.301876,12.055659,21.578468,-3.32482569591129,9.61152355574457
9.774832,11.746338,20.350914,11.898029,21.607628,-2.77794084336036,10.0806903667334
9.8085264,11.707713,20.566681,11.917733,21.675667,-2.46540761273248,10.4766499069164
9.84612,11.688400,20.674564,11.809362,21.656228,-1.75634649892933,10.8701396775528
9.8760736,11.717369,20.733410,11.750250,21.646508,-1.24026542260387,10.9979717252524
9.9072976,11.669087,20.733410,11.671435,21.675667,-1.24037453193482,11.3176688883145
9.9473584,11.640118,20.802063,11.641879,21.763147,-1.29573350178287,11.6402914060515
9.978544,11.504929,20.792255,11.641879,21.840906,-2.03211948647473,12.0264682617144
10.0085136,11.466304,20.723602,11.602471,21.976985,-2.70411086084654,12.2840426834034
10.0423472,11.398710,20.762832,11.602471,22.045024,-3.01850328126822,12.5664418264324
10.0923424,11.244208,20.713794,11.622175,22.229702,-4.360412131484,13.0344721250906
10.1223344,11.186270,20.723602,11.563064,22.278302,-4.4898360444448,13.3696988152004
10.1523376,11.060738,20.880523,11.484249,22.492139,-4.81415552148893,14.275659585532
10.2035424,10.925549,20.949176,11.366026,22.686538,-5.28182964498874,15.1634490840436
10.2335728,10.742078,20.919753,11.188691,22.803176,-5.81352051315345,16.0951857687502
10.2654016,10.597233,21.066867,11.011357,23.017014,-5.92181259786045,17.2583301304219
10.30732,10.394450,21.213981,10.745355,23.269732,-6.06983477752691,18.808256108407
10.3560816,10.268917,21.478785,10.577873,23.619648,-6.17280310836193,20.1796349277507
10.3873184,10.201323,21.557246,10.311871,23.697408,-5.53905276363245,21.141736054149
10.4273824,10.162698,21.645514,10.242908,23.775167,-5.39813122793448,21.5775199624183
10.4572784,10.056478,21.723975,10.183796,23.784887,-5.33542819007014,22.067908981407
10.488568,10.095103,21.665129,10.154241,23.814046,-5.40298576788432,22.0144333222629
10.5273056,10.133729,21.753397,10.134537,23.784887,-4.8161304410322,22.0321642212816
10.5597728,10.066134,21.773013,10.045870,23.804327,-4.75803030317776,22.4492331897181
10.5910272,10.143385,21.871088,10.006462,23.775167,-3.94475071324145,22.4313635162318
10.6211088,10.162698,21.920126,9.996610,23.707128,-3.46432013881301,22.3884485581435
10.6635776,10.172354,21.920126,9.957202,23.600209,-2.96102517018105,22.34632403556
10.692344,10.210979,21.969164,9.996610,23.551609,-2.63623028304552,22.159104292975
10.7323008,10.268917,21.929934,9.996610,23.580769,-2.6673531823495,22.0092852178544
10.7760368,10.278574,21.920126,10.154241,23.551609,-3.08104915779597,21.5673213522517
10.8060864,10.365481,21.861281,10.173944,23.571049,-3.11237340382545,21.2708814499094
10.8348256,10.346168,21.733782,10.164093,23.376651,-2.94952264128995,20.9924560964528
10.865368,10.413763,21.616091,10.173944,23.337771,-3.02493645566556,20.63701139974
10.9173136,10.375137,21.665129,10.104981,23.240572,-2.45193632583317,20.8415762305301
10.9498688,10.326855,21.704360,10.154241,23.279452,-2.76813545142853,20.9244455419601
10.9997968,10.384794,21.900511,10.193648,23.473850,-2.66723922097312,21.1156024815951
11.0385712,10.433075,21.851473,10.233056,23.454410,-2.73392776376294,20.8332637509159
11.0698352,10.413763,21.812243,10.272464,23.503010,-3.21259063859834,20.7957305227726
11.0998592,10.413763,21.733782,10.173944,23.541889,-3.28511475828584,20.9869404993424
11.1510288,10.278574,21.665129,10.193648,23.532169,-4.00527594329781,21.1775094928887
11.1810864,10.249605,21.782820,10.124685,23.687688,-3.98251160135349,21.7058268289082
11.2135584,10.104760,21.822051,10.026166,23.950125,-4.86278439898023,22.6101901673
11.2523136,10.046822,21.822051,9.996610,24.027884,-5.21251899262196,22.9026417106244
11.2836016,9.988883,21.665129,10.026166,24.018164,-6.00694926632978,22.7952677632232
11.326128,9.930945,21.655322,10.026166,24.115364,-6.54672881141804,23.0273723380702
11.3647936,9.930945,21.714167,9.967054,24.232002,-6.52751918208665,23.3544127465769
11.3947952,9.921289,21.635707,9.996610,24.232002,-6.92225455977685,23.2241106820816
11.4310192,9.882664,21.674937,10.036018,24.251442,-7.10581856578492,23.2837314300027
11.4723312,9.901976,21.684744,9.937499,24.251442,-6.69516500353042,23.4855156790392
11.5060704,9.930945,21.537631,9.957202,24.173683,-6.91648539199095,23.131630032304
11.5360688,9.892320,21.547438,9.986758,24.086204,-6.83193366353554,23.0716718822817
11.5662656,9.950258,21.547438,10.006462,24.086204,-6.69542963646504,22.8836751265849
11.6098624,9.998540,21.567054,10.055722,24.047324,-6.49559463291155,22.6277052503227
11.659944,10.085447,21.586669,10.144389,23.979285,-6.19679401545052,22.1538491338784
11.6885664,10.056478,21.567054,10.223204,23.872366,-6.27367664968645,21.8991149582751
11.741024,10.143385,21.518016,10.272464,23.823766,-6.14639777478492,21.4682111886789
11.7698288,10.104760,21.527823,10.321723,23.804327,-6.33933054071971,21.4324186637434
11.7998352,10.056478,21.429747,10.321723,23.823766,-6.90212286253485,21.4631890462872
11.8611024,10.143385,21.390517,10.370983,23.784887,-6.77144727320246,21.0531401735828
11.8923168,10.046822,21.439555,10.370983,23.843206,-7.11881357380823,21.3999410485363
11.9222688,10.075791,21.508208,10.430094,23.862646,-7.03209981124075,21.2845821613961
11.9860368,9.979227,21.586669,10.252760,24.095924,-7.27019781904801,22.272744164665
12.0148448,10.008196,21.645514,10.242908,24.095924,-6.93898811306951,22.2893724637649
12.0492016,9.930945,21.645514,10.164093,24.163963,-7.16912744609366,22.7358389149133
12.0960944,9.776444,21.635707,10.026166,24.300042,-7.72701669219408,23.5743512755149
12.1273296,9.699193,21.704360,9.907943,24.319482,-7.44521984470101,24.1410492699344
12.1573904,9.641255,21.714167,9.779868,24.368081,-7.35976658510303,24.6558185475204
12.1972864,9.486754,21.655322,9.701053,24.397241,-7.94018392260842,25.1986925657618
12.2298112,9.525379,21.890704,9.523718,24.766597,-7.60046600164043,26.1556183952894
12.2785296,9.448128,22.047625,9.435051,24.902676,-7.47609762617757,26.8578357059256
12.3310336,9.515723,22.135893,9.346384,25.019315,-7.03066111368672,27.1127226633476
12.359792,9.380534,22.214354,9.228161,25.077634,-7.03598197048099,27.8741737375711
12.391144,9.351565,22.184931,9.188753,25.106794,-7.20359707685282,28.0438594526444
12.4322864,9.226032,22.292814,9.080382,25.097074,-6.89134211510917,28.7229521992581
12.4636,9.283970,22.273199,9.050827,25.077634,-6.60496385331706,28.6141120776367
12.4948048,9.216376,22.233969,9.040975,25.038754,-6.81701168149394,28.7324992908532
12.5273552,9.206720,22.302622,9.001567,25.213713,-7.0434700633184,29.0907340785275
12.5748384,9.245345,22.361467,8.912900,25.320632,-6.76731079283466,29.3750451867403
12.6061248,9.255001,22.351660,8.912900,25.262312,-6.58354613096754,29.2856844586096
12.6398336,9.283970,22.302622,8.922752,25.223433,-6.56035296769413,29.1039975882327
12.6898064,9.283970,22.194738,9.090234,25.135954,-7.18302351337383,28.4960265793926
12.7186048,9.303283,22.292814,9.159198,25.262312,-7.39571918404066,28.4931692247519
12.7599296,9.341908,22.224161,9.178902,25.155393,-7.22432793911626,28.1779244426702
12.8085568,9.322596,22.057432,9.208457,25.116514,-7.8336587627432,27.9518536563622
12.839872,9.322596,21.988779,9.238013,25.038754,-7.91844941624593,27.7345426612456
12.8736048,9.380534,21.900511,9.297124,25.029035,-8.17868247220399,27.3465147474389
12.9273136,9.390190,21.890704,9.336532,24.931836,-7.99718768846151,27.1184787036255
12.9648496,9.564004,21.831858,9.513867,24.844356,-7.88376344010266,26.1037855405533
12.9948288,9.631599,21.723975,9.612386,24.824917,-8.27080944935375,25.5671343468813
13.0423072,9.679880,21.645514,9.750312,24.737437,-8.53291659509932,24.9425807053507
13.0736496,9.757131,21.586669,9.740460,24.688838,-8.28626739486263,24.6679613922947
13.1036416,9.766788,21.459170,9.878387,24.679118,-9.09443919914776,24.1670996692852
13.1450944,9.776444,21.400325,9.986758,24.552759,-9.20843916203804,23.6880066860523
13.1764176,9.805413,21.302249,10.016314,24.436120,-9.17546872275759,23.3211186613088
13.20612,9.901976,21.243403,10.173944,24.368081,-9.3250311581167,22.5724175708646
13.2386416,9.988883,21.194366,10.213352,24.338921,-9.2258658943187,22.1853087363252
13.2773456,10.075791,21.086482,10.361131,24.241722,-9.4564344269124,21.4032220044505
13.3076976,10.104760,21.106097,10.400538,24.193123,-9.25956810910354,21.2087240961335
13.338904,10.220636,21.037444,10.499058,24.144523,-9.25202101575134,20.5717079218911
13.3798064,10.249605,20.968791,10.508909,24.027884,-9.05585809079841,20.2774225913631
13.4098912,10.239948,20.772640,10.587725,23.959845,-9.80358803164603,19.8227823194432
13.4410944,10.210979,20.772640,10.617280,23.814046,-9.54065678167854,19.6599467776716
13.4723344,10.249605,20.841293,10.774911,23.862646,-9.8121631541415,19.325434313471
13.5261952,10.249605,20.772640,10.863578,23.765447,-10.0241609398516,18.9317598320579
13.5639328,10.317199,20.860908,10.971949,23.794607,-9.91105820250841,18.6495932760346
13.5987264,10.259261,20.949176,10.873430,23.804327,-9.5300577305424,19.1256953856392
13.6336128,10.239948,20.831485,10.873430,23.862646,-10.1862813547949,19.1051676830834
13.66496,10.124072,20.890331,10.765059,23.872366,-10.0776190152767,19.7104844340044
13.6951792,10.172354,20.909946,10.735503,24.008445,-10.1730010055038,19.8378468024918
13.7360768,10.124072,20.870716,10.705948,24.047324,-10.5061910035226,20.0216503369492
13.7665216,10.133729,20.919753,10.646836,24.027884,-10.0578614593821,20.171379266457
13.8086,10.172354,20.890331,10.607429,24.047324,-9.96371594830689,20.1622851271913
13.8485952,10.075791,20.949176,10.617280,24.095924,-10.2767049101697,20.4857649465215
13.878568,10.085447,20.949176,10.558169,24.173683,-10.3010766424729,20.6881043592353
13.9098928,10.046822,20.978599,10.617280,24.154243,-10.4562577630243,20.6502570646031
13.9436112,10.056478,20.919753,10.597577,24.202843,-10.7170722853405,20.6629926957737
13.9811216,10.046822,20.968791,10.538465,24.173683,-10.3059608440738,20.8482861073521
14.0124144,9.998540,20.900138,10.577873,24.193123,-10.8962503104818,20.815933710528
14.0423712,9.988883,20.900138,10.587725,24.173683,-10.9002182252456,20.7943132539146
14.0835968,9.959914,20.958984,10.479354,24.309762,-10.8818809989749,21.33349504385
14.114912,9.950258,20.978599,10.587725,24.358361,-11.3327257491938,21.171552473532
14.1460832,9.959914,20.978599,10.508909,24.329201,-10.9652835306715,21.3050246079488
14.2023856,9.930945,20.939369,10.548317,24.261162,-11.1146331256328,21.1641864025133
14.2373456,9.815069,21.066867,10.439946,24.416681,-11.2200214141406,22.0054944013542
14.2686112,9.834382,21.047252,10.439946,24.436120,-11.2812111185222,21.9589767857087
14.3224144,9.718506,21.135520,10.361131,24.543039,-11.4645349009691,22.6345501840283
14.3499104,9.689537,21.243403,10.183796,24.543039,-10.6395936892808,23.2465697216654
14.381072,9.554348,21.380710,10.173944,24.776317,-11.323992602075,23.9847280957641
14.4123824,9.477097,21.498400,9.967054,24.795757,-10.6029726040085,24.817539303382
14.4610656,9.419159,21.635707,9.917795,24.902676,-10.505681916762,25.3288372367072
14.4911296,9.351565,21.753397,9.829128,24.922116,-10.1170037907244,25.8503868084982
14.521112,9.322596,21.782820,9.760164,24.980435,-10.082370119682,26.17921311064
14.5623328,9.264658,21.910319,9.691201,25.038754,-9.80821095002362,26.6773020472672
14.5936224,9.206720,21.880896,9.661645,25.038754,-10.0191942584645,26.8639833619957
14.6248672,9.158438,21.880896,9.592682,25.077634,-10.093331965497,27.1928153104385
14.6598656,9.100500,21.910319,9.504015,25.135954,-10.0980154994864,27.6436278540143
14.6961216,9.032905,22.047625,9.375940,25.233153,-9.75942360627807,28.3609687093233
14.7261472,8.936342,22.106470,9.346384,25.310912,-10.04070258149,28.8088391859298
14.7561552,8.984624,22.018202,9.375940,25.369231,-10.4530597028581,28.5851281263138
14.7973408,8.974967,22.135893,9.287273,25.369231,-9.80190697381862,28.9447426175429
14.8498896,8.859091,22.253584,9.198605,25.534470,-10.0338102005775,29.7283704383957
14.8886144,8.820466,22.292814,9.129642,25.553909,-9.87771605197127,30.0547005206072
14.9360496,8.723903,22.449735,8.962160,25.651108,-9.44955758459684,30.9604291272599
14.9711248,8.694933,22.528196,8.972011,25.689988,-9.43018453354013,31.1179655783876
15.0023872,8.704590,22.439928,8.932604,25.728868,-9.70066819163661,31.1475201595535
